172
8
8
5.59991
4.43741
6.44846
5.75489
9.11894
4.90182
5.24159
7.87652
6.62205
6
8.11894
5.92184
5.89482
5.78136
5.59991
5.43741
7.87652
4.97102
7.93074
3.66297
8.19476
5.32418
5.14684
6.34577
7.94251
3.72403
9.76359
5.60562
4.59096
5.9542
6.61471
5.85175
5.60881
7.72792
7.85175
6.35755
5.60733
6.75489
6.87652
6.00225
4.42321
6.74819
7.82655
5.43962
4.85798
6.32793
6.22239
4.11711
5.46597
8.10329
6.20945
5.21594
1
8.05528
3.92161
9.57354
4.96428
5.22882
6.02237
6.50779
6.13614
8.10329
6.08037
7.48382
6.56224
6.17991
7.90087
6.53138
8.01681
6.49985
8.49586
5.57894
6.22239
6.47032
5.60733
6.75489
7.87652
4.83289
6.16993
5.21594
6.87036
7.05528
3.72403
11.2782
4.91795
5.09276
4.60881
8.2854
6.00225
5.12928
7.87036
7.49185
5.48382
7.5157
4.49476
9.11894
4.83289
6.16993
5.21594
6.87036
8.05528
3.92161
10.4131
5.60288
6.02237
6.85175
5.76553
5.26679
4.47897
6.67948
5
4.40939
8.90087
5.84549
6.14975
5.65105
7.76818
5.93664
6.3159
5.60881
7.90087
5.56768
7.5157
4.82443
5.64386
4.92481
8
5.56478
5.39722
6.85175
8.61839
6.60733
5.94642
6.09452
4.80162
9.13186
4.97102
8.04439
7.62205
7.60733
6.05528
7.56986
6.1964
6.17991
8.90087
4.97102
8.04439
7.62205
7.60733
6.05528
7.56986
6.1964
8.17991
3.38143
10.4131
6.92481
6.73471
4.47897
5.09452
7.90087
4.63227
6.27302
5.85175
7.93074
7.46761
5.16189
8.03342
7.94837
5.83289
6.13614
4.60486
7.99435
5.52356
4.40939
7.90087
7.1472
6.1964
5.39722
6.70736
5.80735
7.79442
5.90689
6.90087
4.53605
7.19476
4.7874
6.03892
8.10329
7.53138
5.59246
6.06609
4.13516
8.19476
5.60562
4.59096
7.9542
7.47573
4.91374
4.93664
4.87213
6.2854
8.17991
3.38143
11.2016
8.61839
6.60733
5.94642
6.09452
5.97154
4.49476
9.11894
4.73001
5.91289
5.93074
6.8009
6.3159
6.10329
3.99435
8.17991
7.46761
5.16189
8.03342
7.94837
6.08037
5.48382
7.5157
4.49476
9.11894
5.56478
5.39722
6.85175
5.56224
6.26679
4.47897
6.67948
5
4.40939
8.90087
4.97102
8.04439
7.62205
7.60733
6.05528
7.56986
6.1964
6.17991
7.90087
6.7211
4.5025
4.94753
7.71425
7.62205
7.99435
3.38143
13.076
4.83289
5.43296
4.76081
5.96578
6.78136
7.76155
7.53138
7.53138
6.58496
6
9.11894
4.73295
4.67499
5.76553
5.61961
5.04439
9.13186
4.91795
8.09276
6.43463
5.16189
8.03342
5.14568
11.3851
4.83289
5.43296
4.76081
5.96578
6.78136
7.76155
7.53138
7.53138
6.58496
6
8.11894
5.60562
4.59096
5.9542
6.61471
5.85175
5.60881
7.72792
7.85175
6.35755
5.60733
6.75489
7.87652
8.61839
7.60733
6.90087
3.45943
8.2854
6.73922
2.92892
9.76359
5.60562
4.74296
7.72792
8.02237
6.81378
7.65105
7.89482
8
6.29972
7.53916
5.187
4.11711
6.7879
6.60733
4.54432
6.09452
4.80162
9.13186
6.81057
6.16993
6.59991
8.0607
4.91488
9.57354
4.96428
5.22882
6.02237
6.50779
6.13614
8.10329
8.61839
7.60733
6.90087
3.45943
8.2854
6.32418
6.59991
6.49185
5.26303
8.03342
5.14568
9.72796
5.75489
5.65105
6.03342
4.35755
7.78136
7.52356
6
9.11894
4.53092
7.74819
5.14684
6.85175
4.91795
5.23522
7.17991
4.10046
7.88874
4.91795
5.09276
7.93074
3.54689
9.72796
6.33985
5.65821
5.97154
5.66107
3.93074
5.10329
7.09276
5.38247
8.19476
6.33985
5.65821
5.97154
5.66107
3.93074
5.10329
7.09276
5.38247
7.19476
4.7874
8.03892
7.45943
11.2016
8.61839
7.60733
6.90087
3.45943
9.2854
4.53825
5.90087
4.62205
8
6.20945
7.10329
5.90087
6.60486
3.83094
10.1786
5.56478
4.88264
6.27302
4.15131
8.10329
7.60733
7.49185
6
9.11894
5.43045
6.85175
4.22239
8.27146
5.84549
5.41278
5.78136
4.87213
5.54844
5.57894
6.22239
6.47032
6.02237
7.55459
4.74819
5.39722
6.85175
4.91795
5.09276
7.93074
3.54689
9.76359
5.60562
4.59096
5.9542
6.61471
5.85175
5.60881
7.72792
7.85175
6.35755
5.60733
6.75489
7.87652
4.94642
4.13516
8.19476
5.59991
5.42626
6.33985
7.9542
3.96963
11.2016
8.61839
7.60733
6.90087
3.45943
9.2854
4.94642
4.13516
6.60979
5.56478
4.88264
6.27302
4.15131
8.10329
7.60733
7.49185
6
9.11894
6.20945
5.10329
7.09276
6.60486
3.92161
10.1374
6.7211
4.5025
5.16993
7.09276
5.37851
4.7211
6.47032
5.60733
6.75489
6.87652
4.56929
6.98299
6.20294
7.67243
6.58496
7.03892
5.72247
5.84298
7.85175
5.43045
5.85175
6.16993
6.74147
5.14975
6.51833
7.87652
4.92527
5.06301
7.69349
7.58496
5.53138
4.80162
8.13186
4.94642
4.13516
8.19476
8.81057
7.53138
7.53138
4.59163
5.187
5.09351
6.34577
7.93074
3.38143
10.1374
7.30606
5.97728
1
5.76553
3.20457
8.90087
4.32418
5.62644
5.63662
6.26679
4.63227
4.53605
7.19476
5.97728
6.06609
6.39803
6.22239
8.05528
5.1964
7.10329
5.84549
6.73471
6.75043
6.22239
4.83007
8.18982
7.46761
7.48382
7.7211
6.00225
5.56071
7.27146
4.92527
6.87036
5.05528
4.92481
4.85244
6.50779
9.13186
4.82528
4.92481
8.02237
7.43463
5.16189
8.03342
4.63227
4.53605
8.19476
6.92481
5.14975
6.51833
7.87652
5.60562
4.59096
7.9542
7.60733
7.53138
6.13614
3.16993
9.13186
4.53092
6.16323
4.8679
5.38082
3.85466
6.09276
2.92892
9.72796
6.92481
5.14975
6.51833
7.87652
5.56478
5.39722
5.38543
6.93074
6.75489
6.05166
5.60288
3.33184
8.90087
5.2384
7.7211
5.76818
5.93074
5.9542
8.0607
7.60733
5.30012
7.18982
3.38143
13.076
4.83289
5.43296
4.76081
5.96578
6.78136
7.76155
7.53138
7.53138
6.58496
6
9.11894
4.97102
8.04439
7.62205
7.60733
6.05528
7.56986
6.1964
6.17991
7.90087
4.92527
5.54844
1
4.37851
7.10329
4.90087
8
5.00225
9.13186
4.82528
4.92481
5.21501
6.79442
4.92481
5.43741
7.87652
4.73295
6.13443
5.93664
6.3159
7.93074
6.62205
7.5157
5.56071
7.76818
2.92892
11.0855
4.94642
4.13516
7.19476
2.04338
5.91089
4.74514
7.82018
7.76155
5.53138
4.40939
8.90087
5.86475
5.35755
6.27302
5.26679
7.94837
6.32418
6.01495
5.59246
5.14296
4.92481
8.02237
4.94642
10.4131
5.60288
6.02237
6.85175
5.76553
5.26679
4.47897
6.67948
5
4.40939
8.90087
6.92481
6.73471
4.47897
5.09452
7.90087
4.63227
6.27302
5.85175
7.93074
7.46761
5.16189
8.03342
7.94837
7.1472
6.1964
5.39722
6.70736
5.80735
7.79442
5.90689
6.90087
4.53605
7.19476
4.73295
4.67499
5.76553
5.61961
5.04439
9.13186
4.97102
7.93074
3.66297
8.19476
5.32418
5.14684
6.34577
4.13516
7.19476
5.56224
6.26679
6.16993
6.74147
5.81378
7.99435
3.38143
10.8536
6.92184
7.49185
6.56224
6.17991
7.3159
8.41785
8
7.53138
5.58496
6.81378
6.64386
5.25873
5.8679
5.26679
5.3634
2.04338
5.91089
4.74514
7.82018
7.76155
5.53138
4.40939
8.90087
4.73295
4.67499
5.76553
5.61961
6.45943
2.92892
11.0855
7.53138
5.59246
6.06609
4.13516
8.19476
5.60562
4.59096
5.9542
6.61471
5.85175
5.60881
7.72792
7.85175
6.35755
5.60733
6.75489
7.87652
4.90182
5.24159
7.87652
6.62205
6
8.11894
6.7211
4.5025
4.94753
7.71425
7.62205
4.40939
8.90087
6.08037
7.48382
6.56224
8.17991
3.38143
7.30345
8.87958
7.45121
6.0607
4.49476
9.11894
5.86475
5.35755
6.27302
5.26679
7.94837
4.73295
4.67499
5.76553
5.61961
6.45943
2.92892
10.562
5.71425
6.7211
5.76155
6.70044
5.36923
5.69349
7.49185
6
9.11894
4.94642
4.13516
8.19476
5.60562
4.59096
5.9542
6.61471
5.85175
5.60881
7.72792
7.85175
6.35755
5.60733
6.75489
7.87652
4.94642
7.94251
3.72403
9.41309
5.84549
5.41278
5.78136
4.87213
5.54844
5.57894
6.22239
6.47032
6.02237
7.55459
4.74819
5.39722
6.85175
4.91795
5.09276
4.60881
9.2854
4.91795
8.09276
6.43463
5.16189
8.03342
4.53916
9.6166
5.43045
6.85175
4.22239
8.27146
4.91795
5.09276
4.60881
9.2854
6.20945
5.21594
1
3.66297
7.19476
5.94642
6
7.7211
4.92527
5.06301
7.69349
7.58496
5.53138
4.80162
9.13186
6.39232
5.23266
5.16419
4.35755
6.10852
7.74819
3.66297
8.19476
5.75489
5.65105
6.03342
4.35755
7.78136
7.52356
6
9.11894
7.53138
5.59246
6.06609
4.13516
8.19476
5.43045
6.85175
4.22239
8.27146
6.20945
7.10329
5.90087
7.18982
3.38143
10.4131
5.75489
4.8437
6.3159
5.98489
5.39722
7.85175
5.00225
9.13186
4.83289
6.16993
5.21594
6.87036
3.66297
8.19476
5.73001
7.62205
6.99435
6.32793
6.22239
7.82655
6.17659
7.05528
3.72403
10.1786
5.56478
4.88264
6.27302
4.15131
8.10329
7.60733
7.49185
6
9.11894
4.7874
6.03892
8.10329
8.40088
7.45121
5.6865
7.9542
6.70736
5.67243
7.99435
3.83094
9.76359
5.60562
4.59096
5.63227
7.7879
5.26303
8.03342
6.3634
6.20945
5.10329
7.09276
6.60486
3.92161
11.3391
6.48864
7.64386
8.19476
6.92184
7.49185
5.24031
7.10329
4.92527
5.97154
4.98299
5.67243
7.99435
3.83094
10.7636
6.29972
7.53916
5.187
4.11711
6.7879
6.60733
4.54432
6.09452
4.80162
9.13186
5.43045
6.85175
4.22239
8.27146
6.20945
7.10329
5.90087
3.33184
8.90087
5.43045
6.85175
7.80735
4.67646
9.76359
5.60562
4.59096
5.9542
6.61471
5.85175
5.60881
7.72792
7.85175
6.35755
5.60733
6.75489
7.87652
4.73295
6.13443
5.93664
6.3159
7.93074
6.62205
7.5157
5.56071
6.18322
8.13186
5.72403
5.9542
7.82018
7.76818
3.96963
10.2687
7.88468
7.45943
6.99435
5.91289
4.2303
7.94837
6.00225
5.12928
7.87036
7.49185
5.16189
8.03342
4.13516
6.60979
4.90182
5.24159
7.87652
6.62205
6
7.53398
7.1472
5.60733
7.75489
7.61471
5.43962
8.17991
3.83094
9.50055
4.56929
3.52356
6.70044
5.56224
6.26679
6.16993
7.74147
5.11548
5.43741
7.87652
7.1472
5.60733
7.75489
7.61471
5.43962
6.17991
8.90087
4.97102
8.04439
7.62205
7.60733
6.05528
7.56986
6.1964
6.17991
7.90087
7.53138
5.59246
6.06609
7.94251
3.92161
9.75411
5.41729
7.60733
5.63227
7.09276
6.20945
5.84298
7.85175
6.20945
6.8009
7.90087
7.65105
5.7318
6.57743
5.36923
5.69349
8.27146
4.97102
7.04439
4.04148
5.76155
5.74147
5.36923
6.85175
4.53092
7.74819
5.14684
7.85175
5.07195
5.3147
7.85798
6.92481
6.73471
4.47897
5.09452
7.90087
4.63227
6.27302
5.85175
7.93074
7.46761
5.16189
8.03342
7.94837
4.83289
4.58496
5.63227
7.09276
5.9542
5.73877
5.0199
6.1964
8.17991
3.38143
11.2016
4.94642
4.35755
7.78136
6.33985
4.49476
7.53398
7.1472
6.1964
5.39722
6.70736
5.80735
7.79442
5.90689
6.90087
4.53605
7.19476
5.71425
6.7211
5.76155
6.70044
5.36923
5.69349
7.49185
6
9.11894
4.91795
8.09276
6.43463
5.16189
8.03342
7.94837
4.02554
5.46597
5.73335
8.06609
6.02237
7.94837
4.96428
6.81378
3.87447
6.3159
4.76081
5.96578
6.1964
7.74147
4.53916
9.6166
5.43045
6.85175
4.22239
8.27146
5.60562
4.59096
5.9542
6.61471
7.85175
6.43463
5.48382
1
5.38247
8.19476
4.83289
6.16993
5.21594
6.87036
3.66297
7.19476
6.29972
7.53916
5.187
4.11711
6.7879
6.60733
4.54432
6.09452
4.80162
7.13186
5.92184
5.89482
5.78136
5.59991
5.43741
7.87652
5.84549
6.14975
5.65105
7.76818
5.93664
6.3159
6.93074
3.83094
9.50055
4.56929
3.52356
6.70044
5.56224
6.26679
6.16993
6.74147
5.81378
4.40939
8.90087
7.46964
7.57743
5.21594
6.2854
6.17991
8.90087
5.11746
5.11548
5.21501
6.79442
7.56986
6.1964
5.05528
4.92481
8.02237
4.94642
11.2016
4.94642
4.35755
7.78136
6.33985
4.49476
9.11894
4.92527
5.54844
1
4.37851
7.10329
4.90087
7
5.81835
5.59991
4.43741
6.44846
6.16993
1.33464
11.3851
4.83289
5.43296
4.76081
5.96578
6.78136
7.76155
7.53138
7.53138
6.58496
6
9.11894
6.48864
7.64386
8.19476
5.60562
4.59096
7.9542
7.47573
4.91374
4.93664
4.87213
6.2854
6.17991
7.90087
4.94642
7.94251
3.72403
10.562
6.39232
5.23266
5.16419
4.35755
6.10852
7.74819
3.66297
8.19476
6.08037
7.48382
6.56224
6.17991
7.90087
4.53825
7.90087
5.60881
6.72792
6.02237
7.99435
3.38143
