43
6
6
6.35755
2.83458
7.72792
3.23704
4.22882
7.32193
4.64386
5.58496
4.43741
5.88264
5.22882
3.22239
5.85798
5.88264
6.35755
2.41954
3.65208
3.96963
4.73697
2.21501
3.23704
5.27716
2.09686
3
6.47573
1.63227
4.88264
2.03562
3.26679
4.58496
4.1964
5.35755
3.43741
4.67243
6.80735
4.89077
2.32193
6
3.65208
7.44708
5.35755
6.20945
5.64386
5.67243
6.19967
2.16993
1.9349
1.52057
1.09077
5.93074
5.52356
4.01792
3.89308
4.70044
1.88982
5.50779
2.54253
3.54432
6.74147
5.52356
5.61471
5.52356
3.90689
3.58496
5.64386
1.64508
5.86212
6.52356
5.72792
5.58496
4.9542
4.83289
6.02237
5.02237
2.32193
6
7.45943
3.05063
4.41181
4.01792
3.89308
6.02237
1.63227
6.88264
2.24207
5.14296
6.02237
5.45943
3.54019
5.80735
6.70044
4.45943
5.58496
5.58496
5.26679
5.22882
3.05063
4.41181
4.01792
3.89308
4.70044
1.88982
5.92283
5.27302
3.90689
7.24793
6.46761
3.77259
3.5325
5.02975
3.61471
2.20511
3.98765
3.61599
6.14975
5.9542
5.9542
6.80735
3.57491
2.21573
7.44708
3.61471
3.55459
3.37504
3.97982
0.866144
7.2384
1.70722
2.38933
7.76818
3.35755
6.08746
3.42146
5.02975
7.36632
3.23266
3.23266
6.18982
4.88264
5.85798
4.43741
5.85798
6.52356
1.64508
3.98765
3.23266
6.18982
4.88264
5.85798
4.43741
5.85798
6.52356
6.19967
1.49304
5.92283
2.61005
5.58496
3.5325
3.29278
6.15987
3.22239
2.89077
4.80735
7.16993
4.45943
4
5.64386
6.43582
4.27302
5.52356
5.55459
6.94251
6
2.20511
3.44708
6.0954
2.9386
7.91289
4.97728
5.02237
6.44294
6
3.73697
3.0163
4.87447
3.36565
6.24793
5.52356
5.52356
5.67243
5.2854
3.30581
5.72247
2.03562
3.26679
6.16993
5.49185
4.52356
2.41504
6.61471
6.70044
6.19967
1.49304
4.50779
3.35755
6.08746
3.42146
5.02975
4.36632
5.26679
4.64386
7.13955
5.97728
6.24793
3.01792
5.57491
5.90207
4.62059
7.19967
4.45943
4
5.64386
8.24317
3.90689
5.58496
5.58496
5.26679
4.22882
1.70722
2.38933
2.12433
6.77347
5.22239
3.5325
5.02975
3.61471
2.20511
3.98765
3.23266
6.18982
4.88264
5.85798
4.43741
5.85798
6.52356
1.64508
4.74664
5.94251
5.55459
6
6.2854
5.02237
4.37504
1.49304
6.50779
3.05063
5.21917
3.08246
3.97982
6.52356
5.58496
5.97728
6.22882
5.61471
5.88264
6.22882
1.89616
5.50779
5.14568
6.22882
6.18982
5.13955
2.24207
6.72792
4.45943
4
5.64386
1.3744
7.88264
3.05063
5.21917
3.08246
3.97982
6.52356
5.58496
5.97728
6.22882
5.61471
5.88264
6.22882
2.03562
3.26679
4.58496
4.1964
5.35755
3.43741
4.67243
6.80735
4.89077
2.32193
6
5.45943
3.35755
6.08746
6.32193
5.97728
5.45943
8.44708
2.80735
4.88264
2.03562
3.68182
5.42626
5.61471
6.12928
5.9542
4.27302
5.65344
2.5325
3.80735
1
1.52057
7.35755
5.85798
1.85798
5.02975
7.36632
7.13955
6.02237
3
5.75489
5.90689
3.05889
5.50779
2.54253
3.54432
6.74147
5.52356
5.61471
5.52356
3.35755
6.08746
6.32193
5.97728
5.45943
8.44708
4.61471
5.75489
4.55459
5.64386
1.3744
5.29768
4.05063
3.07529
5.40599
2.77529
6.52356
6
5.88264
5.22882
1.89812
4.80735
2.12553
7.76818
4.35755
3.66297
2.87774
6.14975
6.37504
2.24207
5.14296
6.02237
6
5.29768
3.15754
2.16046
3.90689
2.60334
6.24793
5.90207
4.43741
1.43558
6.45943
3.15754
2.16046
3.90689
2.60334
6.24793
5.90207
4.43741
1.43558
4.87447
3.36565
6.24793
6
4.50779
3.35755
6.08746
6.32193
5.97728
5.45943
3.33703
7.15987
5.80735
4.65344
5.52356
6.63904
4.03814
5.24793
1.17932
4.56071
1.70722
4.006
2.89077
2.34792
1
5.78136
6.39232
5.88264
4.64386
3.23266
3.48308
0.554374
3.94342
3.61599
6.14975
5.88264
6.61471
6.70044
4.83289
6.02237
5.02237
4.90689
5.61471
3.4021
2.38933
7.76818
2.24207
5.14296
6.02237
6
4.88264
2.03562
3.26679
4.58496
4.1964
5.35755
3.43741
4.67243
6.80735
4.89077
2.32193
6
4.87447
6.52356
3.30581
4.72247
2.34792
4.62449
5.64386
6.26679
3
4.50779
3.35755
6.08746
6.32193
5.97728
5.45943
6.52356
3.30581
4.87447
1.70722
4.006
2.89077
2.34792
1
5.78136
6.39232
5.88264
6.22882
5.52356
5.90207
4.43741
6.36632
1.88982
6.50779
5.94251
5.55459
6
5.43741
4.80735
3.61471
5.02237
2.32193
6
3.65208
5.86212
6.30378
5.45943
4.55459
4.88264
1
0.584963
3.08746
4.18322
3.23266
5.35755
5.04439
4.88264
2.67807
1.70044
4.28951
2.29956
4.37851
6.24793
5.55459
5.22882
7.36632
6.13955
6.52356
3.30581
6.04439
6.02237
6.22882
5.88264
4.42626
5.94251
4.83289
4.24793
3.71049
1.49304
6.50779
3.62059
1
5.04439
5.14568
2.22882
2.95523
5.63973
5.02237
5.58496
5.22239
3.22239
3.0163
2.72247
5.63597
6.39232
5.30378
6.02237
5.02237
6.52356
4.52356
3.61599
6.14975
5.61471
4.43741
2.95936
6.24793
4.45943
5.58496
5.49185
7.44708
1.3278
4.25154
2.29956
3.89308
7.02237
5.58496
6.74147
3.32193
3.55459
2.70308
5.58496
6.74147
6
4
5.64386
3.22239
3.0163
6.45943
2.61005
2.67807
1.70044
4.65208
2.03562
3.26679
7.16993
6.08746
5.45943
5.61471
5.64386
5.13955
1.89812
6.39232
3.078
3.24286
1.9027
4.70044
2.80735
5.29768
2.61005
2.67807
1.70044
5.87447
1.70722
7.91289
1.97728
4.66297
3.78136
1
6.16993
1
4.05477
1.97728
3.44184
2.60204
3.67807
7.12928
5.90689
5.45943
5.80735
5.24793
1.49304
6.50779
3.05063
5.21917
3.08246
3.97982
6.52356
5.58496
5.97728
6.22882
5.61471
5.88264
4.64386
3.23266
6.18982
4.88264
5.85798
4.43741
5.85798
6.52356
1.64508
4.54019
2.29956
6.70044
4.58496
4.36457
6.63904
6.84549
4.06848
2.1803
3.55459
1
5.58496
3.57154
6.53916
5.58496
2.41954
4.28951
1.89616
3.92283
6.80735
3.57491
7.16993
6.02237
5.58496
6.94251
5.9542
2.80735
6.88264
6.52356
3.30581
5.04439
3.09192
4.36923
6.32793
6.24793
5.58496
5.97728
2.20511
2.95523
1.76058
4.53492
2.89077
1
3.92125
8.44708
5.61471
5.83289
5.67243
5.58496
6.74147
2.12338
5.92283
5.27302
3.90689
7.24793
6.46761
3.77259
3.5325
5.02975
3.61471
2.20511
4.98765
2.61005
5.58496
3.5325
3.29278
6.15987
3.22239
2.89077
4.80735
7.16993
4.45943
4
5.64386
3.26589
6.0954
2.9386
7.91289
4.97728
5.02237
6.44294
6
3.73697
3.0163
4.87447
1.89616
5.50779
5.14568
6.22882
6.18982
3.23266
3.96963
4.73697
2.21501
3.23704
5.27716
2.09686
3
3.30581
2.72247
6.77347
5.80735
5.04439
5.88264
5.52356
4.37504
1.49304
7.50779
6.80735
6
5.64386
1.64508
6.86212
5.85798
6
6.22882
6
5.52356
6.42626
4.80735
3.45943
1
4.11389
3.09192
4.36923
6.32793
6.24793
5.58496
5.97728
2.20511
4.54019
1.89616
5.50779
5.14568
6.22882
6.18982
2.80735
6.88264
5.52356
5.67243
5.2854
3.30581
5.72247
2.03562
3.26679
4.58496
4.1964
5.35755
3.43741
4.67243
6.80735
4.89077
2.32193
6
5.87447
7.32193
4.64386
5.58496
4.43741
5.88264
6.22882
5.94251
5.55459
6
6.2854
5.02237
2.20511
8.44708
3.90689
3.58496
5.64386
6.19967
1.49304
7.50779
6
6
3.09954
5.26679
3.05889
1.76058
4.53492
2.89077
1
4.71961
1.89616
5.50779
5.14568
6.22882
6.18982
2.80735
3.79518
5.07895
5.61471
4.58496
5.6865
3.54432
7.65105
6
5.88264
6.22882
6.52356
3.30581
5.72247
2.03562
3.26679
4.58496
4.1964
5.35755
3.43741
4.67243
6.80735
4.89077
2.32193
6
4.87447
6.52356
6.47573
1.63227
3.79518
3.61599
6.14975
5.88264
6.61471
6.70044
4.83289
6.02237
5.02237
4.90689
5.61471
3.4021
2.38933
7.76818
2.24207
5.14296
6.02237
5.45943
2.24207
6.72792
4.45943
4
4.64386
1.76553
3.6009
1
3.48308
0.554374
4.25154
2.24207
5.14296
6.02237
5.45943
5.52356
4.01792
3.89308
2.21501
6.45943
6.52356
6
5.49185
2.29956
4.37851
6.24793
5.55459
5.22882
7.36632
4.3322
5.40088
4.67243
2.32193
1.05184
5.32912
5.20945
2.21501
6.45943
4.05063
3.07529
5.40599
2.77529
6.52356
6
5.88264
6.22882
5.52356
5.67243
5.2854
3.30581
4.1375
3.23266
3.48308
0.554374
5.8365
1
6.63904
4.03814
5.24793
1.49304
5.92283
4.05063
3.07529
1
4
2.38933
3.18322
2.1803
7.13955
3.05063
4.41181
4.01792
3.89308
2.21501
4.1375
3.61599
5.02237
5.37504
2.16993
6.02237
5.64386
4.67243
6.02237
1.63227
4.56071
1.70722
4.006
2.89077
2.34792
1
5.78136
6.39232
5.88264
6.22882
3.36565
6.24793
5.52356
6.96578
5.45943
5.55459
4.58496
5.97728
5.55459
5.37504
1.17932
4.88264
2.03562
3.26679
2.58496
6.35755
4.55459
5.64386
5.65821
5.52356
5.90207
4.43741
6.36632
1.88982
5.50779
5.02237
1.38187
4.72247
6.80735
6
5.64386
4.52356
1.51887
3.90689
6.30378
5.55459
5.37504
1.17932
5.07529
1
3.80735
3.35755
1.52057
7.35755
5.85798
1.85798
5.02975
7.36632
3.23266
3.23266
3.48308
0.554374
5.8365
1
6.63904
4.03814
3.24793
3.98765
3.23266
3.48308
5.12928
1.81943
4.88264
2.03562
3.26679
4.58496
4.1964
5.35755
3.43741
4.67243
6.80735
4.89077
2.32193
6
4.28951
1.89616
3.92283
6.80735
3.57491
7.16993
6.02237
5.58496
6.94251
5.9542
6.13955
3.35364
5.12928
3.926
4.08746
3
5.18587
5.01792
5.61471
5.37504
5.97728
2.16046
3.92125
3.54019
5.80735
6.70044
4.45943
4
3.32193
3.30581
4.87447
7.32193
4.64386
5.58496
4.43741
5.88264
3.22882
6.77347
2.32193
5
5.55459
5.67243
7.19967
1.17932
2.88264
5.86212
6.30378
5.45943
6.77347
5.80735
5.04439
4.29768
4.45943
2.41954
3.37197
6.77347
2.32193
5
5.55459
5.67243
1.64508
3.98765
3.23266
6.18982
4.88264
5.85798
4.43741
5.85798
6.52356
1.64508
5.86212
5.52356
5.67243
5.2854
6.47573
1.88982
4.18587
8.44708
5.45943
4.80735
4.72792
6.09803
3.08746
5.76818
5.52356
3.01792
7.15987
5.85798
2.71272
6
3.54432
0.869692
3.94342
3.23266
5.18982
4.43741
5.67243
3.45943
1.32193
7.76818
1.89812
4.80735
2.12553
5.76818
3.20163
5.75489
6
2.61005
5.58496
3.5325
3.29278
6.15987
3.22239
2.89077
4.80735
7.16993
4.45943
4
5.64386
6.43582
3.05063
3.41181
4.80735
6.72792
7.12928
4.32193
4.1964
6.52356
6.19967
1.49304
5.18587
6.52356
2.77529
4.9386
5.64386
5.26679
3.22882
6.0954
2.9386
7.91289
4.97728
5.02237
6.44294
6
3.73697
3.0163
4.23704
5.07895
5.61471
4.58496
5.6865
3.54432
7.65105
6
5.88264
5.22882
2.24207
6.72792
4.45943
4
5.64386
6.43582
3.05063
4.1964
5.43741
1
5.45943
4.71961
2.54253
6.12928
4.88264
3.57491
3.08246
3.97982
5.52356
6.04439
1.76553
3.6009
1
3.48308
0.554374
5.64386
2.03562
3.26679
4.58496
4.1964
6.94251
4.45943
5.58496
4.58496
1.43558
8.04439
3.05063
4.41181
4.01792
3.89308
2.21501
5.04439
2.5325
3.80735
1
1.52057
7.35755
5.85798
1.85798
5.02975
7.36632
4.55459
3.22239
5.85798
5.88264
6.35755
2.41954
3.65208
3.61599
6.14975
5.9542
5.9542
6.80735
3.57491
4.16993
1.17932
2.88264
5.86212
6.30378
5.45943
6.77347
5.80735
5.04439
5.88264
5.52356
2.20511
4.54019
4.16993
4
4.01792
6.70044
1.64508
4.98765
3.39855
4.45943
3.57154
6.53916
5.85798
5.52356
7.02237
5.58496
6.74147
2.12338
5.18587
6.52356
2.77529
4.9386
5.64386
5.26679
6.22882
2.29956
6.70044
4.58496
4.36457
6.63904
6.84549
4.91648
3.0614
6.35755
2.83458
7.72792
5.04439
3
7.88264
3.05063
5.21917
3.08246
3.97982
6.52356
5.58496
5.97728
6.22882
5.61471
5.88264
6.22882
5.02237
1.38187
5.72247
2.03562
3.26679
6.16993
5.49185
4.52356
2.41504
6.61471
6.70044
1.64508
5.86212
6.52356
6.47573
1.63227
3.79518
5.40088
4.67243
2.32193
1.05184
5.32912
5.20945
2.21501
8.04439
3.90689
3.58496
5.64386
1.64508
4.54019
3.33703
6.15987
3.43741
4.67243
5.90689
4.37504
1.49304
