102
7
7
2.84925
3.31238
4.28226
0.949855
5.22317
14.1107
9.47168
7.45121
3.04811
1.31493
3.17282
2.45808
9.82898
3.31208
2.84925
2.10918
5.05894
3.31988
2.98348
7.97071
5.02975
5.6715
1.19826
6.38527
7.45826
1.09412
3.79372
0.53779
1.36022
2.08806
2.46935
4.96175
1
5.6905
13.3122
4.02403
1.5552
10.1795
2.33571
5.19436
1
7.33049
1
6.98706
5.06186
2.3141
7.29286
5.68041
5.2473
4.3147
5.50841
4.73404
4.32407
11.4301
3.40808
7.75641
3.20521
6.10125
12.6682
3.88536
8.60251
5.18322
0.00815779
4.19391
4.21021
1.6748
2.79858
5.84084
10.5183
5.83289
1.1792
2.91131
5.93324
2.71041
1.5552
1
6.9884
1.61938
2.32107
4.73404
4.32407
9.10821
1.09412
3.77986
2.83598
1.91388
9.75372
4.29002
4.3243
2.45503
8.22454
0.393597
2.84734
5.75398
2.25084
5.40948
1.61938
2.32107
4.73404
4.32407
11.4301
3.40808
4.64252
13.7362
4.48543
5.13479
5.58277
4.74023
8.48059
8.3443
2.87381
2.07175
4.38968
2.73158
12.0878
3.05177
9.2138
1
3.61252
1.84536
7.27425
1.21641
2.49019
1.62388
3.96907
1.05907
5.43492
0.687481
8.75953
3.95693
4.62925
7.62936
9.51742
3.3901
3.18654
4.20522
4.3419
5.53475
4.75187
1
10.9447
3.0199
6.80397
1.6748
4.38968
4.3419
5.53475
4.75187
1
10.9447
3.0199
6.80397
5.05454
1.59227
4.64252
2.9398
2.69372
8.48059
2.61638
4.00469
0.70024
1.26287
3.1878
8.21098
0.427295
0.35122
0.401787
6.1536
3.00705
4.17041
4.60212
7.89118
5.6865
2.07175
4.97101
5.08348
4.05704
3.27904
0.891124
3.49768
8.13699
8.70889
3.2769
12.9286
4.49923
3.83043
7.94088
3.93724
9.3644
5.748
9.03926
6.06922
4.61471
0.53779
1.36022
5.71288
8.28154
2.92033
7.61443
2.64386
3.9783
5.05454
1.59227
3.31584
4.62925
7.62936
9.51742
3.3901
2.59521
2.25084
4.22317
6.33085
1
5.10654
2.84316
5.16681
3.71218
4.20076
8.3404
0.427295
0.35122
0.401787
5.11291
0.00815779
2.84734
5.75398
2.25084
5.22317
0.687481
8.75953
5.04439
1.62713
7.33496
8.48059
8.3443
2.87381
2.07175
4.38968
4.3419
5.53475
4.75187
1
10.9447
3.0199
6.80397
1.6748
3.77557
4.72698
2.50116
4.40251
7.14636
3.49474
5.58172
1.59227
7.18526
1.61938
3.40415
1.8207
2.99103
8.06987
1.35305
3.10161
10.1955
6.12173
1.31493
4.16937
1.50948
1
3.73681
2.82027
2.13324
4.65774
2.83598
7.82696
0.0737779
0.35122
4.27949
0.0249834
7.01486
1.61938
3.40415
1.8207
2.99103
8.06987
1.35305
3.10161
10.1955
6.12173
1.31493
3.4231
0.53779
1.36022
2.08806
2.46935
4.96175
1
5.6905
13.3122
4.02403
1.5552
10.1795
4.78885
4.62925
3.6433
4.20808
1
4.29002
14.067
0.0277241
3.79372
0.53779
1.5044
11.9043
4.52356
4.47303
1.7193
0.983632
5.15768
3.74471
3.86578
4.63719
5.68041
3.57071
6.03648
8.37963
3.3901
3.18654
4.15697
6.38232
10.5945
0.780332
7.35795
1.67816
7.75641
3.20521
6.10125
12.6682
3.88536
8.60251
4.96083
4.62925
3.6433
4.20808
1
4.29002
1
8.06429
4.84862
4.35743
4.27949
0.0249834
3.31442
1
1.47354
5.45911
2.22487
9.10463
5.6865
1.31493
4.95169
1.43797
11.0064
1
3.95693
8.44993
3.65147
5.3271
9.71768
4.15625
2.83598
1.91388
11.2683
1.65486
3.31442
6.33323
3.06371
5.83199
3.19447
2.52158
1
4.02402
10.6439
4.02975
6.33323
3.06371
5.83199
3.19447
2.52158
1
4.02402
10.6439
4.49923
3.83043
9.6667
2.26149
3.31584
4.62925
3.6433
4.20808
1
6.29002
2.06622
6.18088
3.04836
2.99918
7.68182
4.95097
2.75053
4.2742
0.016342
5.49979
0.687481
2.50788
1.26287
2.43957
5.1843
7.52729
6.70889
1.31493
4.22317
1.09261
9.81218
9.46877
3.79099
2.73158
3.14724
7.58199
2.64386
2.51917
2.91131
5.93324
2.71041
3.0313
3.20003
5.40539
8.75953
3.95693
2.83598
1.91388
11.2683
1.65486
3.79372
0.53779
1.36022
2.08806
2.46935
4.96175
1
5.6905
13.3122
4.02403
1.5552
10.1795
3.45887
8.53252
6.06922
3.87774
3.66358
3.3262
4.67926
7.88492
2.00705
3.31584
4.62925
3.6433
4.20808
1
3.12009
8.53252
6.06922
5.87774
0.687481
2.50788
1.26287
2.43957
5.1843
7.52729
6.70889
1.31493
3.91915
7.68182
1
4.02402
12.6439
3.40808
5.3388
4.72698
2.50116
1.75113
4.65495
2.50513
3.27339
2.71041
1.5552
1
2.33571
1
9.01848
7.65821
3.44
14.0411
7.01123
5.20852
8.40626
3.79647
1.09261
4.13975
3.23168
2.96604
2.24391
2.16874
7.38559
1.7811
5.15034
2.99825
2.93273
1.49506
3.18654
3.19677
8.53252
6.06922
7.19967
7.29006
1.54158
5.14021
3.20433
4.85555
6.35206
1.86583
5.55487
1.59227
5.3388
5.39514
1.63467
4.3535
3.73681
7.36532
3.53126
3.84364
5.4351
4.47213
3.47383
0.70024
1
5.87774
2.84117
7.72989
2.1032
5.93324
3.52325
11.0028
4.58598
2.73158
3.18693
1.46318
2.45366
2.39399
15.9086
0.427295
14.7647
2.8666
5.19436
10.2023
8.03892
1.7811
4.32407
1.47652
3.28163
3.19366
1
5.38059
2.54698
3.28163
5.52046
0.17378
0.35122
5.48802
0.70024
1
4.02975
1
2.24391
2.16874
3.84872
0.53779
1.36022
7.6213
11.3298
4.8365
4.79516
1.31878
4.65774
1.43797
1
4.51302
3.01295
0.942435
6.18527
0.0277241
3.31442
2.9398
2.24391
2.16874
5.00647
0.687481
3.27904
2.73417
5.97587
6.02715
3.33827
2.42915
0.421879
7.59154
4.13853
3.40488
1.42832
0.711757
4.97788
14.1393
7.88874
3.89636
4.77799
1.59227
7.18526
1.61938
3.40415
1.8207
2.99103
8.06987
1.35305
3.10161
10.1955
6.12173
1.31493
4.22317
4.3419
5.53475
4.75187
1
10.9447
3.0199
6.80397
1.6748
6.98361
1.7811
4.69402
2.62697
1.65578
4.95097
2.8418
3.62077
1.34044
5.38059
2.54698
3.28163
3.07422
4.0869
3.28163
2.10918
5.05267
1.50948
6.20208
5.33909
3.61252
6.85793
1.83865
3.11306
2.4522
6.21102
0.0277241
2.98705
8.53252
6.06922
5.02975
1
1.91003
3.88989
6.6271
1.35305
3.00161
2.07175
3.53126
5.13852
1.72482
1.26287
1
2.7926
5.49055
9.64926
9.56033
1.32293
3.28163
7.45095
2.02237
4.64252
13.7362
4.48543
5.13479
5.58277
4.74023
8.48059
8.3443
2.87381
2.07175
3.14408
2.9398
2.69372
8.48059
2.61638
4.00469
0.70024
1.26287
3.1878
8.21098
0.427295
0.35122
0.401787
4.51558
5.08348
4.05704
3.27904
0.891124
3.49768
8.13699
8.70889
3.2769
12.9286
4.49923
1.50948
2.71403
3.73681
2.82027
2.13324
4.20522
3.31988
1
7.97071
5.02975
5.6715
1.19826
6.38527
6.06922
5.87774
1.62713
3.31789
3.23168
7.07636
5.16046
5.58172
1.59227
6.18526
7.05623
1
4.21021
1.6748
6.51394
6.91867
0.915303
6.7895
7.40939
0.865664
2.25115
6.20357
2.98386
1.57447
5.18239
2.32904
1.91003
3.88989
6.6271
1.35305
3.00161
2.07175
5.05274
1.50948
1
3.73681
2.82027
6.15238
0.0277241
2.98705
9.3644
5.748
9.03926
6.06922
4.61471
0.53779
1.36022
2.08806
2.46935
4.96175
1
5.6905
13.3122
4.02403
1.5552
10.1795
5.00647
14.1107
9.47168
7.45121
3.04811
1.31493
3.4231
4.72698
2.50116
4.40251
7.14636
3.49474
2.07175
4.82366
0.00815779
1
0.584963
5.05454
1.59227
12.8857
6.91886
2.3338
5.01261
2.25084
2.93175
5.13852
1.72482
1.26287
1
4.89106
1
0.736966
3.73681
2.82027
6.15238
0.0277241
6.5936
4.06544
10.3395
2.62697
2.6971
3.9381
5.64363
6.70889
1.31493
3.91915
8.53252
6.06922
4.61471
0.53779
1.36022
2.08806
2.46935
4.96175
1
5.6905
13.3122
4.02403
1.5552
10.1795
3.45887
8.53252
7.45826
1.09412
1
2.73158
3.14724
7.58199
2.64386
2.51917
2.91131
5.93324
2.71041
3.0313
3.20003
5.40539
8.75953
3.95693
2.83598
1.91388
9.75372
4.04209
2.83598
7.82696
0.0737779
0.35122
5.84093
1.30987
5.02772
1.09261
1
9.46877
5.45396
2.83598
1.91388
9.75372
3.12009
5.50841
4.73404
4.32407
7.97071
3.19967
3.21994
2.07669
7.20823
1.7811
5.15034
2.99825
2.93273
1.49506
3.18654
6.80671
6.6504
8.99435
4.4356
2.88733
2.63571
4.73412
7.97071
4.02975
1
1.47354
5.45911
2.22487
9.10463
5.6865
1.31493
3.91915
9.3644
5.748
9.03926
6.06922
4.11221
1.09261
9.81218
9.46877
2.95146
7.68182
4.95097
2.75053
4.77799
1.59227
4.64252
1
1.23386
8.28658
7.6591
8.75953
4.58496
1.34044
5.70166
1.61938
2.32107
4.73404
4.32407
7.97071
4.11221
2.84857
3.49474
5.69955
2.3141
4.73107
1
3.18709
9.10821
1.09412
5.49979
0.687481
2.50788
1.26287
2.43957
5.1843
7.52729
6.70889
1.31493
4.16937
3.83043
7.94088
4.92947
14.2957
3.38606
7.23449
4.04207
6.64184
1
5.27686
1
3.79372
0.53779
1.36022
5.13505
3.68619
4.35743
0.401787
3.55333
7.68182
3.01521
4.02402
12.6439
3.40808
7.00305
4.61638
11.1039
3.87774
7.05623
11.8788
3.32452
5.66127
3
5.83199
5.93102
3.35799
5.27686
0.016342
6.2859
3.74471
3.86578
4.63719
5.68041
3.57071
6.03648
8.37963
3.3901
3.18654
4.20522
1.09261
9.81218
9.46877
2.95146
7.68182
4.95097
2.75053
0.421879
4.38968
1.09261
9.81218
1
0.584963
3.79372
0.53779
1.36022
2.08806
2.46935
4.96175
1
5.6905
13.3122
4.02403
1.5552
10.1795
5.05267
1.50948
6.20208
5.33909
3.61252
6.85793
1.83865
3.11306
2.4522
1.17902
3.19677
3.83864
7.86826
4.73917
9.48731
2.00705
7.18526
2.68754
5.89971
5.69955
3.29775
4.05881
1
4.3243
2.45503
8.22454
0.393597
0.35122
7.99924
6.06922
5.87774
14.1107
9.47168
7.45121
3.04811
1.31493
4.49321
5.75274
1.5552
8.67699
5.14101
6.98706
4.46836
0.016342
2.80824
3.8123
6.71105
5.70506
1.62713
3.31789
3.23168
1.80423
1.51626
2.10918
5.45628
5.75274
1.5552
8.67699
5.14101
6.98706
1.6748
4.38968
4.3419
5.53475
4.75187
1
10.9447
3.0199
6.80397
1.6748
2.79858
9.3644
5.748
9.03926
8.04322
3.40808
1.80421
10.8576
5.30378
5.80627
5.46827
6.46102
8.40626
2.75899
5.50841
2.84316
3.97067
13.7481
2.42513
3.83019
3.9381
1
3.79099
4.3419
7.57109
4.70906
6.27085
0.751321
7.70853
3.95693
1.43797
11.0064
1
0.584963
3.92145
7.28676
3.45943
2.9398
2.69372
8.48059
2.61638
4.00469
0.70024
1.26287
3.1878
8.21098
0.427295
0.35122
0.401787
6.1536
1.61938
3.42543
5.80627
4.41921
4.97788
5.21747
2.05187
6.80397
5.05454
1.59227
3.93441
8.53252
2.22487
7.21426
4.67926
2.25084
4.49321
5.08348
4.05704
3.27904
0.891124
3.49768
8.13699
8.70889
3.2769
12.9286
6.19967
4.06544
10.3395
2.62697
2.6971
3.9381
5.64363
6.70889
1.31493
4.95169
2.83598
7.82696
0.0737779
0.35122
0.401787
6.1536
1.69016
4.55059
1.94915
12.0428
4.30378
4.89106
3.20521
8.12115
1
0.584963
1.8207
2.99103
11.1403
9.46557
1.30987
5.02772
1.09261
1
9.46877
5.03892
0.53779
1.36022
2.08806
2.46935
5.96479
0.0737779
2.84734
6.56338
10.6439
8.19967
1.61938
2.32107
4.73404
4.32407
7.97071
5.02975
3.74471
3.86578
4.63719
5.68041
3.57071
6.03648
8.37963
3.3901
3.18654
3.01978
2.45808
9.82898
3.31208
2.84925
2.10918
5.05894
2.73158
12.0878
3.05177
9.2138
1
3.61252
5.17886
0.016342
2.80824
3.8123
6.71105
5.70506
1.62713
3.31789
3.23168
7.07636
5.16046
2.07175
5.2426
4.58184
4.56386
4.73404
3.9783
1
3.14408
2.09453
1.51626
3.07422
12.8975
3.0199
3.77218
1.47652
3.28163
7.45095
2.02237
3.93441
8.53252
2.22487
7.21426
4.67926
2.25084
6.55787
1.7811
4.69402
2.62697
1.65578
4.95097
2.8418
6.40892
2.99813
2.84925
3.31238
4.28226
6.59856
0.132018
7.01486
1.61938
3.40415
1.8207
2.99103
8.06987
1.35305
3.10161
10.1955
6.12173
1.31493
5.07244
4.61638
11.1039
4.61471
0.53779
1.36022
5.71288
8.28154
2.92033
7.61443
2.64386
3.9783
1
2.79858
8.53252
7.45826
1.09412
6.5936
6.6504
8.99435
4.4356
2.88733
2.63571
4.73412
7.97071
5.39232
0.00815779
4.19391
4.21021
1.6748
6.98361
2.06622
3.17735
1.86833
3.17756
9.16939
5.58172
1.59227
