171
8
8
2.94268
5.22304
7.49144
4.93447
6.23592
7.69283
6.43359
6.62936
6.49506
1.92105
6.05716
3.48227
3.49044
2.8969
2.94268
3.57457
3.80509
2.83312
6.43423
4.1759
1.69002
4.52894
5.27606
6.14167
6.77583
0.26194
3.8393
3.15085
2.98606
6.08495
4.4549
8.68989
3.15987
4.81057
7.67832
7.2164
2.23289
1
1.48763
8.32512
7.56699
9.54187
3.45631
4.44413
1
0.584963
0.415037
0.321928
0.263034
0.222392
0.192645
0.169925
0.152003
8.48849
0.263034
5.00145
3.60945
3.15016
6.07248
5.33908
4.23286
11.2935
1.09954
0.932886
4.35334
1.18776
3.05051
12.0243
3.88671
2.77961
4.071
5.35931
6.38694
7.77026
2.23289
1.81471
9.29695
2.86285
4.26458
3.76979
3.80548
8.08513
0.26194
4.71827
3.6978
8.18795
4.35252
1.57795
6.71689
1
9.48194
1.23336
4.70321
7.16283
0.8304
9.15824
2.86285
4.26458
3.76979
3.80548
8.48849
0.75508
7.85019
2.05483
3.81542
4.93471
8.13049
6.4325
2.54039
7.54579
4.9193
1
4.9264
5.49116
8.75637
2.01127
4.95523
5.30683
6.09364
2.04954
9.52936
3.11777
4.65105
6.66077
4.12458
3.79922
6.25815
3.20705
2.74713
4.94979
4.60117
6.34464
3.6118
2.20849
3.39708
3.95912
2.69721
5.97343
9.66769
4.11115
6.32374
2.83207
2.03339
1
4.9264
2.69721
5.97343
9.66769
4.11115
6.32374
2.83207
2.03339
5.16283
0.678487
7.85019
4.10479
4.8011
2.54039
2.19454
6.9317
3.45089
2.87789
6.78243
9.65687
1.43195
1.28705
3.05504
8.70412
2.18655
2.41138
5.76777
7.45096
3.44708
0.124222
4.64289
5.30443
3.69173
7.64342
2.27821
7.17749
11.7172
5.2498
3.99415
4.14017
5.0466
3.52483
1.41951
6.55651
10.4393
3.18813
8.59681
3.86388
4.45284
3.15085
2.98606
10.3887
6.29768
2.84824
2.13726
4.53937
4.40972
5.16283
0.678487
6.23003
4.60117
6.34464
3.6118
2.20849
4.79975
1
5.14954
6.65203
6.32107
5.29992
3.70044
7.45665
4.35611
2.41641
12.8246
1.43195
1.28705
3.05504
10.7144
1.09954
4.70321
7.16283
0.8304
1
3.20705
1
3.71822
4.85128
6.09336
2.54039
7.54579
4.9193
1
4.9264
1
5.97343
9.66769
4.11115
6.32374
2.83207
2.03339
1
3.80735
1
3.7939
5.93868
7.69738
6.42467
8.1221
0.678487
10.0201
2.86285
1
2.70268
3.74712
7.25182
6.91809
5.31922
5.70266
5.39408
1.92105
3.4146
1.61465
4.77197
6.39778
2.64696
2.9461
4.99089
3.6978
12.8318
2.37037
1.28705
5.04439
0.0762967
8.38606
2.86285
5.06664
2.70268
1
7.25182
6.91809
5.31922
5.70266
5.39408
1.92105
5.25757
3.15085
2.98606
6.08495
4.4549
8.68989
3.15987
4.81057
7.67832
7.2164
2.23289
1
4.09782
4.60117
6.79715
6.07881
4.78971
1.57795
12.8462
0.0730635
3.8393
3.15085
2.79429
6.58716
4.11151
4.59495
4.61768
1.01557
5.11005
4.12916
3.09601
3.56881
4.22817
3.28891
3.33498
3.00567
2.20849
3.39708
8.62115
2.46579
5.93868
1.0686
6.98901
0.560389
5.00145
3.60945
3.15016
6.07248
5.33908
4.23286
4.54752
4.60117
6.79715
6.07881
4.78971
1.57795
10.2904
4.36702
6.12385
7.46344
5.04439
0.0762967
5.26504
2.32646
4.39482
7.43373
5.00139
6.32777
4.8823
1.92105
5.73306
3.90042
5.49464
1.38031
4.94979
5.33983
2.32666
6.68506
10.3923
3.95565
3.6978
8.18795
6.74483
0.807355
5.26504
5.48633
2.07909
2.46973
9.23903
5.4273
4.04606
4.63717
1
6.0599
5.48633
2.07909
2.46973
9.23903
5.4273
4.04606
4.63717
1
5.0466
1
8.16658
1.06644
6.23003
4.60117
6.79715
6.07881
4.78971
5.45885
1.2554
7.71969
0.806174
6.29102
8.14515
5.50458
4.59665
5.892
0.0943134
5.09328
3.20705
6.08339
2.87789
4.2713
2.95192
5.5258
8.00469
1.92105
5.14954
2.61034
9.68989
1.41689
4.39711
5.49116
1
3.13912
4.53937
4.82169
5.35931
6.38694
7.77026
6.31326
5.86561
3.37195
2.74713
4.94979
3.6978
8.18795
6.74483
0.807355
3.8393
3.15085
2.98606
6.08495
4.4549
8.68989
3.15987
4.81057
7.67832
7.2164
2.23289
1
4.44589
8.83165
3.86388
3.37807
5.32856
3.41259
5.37911
7.9652
1.33991
6.23003
4.60117
6.79715
6.07881
4.78971
5.11645
8.83165
3.86388
4.78688
3.20705
6.08339
2.87789
4.2713
2.95192
5.5258
8.00469
1.92105
7.09007
8.14515
4.04606
4.63717
8.87015
0.75508
3.12277
3.28569
1
2.93333
6.09771
6.49759
2.36509
7.77026
1
1.81471
1.48763
5.76893
9.46459
5.53694
2.97659
9.42249
3.81762
1.8125
0.859471
3.96972
2.61034
8.68989
5.45447
1
2.69574
2.60105
5.34793
3.07526
2.5529
8.89752
9.97945
1.96714
1
4.29329
8.83165
3.86388
7.42247
5.1549
2.34089
6.81057
1
3.54702
4.30857
6.49547
4.82398
0.678487
3.12277
4.39767
1
3.68472
6.39778
3.46081
1.68153
10.9822
5.72922
3.18587
6.04546
3.45089
4.14017
5.42247
1
3.70838
8.12941
6.38694
4.8243
6.17967
4.12021
5.49116
5.2398
6.04591
2.30479
2.91535
6.39207
1.43195
10.0251
4.37796
8.32512
2.63865
5.39253
3.07526
3.80548
7.23323
3.07175
1
3.80037
3.0818
1
3.07175
11.8669
2.23133
1.28705
3.488
3.45089
4.14017
1
4.10479
2.69574
2.60105
4.0767
3.15085
2.98606
10.6518
1
6.53819
1.92942
3.35712
4.99089
3.90042
5.51041
2.89747
3.96279
2.61172
5.17278
0.0730635
5.26504
4.10479
2.69574
2.60105
5.2957
3.20705
7.64342
2.75184
9.44966
5.61798
3.4489
5.57616
1.38886
8.79587
4.44694
6.7691
2.77052
4.51204
1
11.494
8.57289
9.69448
6.63871
0.678487
10.0201
2.86285
1
2.70268
3.74712
7.25182
6.91809
5.31922
5.70266
5.39408
1.92105
5.14954
2.69721
5.97343
9.66769
4.11115
6.32374
2.83207
2.03339
1
5.38084
3.07526
4.78945
3.17532
2.89988
5.50458
1
0.584963
2.76014
3.0818
4.65945
1
2.58149
5.48215
3.07175
3.57457
5.30448
1.61465
5.07608
5.30683
6.09364
7.33494
3.15165
4.39177
2.52506
6.87484
0.0730635
5.78588
8.83165
3.86388
4.77586
4.13134
1
4.6914
6.5654
6.91809
5.3013
0.124222
1.68153
1.40203
5.32953
2.87789
1.52857
1.6948
10.2904
3.6578
5.01037
1
3.07175
6.52704
0.815814
7.85019
2.05483
3.81542
4.93471
8.13049
6.4325
2.54039
7.54579
4.9193
1
6.42664
4.10479
4.8011
2.54039
2.19454
6.9317
3.45089
2.87789
6.78243
9.65687
1.43195
1.28705
3.05504
5.29485
5.30443
1
7.64342
2.27821
7.17749
11.7172
5.2498
3.99415
4.14017
5.0466
1.61465
4.77197
6.39778
2.64696
2.9461
3.95912
2.83312
6.43423
4.1759
1.69002
4.52894
5.27606
6.14167
3.86388
5.42247
4.85128
7.67832
5.45447
5.852
4.92643
8.1221
0.678487
5.63929
4.08071
1
4.35334
1.18776
8.83831
6.28735
4.03427
7.76155
5.48727
4.06393
3.73364
7.04701
5.71132
1.52857
4.79451
1
4.72455
4.6914
6.5654
6.91809
5.3013
0.124222
4.56455
1.61465
4.77197
6.39778
2.64696
7.3116
0.0730635
5.78588
10.4393
3.18813
8.59681
3.86388
4.45284
3.15085
2.98606
6.08495
4.4549
8.68989
3.15987
4.81057
7.67832
7.2164
2.23289
1
5.2957
7.69283
6.43359
6.62936
6.49506
1.92105
5.25757
3.28569
1
5.93868
7.69738
6.42467
0.124222
12.097
1.09954
1.73974
4.35334
5.16283
0.678487
14.6051
6.56224
3.21723
4.75095
0.8304
2.82415
1.40203
5.32953
2.87789
1.52857
4.68633
1.61465
1
6.39778
1
7.3116
0.0730635
4.24632
4.8945
6.24207
3.17532
4.91874
5.04525
5.77601
8.00469
1.92105
7.09007
8.83165
3.86388
4.45284
3.15085
2.98606
6.08495
4.4549
8.68989
3.15987
4.81057
7.67832
7.2164
2.23289
1
4.44589
8.83165
6.77583
0.26194
4.4853
5.49116
4.43444
3.13912
1
4.82169
5.35931
6.38694
7.77026
6.31326
5.86561
3.37195
2.74713
4.94979
3.6978
8.18795
4.35252
4.09628
3.6978
12.8318
2.37037
1.28705
6.04439
0.64656
5.11925
1
9.68989
1.41689
3.66657
3.6978
8.18795
4.35252
5.11645
6.6921
3.76979
3.80548
1
5.33097
6.93079
8.37341
4.10534
3.07526
2.5529
8.89752
9.97945
1.96714
1
3.23521
5.16974
1
3.04093
6.49957
4.00733
4.45441
4.1759
6.0599
2.32646
4.39482
7.43373
5.00139
6.32777
4.8823
1.92105
7.09007
10.4393
3.18813
8.59681
3.86388
4.46605
2.61034
9.68989
1.41689
5.47715
8.14515
5.50458
4.59665
6.63871
0.678487
7.85019
2.32646
3.53285
1.72546
1.62405
1
1.73572
2.76014
9.43744
2.86285
4.26458
3.76979
3.80548
1
4.46605
3.91545
6.42467
9.32373
5.22153
5.16777
3.45631
4.57906
8.08513
0.26194
1
3.20705
6.08339
2.87789
4.2713
2.95192
5.5258
8.00469
1.92105
3.4146
3.52483
1.41951
5.419
7.45
2.49099
3.24749
7.88623
7.17437
4.97659
7.17534
0.0943134
3.8393
3.15085
2.98606
5.17604
5.56192
7.46344
3.05504
5.96869
8.14515
4.04606
4.63717
8.87015
0.75508
9.05049
5.71562
4.77211
3.37807
4.08071
1.0198
9.96805
4.30858
3.05274
1
9.42087
4.97659
1
0.584963
0.415037
4.12916
3.09601
3.56881
4.22817
3.28891
3.33498
3.00567
2.20849
3.39708
3.95912
2.61034
9.68989
1.41689
5.47715
8.14515
5.50458
4.59665
1
4.9264
2.61034
9.68989
6.77444
0.121433
3.8393
3.15085
2.98606
6.08495
4.4549
8.68989
3.15987
4.81057
7.67832
7.2164
2.23289
1
5.30448
1.61465
5.07608
5.30683
6.09364
7.33494
3.15165
4.39177
2.52506
4.28484
4.29329
7.15217
5.08105
6.51649
7.28767
1.33991
5.83029
3.25945
7.32299
9.32373
6.32107
3.19937
1.6948
6.71689
5.73678
9.48194
1.23336
1.28705
3.9224
1
4.78688
7.69283
6.43359
6.62936
6.49506
1.92105
6.90299
4.0824
2.23289
9.59689
5.72247
4.44413
4.50381
0.0943134
1.68436
5.76893
1
5.24383
4.85128
7.67832
5.45447
5.004
1.80763
1
5.11704
4.0824
2.23289
9.59689
5.72247
4.44413
1.18776
4.9264
1
5.97343
9.66769
4.11115
6.32374
2.83207
2.03339
1
3.05051
10.4393
3.18813
8.59681
7.70183
0.75508
2.79732
12.3607
5.46855
5.28305
1.95797
1.85843
0.859471
1
6.6921
3.70044
3.3777
9.35432
1
6.89568
5.04525
2.44874
4.39711
2.69721
9.45456
5.07714
3.9477
2.93529
1.20395
4.94979
3.90042
5.49464
1.38031
4.6494
9.27706
3.89885
5.47168
4.10479
4.8011
2.54039
2.19454
6.9317
3.45089
2.87789
6.78243
9.65687
1.43195
1.28705
3.05504
8.70412
2.86285
1.95544
5.28305
8.02445
4.63021
7.74858
5.35745
2.03339
5.16283
0.678487
8.02011
8.83165
5.00139
5.00584
5.37911
0.8304
6.90299
5.30443
3.69173
7.64342
2.27821
7.17749
11.7172
5.2498
3.99415
4.14017
4.48835
4.8945
6.24207
3.17532
4.91874
5.04525
5.77601
8.00469
1.92105
5.73306
3.6978
12.8318
2.37037
1.28705
1
8.70412
1.77705
4.31892
5.50017
5.81898
1
4.68633
3.60945
5.08037
5.35188
6.09364
2.70268
3.74712
6.86479
5.48278
0.64656
1
2.61034
9.68989
1.41689
4.06211
3.15085
2.98606
6.08495
4.4549
12.6899
2.37037
4.70321
2.76084
5.90795
7.90789
2.86285
4.26458
3.76979
3.80548
1
4.77586
4.12916
3.09601
3.56881
4.22817
3.28891
3.33498
3.00567
2.20849
3.39708
3.61874
3.48227
3.49044
2.8969
2.94268
3.57457
3.80509
5.49116
8.75637
2.01127
4.95523
5.30683
6.09364
4.33494
0.0943134
1.68436
5.76893
1
5.24383
4.85128
7.67832
5.45447
5.852
4.92643
1
5.5261
3.07996
5.49359
3.76979
4.40972
1.18776
1
2.69925
1.80763
2.58149
8.97613
2.83207
6.51485
7.23323
3.07175
6.52704
0.815814
8.02011
8.83165
5.00139
5.00584
5.37911
0.8304
6.68617
3.07526
4.78945
3.17532
2.89988
5.50458
1
3.67644
3.42006
2.94268
5.22304
7.49144
6.79008
0.399564
8.38606
2.86285
5.06664
2.70268
1
7.25182
6.91809
5.31922
5.70266
5.39408
1.92105
7.84565
5.71562
4.77211
4.45284
3.15085
2.98606
10.3887
6.29768
2.84824
2.13726
4.53937
4.40972
1.18776
3.05051
8.83165
6.77583
0.26194
4.24632
5.16974
1.85106
3.04093
6.49957
4.00733
4.45441
4.1759
10.2298
1.09954
1.73974
4.35334
1.18776
5.38084
1.2554
8.6631
3.15987
4.56264
5.10381
8.1221
0.678487
