175
8
8
6.40372
5.18133
5.53916
7.71425
7.72792
6.62936
6.9542
6.1224
6.72792
7.61471
6.72792
5.45286
6.79442
3.62059
6.40372
7.98868
5.99247
4.64386
6
8.07682
7.67948
8.02237
3.07215
4.57949
8.11894
8
7.90087
6.05528
3.70548
7.49586
6.09452
7.85175
5.43296
6.11548
6.0045
7.11894
5.86419
6.7211
7.57743
6.43741
4.48543
6.8009
7.9542
6.27302
6.3634
5.30743
5.41278
3.36419
4.10962
7.82018
5.33628
4.38171
5.91169
8.07682
4.36923
7.84549
5.85798
5.05683
7.98868
7.49985
7.77479
7.76155
6.49985
6.60733
6.55459
5.94837
7.65821
7.65821
6.53916
6.74147
8.20945
6.97728
5.41278
5.26946
5.86419
6.7211
7.57743
7.62205
5.53605
4.38171
5.91169
8.07682
8
7.90087
5.7211
4.68523
6.75489
7.67243
3.56294
5.84298
8.23362
6.50779
4.2854
7.65105
5.35755
6.72792
7.62205
5.53605
4.38171
5.91169
8.07682
4.36923
6.26053
5.24159
3.21412
6.76818
5.47032
5.04439
4.08215
6.80735
6.13614
7.80735
7.65821
5.64386
7.97154
6.62205
6.07146
4.57994
4.74514
6.75489
6.65821
5.66534
6.63662
6.22239
5.34577
4.36565
7.87652
6.62936
5.25172
6.40939
7.7211
7.57743
7.62205
4.63743
4.66469
6.95031
5.64386
5.93664
6.75489
5.33628
5.49185
6.00749
6.22239
5.94837
7.65821
5.64386
5.93664
6.75489
5.33628
5.49185
6.00749
6.22239
7.94837
7.47573
6.26053
6.24159
6.96
4.08215
5.80735
5.61961
4.30518
4.03185
8.32643
6.16993
5.91488
4.79998
6.61471
6.38658
6.62205
5.22239
5.23362
6.3159
5.97728
7.80735
7.65821
5.18982
4.63743
6.25172
6.78136
6.14975
7.83289
4.58496
7.08215
6.8392
6.67948
5.85798
6.86419
7.76155
7.65821
7.52356
6.70736
7.11894
7.67948
6.05528
3.70548
8.49586
7.50779
7.80735
3.99498
5.48543
7.23362
7.94837
7.47573
7.84549
7.7211
7.57743
7.62205
4.63743
4.80219
5.35755
6.72792
7.96578
7.62936
5.66107
4.62272
6.20457
5.33985
5.57894
7.94837
5.91488
4.79998
6.61471
7.97154
6.49985
4.2854
7.65105
5.35755
7.72792
6.62936
5.25172
4.99435
4.28293
4.62599
4.08215
6.80735
6.13614
7.80735
7.65821
5.64386
5.93664
6.75489
5.33628
5.49185
6.00749
6.22239
5.94837
5.33628
6.05528
6.05166
7.7211
7.63662
5.72792
7.80735
7.47573
7.84549
7.62205
6.85798
6.16993
6.93074
7.80735
7.63662
5.08746
4.45213
6.7211
7.61471
7.72792
3.85798
5.81762
4.73335
6.18982
6.93664
6.95031
5.7211
8.14466
6.45943
4.79998
7.61471
8
7.90087
7.62205
6.85798
6.16993
6.93074
7.80735
7.63662
5.08746
4.45213
6.7211
7.61471
5.72792
6.05528
3.70548
7.49586
6.09452
7.85175
5.43296
6.11548
6.0045
7.11894
5.86419
6.7211
7.57743
7.7211
7.57743
4.27479
7.78136
7.67243
8.02237
7.45943
7.90087
6.05528
4.57994
6.7211
4.8413
6.27922
5.30012
6.79442
7.87652
6.6865
7.50779
5.57894
3.36419
8.35755
7.65821
4.63743
4.63743
4.66469
8.53528
7.55459
6.13614
3.79256
8.45121
7.49185
7.84549
5.85798
5.05683
7.98868
7.49985
7.77479
7.76155
7.7211
7.57743
4.27479
7.78136
7.67243
6.43741
6.75489
7.56224
6.52356
7.61471
8
7.90087
7.82655
6.61471
5.53916
6.53398
7.80735
6.97728
7.61471
7.72792
6.13614
6.51833
4.6885
6.40939
5.7211
6.29768
5.94837
7.6865
6.63662
5.7211
4.68523
7.75489
8
7.90087
6.82655
4.39993
4.9542
2.96123
5.17564
4.63941
5.84298
5.55459
6.67948
6.82655
4.39993
4.9542
2.96123
5.17564
4.63941
5.84298
5.55459
6.67948
5.85798
7.86419
7.46761
7.84549
7.7211
7.57743
4.27479
7.78136
6.67243
3.73909
7.20457
6.6865
7.87652
6.07325
5.75489
5.66107
7.79442
8
7.90087
6.62936
4.66676
4.03185
3.11698
8.33985
7.54689
6.58496
7.61471
6.72792
5.64386
5.85175
4.34792
6.70044
5.64386
3.88408
4.94251
5.48543
6.64866
6.97728
5.41278
5.26946
6.86419
5.96193
5.21594
5.25172
6.40939
5.7211
4.68523
7.75489
8
7.90087
6.05528
3.70548
7.49586
6.09452
7.85175
5.43296
6.11548
6.0045
7.11894
5.86419
6.7211
6.57743
7.65821
7.11894
7.67948
5.77479
3.71344
5.36923
8.35755
7.47573
7.84549
7.7211
7.57743
4.27479
7.78136
7.67243
7.65821
7.11894
6.09452
6.62936
4.66676
4.03185
3.11698
8.33985
7.54689
6.58496
7.61471
7.72792
6.07325
4.63941
5.84298
8.13955
4.36923
7.84549
6.05528
6.05166
4.91374
7.16491
4.76155
4.96743
5.26946
5.86419
6.7211
7.57743
8.02237
6.42066
7.74147
6.63662
7.61471
7.53916
4.2362
5.26366
6.40939
5.64386
6.85175
7.71425
5.99247
3.37504
5.33985
5.99247
1
4.91169
7.67948
5.9386
4.8147
4.66469
8.53528
7.65821
7.11894
7.67948
7.55459
7.62205
7.59991
4.08746
4.73094
4.39232
7.98299
7.75489
7.47573
7.84549
6.05528
5.62205
5.53916
4.73335
7.77479
7.65821
6.43741
7.82018
6
6.74147
4.30518
6.8392
6.67948
5.38247
6.70966
7.00562
5.41278
7.07682
6.80735
6.76155
5.64386
6.97154
6.76155
7.73471
4.90689
7.79442
5.91488
7.60733
7.64386
6.43741
5.22239
7.70044
4.50462
5.91169
6.49185
4.74416
6.40372
6.57994
6.95031
4.60486
4.74416
7.98868
8
4.79998
4.80735
4.30518
6.8392
6.67948
6.24159
3.37504
5.33985
6.57743
6.05528
3.70548
6.49586
7.57743
6.76818
4.96743
4.49476
6.95031
6.13614
8.10329
6.20945
5.12338
3.98055
8.16491
7.45943
7.90087
6.24159
3.37504
5.33985
7.57743
6.62936
6.25172
4.78136
6.98299
6.67948
7.58496
6.48113
5.20945
7.65821
4.85798
7.96
4.81378
4.86899
6.42066
7.45121
7.52356
6.6865
7.79442
7.47573
7.84549
7.62205
6.85798
6.16993
6.93074
7.80735
7.63662
5.08746
4.45213
6.7211
7.61471
6.72792
5.64386
5.93664
6.75489
5.33628
5.49185
6.00749
6.22239
5.94837
7.65821
4.50462
5.64866
5.63662
5.34239
5.75489
6.98299
7.87652
3.02237
6.95031
4.60486
4.74416
4.81876
6.6865
4.74416
7.98868
7.57743
3.85798
6.55459
4.57994
4.74514
7.75489
7.72792
7.65105
4.34792
8.07146
7.45943
7.90087
7.65821
7.11894
7.67948
6.6865
5.03953
5.40372
7.88264
7.63662
4.86507
7.80735
7.65821
7.02237
4.26366
4.03185
5.51907
7.97154
6.43741
7.75489
7.59246
6.11548
4.74416
7.98868
4.09516
6.26053
5.24159
3.21412
6.76818
5.47032
5.04439
4.08215
6.80735
6.13614
7.80735
6.65821
6.24159
6.96
4.08215
5.80735
5.61961
4.30518
4.03185
8.32643
6.16993
5.91488
4.79998
6.61471
7.97154
5.18982
4.63743
6.25172
6.78136
6.14975
7.83289
4.58496
7.08215
6.8392
6.67948
3.85798
5.81762
4.73335
6.18982
6.93664
6.95031
4.64386
6
8.07682
7.67948
8.02237
3.07215
4.57949
7.11894
6.67948
4.28293
5.51907
7.71425
5.99247
6.60733
7.80735
7.47573
7.84549
6.77479
6.58496
6.55459
5.94837
7.65821
7.62205
7.46761
7.62205
7.62936
6.02237
8.25267
7.29462
3.89162
5.51907
6.97154
6.6865
5.03953
5.40372
7.88264
7.63662
4.86507
7.80735
7.65821
3.85798
5.81762
4.73335
6.18982
7.93664
7.45943
7.90087
7.65821
7.52356
6.70736
7.11894
7.67948
6.05528
3.70548
7.49586
6.09452
7.85175
5.43296
6.11548
6.0045
7.11894
5.86419
6.7211
7.57743
6.62936
6.9542
6.1224
6.72792
7.61471
5.72792
6.05528
6.05166
7.7211
7.63662
5.72792
7.80735
7.65821
6.49985
6.60733
6.55459
7.94837
7.47573
7.84549
8.78463
8
3.40682
5.35755
7.72792
7.02237
4.26366
4.03185
5.51907
7.97154
3.85798
5.81762
4.73335
6.18982
7.93664
7.45943
7.90087
6.39232
7.77479
5.63662
5.14975
5.42066
6.35755
6.58496
7.61471
7.72792
7.65821
7.11894
7.67948
6.05528
3.70548
7.49586
6.09452
7.85175
5.43296
6.11548
6.0045
7.11894
5.86419
6.7211
6.57743
7.65821
8.11894
8
7.90087
5.64386
3.88408
4.94251
5.48543
6.64866
6.97728
5.41278
5.26946
6.86419
5.96193
5.21594
5.25172
6.40939
5.7211
4.68523
6.75489
7.67243
5.7211
8.14466
6.45943
4.79998
7.61471
7.46761
7.84549
5.64386
5.85175
4.34792
7.70044
5.7211
4.68523
6.75489
7.67243
5.33628
4.38171
5.91169
8.07682
7.67948
7.65821
7.53138
7.64386
4.50462
4.91169
7.67948
5.9386
4.8147
4.66469
7.53528
6.97728
4.29278
3.7318
4.20477
6.94251
6.8009
8.07682
6.67948
7.82655
6.61471
5.53916
6.53398
7.80735
6.97728
7.61471
7.72792
7.65821
7.52356
6.70736
7.11894
6.67948
5.64386
5.85175
4.34792
7.70044
6.07325
5.75489
5.66107
7.79442
7.47573
6.26053
7.82655
3.80735
4.98299
4.9
5.25172
6.99435
3.02237
7.53528
7.62205
5.53605
4.38171
5.91169
8.07682
6.67948
5.15843
5.72792
7.80735
5.30743
7.73471
7.9542
5.85798
8.07682
8
7.90087
6.62936
4.66676
4.03185
3.11698
8.33985
7.54689
6.58496
7.61471
7.72792
5.85798
6.86419
7.76155
7.67243
7.46761
4.28011
5.6885
7.78136
6.63662
7.80735
8
7.90087
6.05528
3.70548
3.97229
8.35755
6.52356
6.61471
7.97154
6.07325
4.63941
5.84298
8.13955
4.36923
7.84549
5.96963
7.25267
7.67948
6.77479
6.58496
7.55459
6.17659
3.91966
4.9542
8.00562
6.63662
7.80735
8
7.90087
6.6865
7.50779
5.57894
3.36419
8.35755
7.65821
4.63743
4.63743
4.66469
6.95031
5.64386
5.85175
4.34792
7.70044
6.07325
5.75489
5.66107
5.20945
7.65821
5.64386
5.85175
7.80735
8
7.90087
6.05528
3.70548
7.49586
6.09452
7.85175
5.43296
6.11548
6.0045
7.11894
5.86419
6.7211
7.57743
3.85798
6.55459
4.57994
4.74514
7.75489
7.72792
7.65105
4.34792
5.74953
8.53528
7.65821
7.00562
5.56071
7.81378
7.47573
7.84549
4.87915
4.07325
7.80735
7.62936
6.39803
7.97154
3.56294
5.84298
8.23362
6.50779
4.79998
6.02975
7.11894
6.09452
6.62936
6.9542
6.1224
6.72792
7.61471
6.72792
8.18982
5.86419
7.7211
7.66534
6.27302
7.94837
8
7.90087
8.02237
8.00562
6.67243
4.28293
5.51907
7.71425
7.57743
5.47249
7.98868
6.57743
8.18982
5.86419
7.7211
7.66534
6.27302
5.94837
7.65821
5.64386
5.93664
6.75489
5.33628
5.49185
6.00749
6.22239
5.94837
7.65821
7.65821
7.52356
6.70736
8.11894
4.36923
7.84549
8.02237
7.52356
5.6837
7.14466
5.23522
5.26366
7.99435
5.33628
4.62272
5.88264
7.67948
7.23362
7.52356
5.42066
6.35755
6.70044
5.64386
6.93664
5.82018
6.85798
7.62936
4.8357
6.40939
6.13614
6.51833
4.6885
7.99435
7.65821
5.3505
7.79442
6.24159
6.96
4.08215
5.80735
5.61961
4.30518
4.03185
8.32643
6.16993
5.91488
4.79998
6.61471
6.38658
7.62205
5.05063
5.6837
8.14466
6.42066
6.12928
4.55459
6.22239
7.94837
7.47573
7.84549
7.65821
6.53398
6.22239
5.36923
5.35755
6.72792
5.18982
4.63743
6.25172
6.78136
6.14975
7.83289
4.58496
7.08215
6.8392
7.67948
6.39232
7.77479
5.63662
5.14975
5.42066
6.35755
6.58496
7.61471
7.72792
5.7211
8.14466
6.45943
4.79998
6.61471
6.38658
5.03709
5.37752
4.16993
7.29462
7.52356
7.97154
5.85798
7.86419
6.35755
4.74514
6.16993
6.93074
6.80735
7.62936
7.46761
7.84549
5.64386
5.85175
4.34792
6.70044
6.05528
3.70548
7.49586
6.09452
7.85175
6.45943
4.2854
5.65105
5.55459
7.67948
7.62205
5.53605
4.38171
5.91169
8.07682
7.67948
6.6865
7.50779
5.57894
3.36419
8.35755
7.65821
4.63743
4.63743
4.66469
7.53528
5.45286
6.79442
3.62059
6.40372
7.98868
5.99247
5.64386
7.97154
6.62205
6.07146
4.57994
4.74514
7.75489
8
7.90087
8.02237
8.00562
6.67243
4.28293
5.51907
7.71425
5.99247
6.60733
7.80735
7.65821
7.6865
6.52356
4.38171
7.23362
5.94837
6.65821
4.36712
5.47249
4.81876
7.6865
6.00749
6.22239
6.49185
4.74416
7.98868
4.09516
7.84549
7.65821
6.53398
6.22239
5.36923
5.35755
6.14296
4.50462
5.64866
5.63662
5.34239
5.75489
6.98299
6.87652
5.50462
6.40372
5.18133
5.53916
7.71425
8
7.90087
7.62205
6.85798
6.16993
6.93074
7.80735
7.63662
5.08746
4.45213
6.7211
7.61471
7.72792
5.96963
7.25267
7.67948
6.05528
3.70548
8.49586
7.50779
7.80735
3.99498
5.48543
7.23362
5.94837
7.65821
7.65821
8.11894
8
7.90087
6.97728
4.29278
3.7318
4.20477
6.94251
6.8009
8.07682
7.67948
6.49985
6.60733
6.55459
5.94837
7.65821
3.73909
8.20457
5.43296
7.70044
6.86419
7.80735
7.47573
