106
7
7
5.82455
3.43722
5.55027
12.8061
6.64386
13.1022
8.80155
7.22882
3.6089
6.65699
4.64386
6.23199
7.95807
3.0046
5.82455
1.66005
4.30796
2.59312
3.61417
6.50101
6.40088
5.20462
1.41698
5.7645
8.23575
1.30968
3.74618
0.68536
1.04593
3.00258
2.30484
4.23228
2.22897
5.49726
13.124
6.94624
1.47334
7.91831
3.42158
4.35248
5.39041
5.48298
2.3586
7.02237
5.13337
3.62936
7.29904
5.39066
5.61337
3.7318
2.16951
5.34894
4.49729
10.086
4.49185
5.35345
3.54272
6.6215
11.4994
2.94251
10.5298
5.29254
0.00689095
3.66757
3.36318
4.12996
3.08988
6.40505
10.7087
5.26053
1.13855
1.97685
6.48422
2.26181
1.47334
7.91831
7.66506
1.78457
3.38142
5.34894
4.49729
8.99851
1.30968
5.13724
2.55218
3.23137
10.4443
4.6386
2.96674
3.10625
7.02528
0.359542
13.743
7.15987
9.61839
5.32193
1.78457
3.38142
5.34894
4.49729
10.086
4.49185
3.68696
13.3965
4.89482
3.90637
5.43773
7.35567
4.91556
12.0678
3.05314
1.98337
4.60591
2.26255
11.4633
2.74377
8.67824
2.28963
1.35122
1.54872
7.65209
0.588629
2.05531
1.57076
3.1575
1
5.69165
0.420654
3.7481
5.81023
2.30134
7.31854
7.07948
2.36214
0.759402
4.26036
4.63245
8.13286
5.17991
5.06269
10.501
2.67243
6.15592
4.12996
4.60591
4.63245
8.13286
5.17991
5.06269
10.501
2.67243
6.15592
7.85788
3.00907
3.68696
1
5.13253
4.91556
2.36733
4.58362
1.50884
1.20956
1
8.58433
0.38529
0.164202
1
5.96347
2.48033
3.5962
3.42664
12.085
6.94753
1.98337
5.43008
3.36942
1
3.18612
0.576921
5.33887
5.8064
8.78398
3.76103
11.8602
5.59352
2.36316
4.74477
3.23551
10.0856
5.46825
8.49767
6.88211
4.81592
0.68536
1.04593
6.06273
7.92745
2.73067
5.99933
6.42391
4.50998
7.85788
3.00907
4.80244
2.30134
7.31854
7.07948
2.36214
4.44246
9.61839
3.73697
6.63864
4.60079
4.34237
4.51638
1
3.74903
4.25208
12.8579
0.38529
0.164202
1
5.20352
0.00689095
13.743
7.15987
9.61839
6.64386
0.420654
3.7481
5.17363
2.34495
7.19322
4.91556
12.0678
3.05314
1.98337
4.60591
4.63245
8.13286
5.17991
5.06269
10.501
2.67243
6.15592
4.12996
3.70953
3.30612
3.72287
4.34004
9.68299
2.45065
9.71031
3.00907
8.60979
1.78457
3.18452
1.74153
2.83322
6.68596
2.30018
3.66738
9.66445
6.70485
6.65699
6.64386
2.51954
2.59893
10.585
3.45438
3.14291
5.58178
2.55218
10.9179
0.133619
0.164202
5.09529
0.0385721
7.88202
1.78457
3.18452
1.74153
2.83322
6.68596
2.30018
3.66738
9.66445
6.70485
6.65699
3.64386
0.68536
1.04593
3.00258
2.30484
4.23228
2.22897
5.49726
13.124
6.94624
1.47334
7.91831
6.20053
2.30134
4.19615
5.12744
11.3995
4.6386
12.8923
0.0325329
3.74618
0.68536
1.87224
11.7551
5.23522
4.37305
1.50161
0.882795
6.48638
3.51599
3.66941
4.08779
5.39066
5.31792
5.80811
3.42228
2.36214
0.759402
4.28399
6.40343
10.0882
1.06347
1
3.16169
5.35345
3.54272
6.6215
11.4994
2.94251
10.5298
4.06683
2.30134
4.19615
5.12744
11.3995
4.6386
4.84426
7.84612
5.28672
3.87574
5.09529
0.0385721
3.29968
1
1.4568
5.5823
1.58549
14.5439
9.75489
6.65699
7.64386
1.24332
11.7875
2.41908
5.81023
3.46798
3.69019
4.46342
9.80574
5.97728
2.55218
3.23137
11.1812
1.83227
3.29968
5.47053
2.25055
4.89571
3.70905
2.22359
2.6685
4.06493
10.1388
3.75702
5.47053
2.25055
4.89571
3.70905
2.22359
2.6685
4.06493
10.1388
5.59352
2.36316
10.8013
5.57491
4.80244
2.30134
4.19615
5.12744
11.3995
7.09803
5.18289
4.67914
0.875292
2.90349
7.92227
3.48469
2.77185
4.41602
0.0192228
5.8408
0.420654
2.73306
1.20956
2.58844
4.37248
7.23406
5.82051
6.65699
3.73697
1.40086
9.96139
1
4.77992
2.26255
2.70843
2.67304
6.42391
2.19572
1.97685
6.48422
2.26181
3.69205
2.71294
4.64305
3.7481
5.81023
2.55218
3.23137
11.1812
1.83227
3.74618
0.68536
1.04593
3.00258
2.30484
4.23228
2.22897
5.49726
13.124
6.94624
1.47334
7.91831
2.60626
8.61008
6.88211
3.2716
3.91773
3.32365
6.81498
13.7058
5.29768
4.80244
2.30134
4.19615
5.12744
11.3995
3.14384
8.61008
6.88211
5.59352
0.420654
2.73306
1.20956
2.58844
4.37248
7.23406
5.82051
6.65699
4.32193
7.92227
2.6685
4.06493
11.9462
4.49185
4.42217
3.30612
3.72287
2.1659
4.46773
3.01245
3.54341
2.26181
1.47334
7.91831
3.42158
1
4.56551
9.88213
4.12903
11.7863
6.01123
4.54123
2.19859
4.26406
1.40086
5.46258
2.15734
3.17901
1.59809
2.85237
2.43001
5.54546
4.36923
2.14312
3.95623
1.70638
0.759402
1
8.61008
6.88211
8.40088
9.77267
1.25082
1
0.584963
4.08357
5.53902
1.71367
5.2602
3.00907
4.42217
5.44196
1.53243
2.3747
10.585
1.86942
3.71846
3.70618
4.97127
3.64281
2.6127
1.50884
11.8602
5.59352
2.37235
4.63399
0.586549
6.48422
2.82388
11.5439
3.26375
2.26255
3.19279
1.30487
2.31475
2.71746
8.87011
0.38529
14.743
3.63626
4.35248
2.49453
6.5481
5.54546
4.49729
2.38207
3.16384
3.30106
1.5473
5.53418
2.42096
3.16384
5.26883
0.155278
0.164202
4.26514
1.50884
1
3.75702
3.33205
1.59809
1
4.10689
1
1.04593
10.6477
8.20307
2.5728
4.91511
1.55195
5.58178
1.24332
1.8806
1
0.584963
0.951946
6.23613
1
3.29968
3.33205
1.59809
1
6.34688
0.420654
3.18612
3.70044
4.44846
2.6924
3.51728
2.287
0.27538
6.13859
4.96821
4.39855
2.92261
0.98724
6.23703
1
8.84235
2.90147
4.87011
3.00907
8.60979
1.78457
3.18452
1.74153
2.83322
6.68596
2.30018
3.66738
9.66445
6.70485
6.65699
3.73697
4.63245
8.13286
5.17991
5.06269
10.501
2.67243
6.15592
4.12996
5.20736
5.54546
3.62259
3.24793
1.33883
3.48469
1
3.42871
1
5.53418
2.42096
3.16384
3.22327
4.01557
3.16384
1.66005
4.98056
2.51954
4.89498
2.28963
1.35122
5.40625
6.93457
3.52822
2.64084
5.9293
0.0325329
2.53831
8.61008
6.88211
6.07895
1.90073
1.53971
4.02906
4.45622
2.30018
2.79694
1.98337
3.71846
4.92651
1.9742
1.20956
1.47134
1
4.84426
7.58308
2.46347
1.23365
3.16384
7.37386
3.47393
3.68696
13.3965
4.89482
3.90637
5.43773
7.35567
4.91556
12.0678
3.05314
1.98337
3.12039
3.33205
5.13253
4.91556
2.36733
4.58362
1.50884
1.20956
1
8.58433
0.38529
0.164202
1
4.76518
3.36942
4.66742
3.18612
0.576921
5.33887
5.8064
8.78398
3.76103
11.8602
5.59352
2.51954
2.59893
10.585
3.45438
3.14291
4.26036
2.59312
3.61417
6.50101
6.40088
5.20462
1.41698
5.7645
6.88211
5.59352
2.34495
4.44448
2.15734
5.05967
6.72815
9.71031
3.00907
4.79103
6.4603
12.1059
3.36318
4.12996
6.76645
5.57898
1.61599
6.82315
7.53138
4.44028
2.49491
7.06229
2.02211
1.47134
6.05354
1.90073
1.53971
4.02906
4.45622
2.30018
2.79694
1.98337
4.37123
2.51954
2.59893
10.585
3.45438
6.79499
0.0325329
1
0.584963
5.46825
8.49767
6.88211
4.81592
0.68536
1.04593
3.00258
2.30484
4.23228
2.22897
5.49726
13.124
6.94624
1.47334
7.91831
6.34688
13.1022
8.80155
7.22882
3.6089
6.65699
3.64386
3.30612
3.72287
4.34004
9.68299
2.45065
1.98337
4.54271
0.00689095
3.66757
3.36318
7.85788
3.00907
11.7797
7
5.61863
5.6761
9.61839
4.8365
4.92651
1.9742
1.20956
1.47134
5.17725
2.51954
2.59893
10.585
3.45438
6.79499
0.0325329
7.78109
2.67877
10.8517
3.24793
2.33816
4.22478
4.64627
5.82051
6.65699
4.32193
8.61008
6.88211
4.81592
0.68536
1.04593
3.00258
2.30484
4.23228
2.22897
5.49726
13.124
6.94624
1.47334
7.91831
2.60626
8.61008
8.23575
1.30968
3.57745
2.26255
2.70843
2.67304
6.42391
2.19572
1.97685
6.48422
2.26181
3.69205
2.71294
4.64305
3.7481
5.81023
2.55218
3.23137
10.4443
4.92811
2.55218
10.9179
0.133619
0.164202
6.85766
4.3599
3.72444
1.40086
9.96139
1
6.00894
2.55218
3.23137
10.4443
3.14384
2.16951
5.34894
4.49729
6.50101
2.72845
3.60432
10.482
5.26562
5.54546
4.36923
2.14312
3.95623
1.70638
0.759402
7.13899
6.22376
3.61186
5.45309
3.25677
2.41612
5.47847
1
3.75702
1.73644
1.4568
5.5823
1.58549
14.5439
9.75489
6.65699
4.32193
10.0856
5.46825
8.49767
6.88211
4.15295
1.40086
9.96139
1
0.584963
7.92227
3.48469
2.77185
4.87011
3.00907
3.68696
1.73644
1.09189
11.2964
2.19592
3.7481
4.04763
1.64733
6.12408
1.78457
3.38142
5.34894
4.49729
6.50101
4.15295
2.48511
2.45065
5.318
1
5.21804
1
3.92721
8.99851
1.30968
5.8408
0.420654
2.73306
1.20956
2.58844
4.37248
7.23406
5.82051
6.65699
6.64386
2.36316
4.74477
5.26946
14.0719
3.20645
6.11673
4.94725
4.94334
6.19236
8.34774
0.0192228
3.74618
0.68536
1.04593
7.11056
3.2336
3.87574
0.783388
3.07597
7.92227
2.6685
4.06493
11.9462
4.49185
5.99836
5.3195
9.85539
3.2716
6.4603
12.1059
8.0911
3.28096
0.619787
4.89571
4.09272
6.19236
8.34774
0.0192228
7.26263
3.51599
3.66941
4.08779
5.39066
5.31792
5.80811
3.42228
2.36214
0.759402
4.26036
1.40086
9.96139
1
0.584963
7.92227
3.48469
2.77185
0.27538
4.60591
1.40086
9.96139
7.76138
0.22174
3.74618
0.68536
1.04593
3.00258
2.30484
4.23228
2.22897
5.49726
13.124
6.94624
1.47334
7.91831
4.98056
2.51954
4.89498
2.28963
1.35122
5.40625
6.93457
3.52822
2.64084
2.25727
3.25794
1.89726
5.6579
4.86468
13.2423
5.29768
8.77972
2.28233
5.4059
5.318
4.60079
2.99907
3.87007
2.96674
3.10625
7.02528
0.359542
0.164202
7.09529
1
5.59352
13.1022
8.80155
7.22882
3.6089
6.65699
6.05889
6.6947
1.47334
12.0882
8.38802
7.02237
6.96307
0.0192228
3.64348
3.23795
8.43912
5.7761
1
4.44448
2.15734
1.89681
1.12024
1.66005
5.17696
6.6947
1.47334
12.0882
8.38802
7.02237
4.12996
4.60591
4.63245
8.13286
5.17991
5.06269
10.501
2.67243
6.15592
4.12996
3.08988
10.0856
5.46825
8.49767
10.0837
4.49185
2.87584
10.0849
4.93546
3.91351
6.60398
4.40432
2.19859
2.42911
2.16951
4.51638
10.371
9.15987
2.77355
3.192
4.22478
9.08469
4.77992
4.63245
7.91046
4.33568
3.61761
0.928592
1.55452
5.81023
1.24332
11.7875
2.41908
2.42911
4.5441
6.7226
3.69116
3.33205
5.13253
4.91556
2.36733
4.58362
1.50884
1.20956
1
8.58433
0.38529
0.164202
1
5.96347
1.78457
2.25207
3.91351
3.87348
6.23703
5.78302
1.57385
6.15592
7.85788
3.00907
2.32234
1
1.58549
8.37401
6.81498
9.61839
6.05889
3.36942
4.66742
3.18612
0.576921
5.33887
5.8064
8.78398
3.76103
11.8602
6.81592
2.67877
10.8517
3.24793
2.33816
4.22478
4.64627
5.82051
6.65699
7.64386
2.55218
10.9179
0.133619
0.164202
0.783388
5.96347
1.89413
3.87191
1.66917
12.2993
3.6329
5.17725
3.54272
8.12898
4.14618
1.35122
1.74153
2.83322
3.73016
11.9942
4.3599
3.72444
1.40086
9.96139
1
3.98968
0.68536
1.04593
3.00258
2.30484
8.02552
0.133619
13.743
5.88424
10.1388
8.40088
1.78457
3.38142
5.34894
4.49729
6.50101
6.07895
3.51599
3.66941
4.08779
5.39066
5.31792
5.80811
3.42228
2.36214
0.759402
3.16558
6.23199
7.95807
3.0046
5.82455
1.66005
4.30796
2.26255
11.4633
2.74377
8.67824
2.28963
1.35122
4.84589
0.0192228
3.64348
3.23795
8.43912
5.7761
1
4.44448
2.15734
5.05967
6.72815
1.98337
5.50378
5.00396
5.10803
5.34894
4.50998
1
3.12039
2.15133
1.12024
3.22327
13.0014
2.67243
4.17434
2.38207
3.16384
7.37386
3.47393
2.32234
8.61008
1.58549
8.37401
6.81498
9.61839
6.64386
5.54546
3.62259
3.24793
1.33883
3.48469
1
4.39016
1.91358
5.82455
3.43722
5.55027
13.8061
1.96963
7.88202
1.78457
3.18452
1.74153
2.83322
6.68596
2.30018
3.66738
9.66445
6.70485
6.65699
7.64386
5.3195
9.85539
4.81592
0.68536
1.04593
6.06273
7.92745
2.73067
5.99933
6.42391
4.50998
1
3.08988
8.61008
8.23575
1.30968
7.78109
6.22376
3.61186
5.45309
3.25677
2.41612
5.47847
1
4.49399
0.00689095
3.66757
3.36318
4.12996
5.20736
5.18289
3.74167
2.22897
2.6929
8.08437
9.71031
3.00907
