157
8
8
2.97775
2.91629
3.89927
0.979719
3.59418
6.01522
2.53383
4.1237
3.60188
0.352297
4.42345
3.70364
4.46347
2.82696
2.97775
3.28356
3.85163
2.83945
2.34906
2.64872
1
4.75238
3.24773
3.75286
5.37034
0.0365067
3.46973
1.3992
1.56293
3.2133
2.79721
3.52254
1.94906
5.34008
6.09489
4.46628
1.91698
3.01805
3.04322
2.82942
3.26442
7.89026
2.40942
2.50256
4.46431
2.21151
4.35625
4.17535
4.47608
1
5.55789
2.58755
3.49369
3.03007
1.2428
4.61118
2.20158
1.805
5.93352
1.99447
1
6.34274
0.0275554
2.03652
3.75582
0.760811
2.88011
7.06792
2.43063
1.35291
1.35972
2.31548
3.19785
2.65528
1.91698
1
5.53707
1
2.89462
2.58755
3.49369
4.06282
0.0365067
1
2.95785
4.63935
4.46155
3.3849
3.75873
0.982834
5.68879
0.122078
1.65068
2.41905
0.789972
5.1098
1.5817
2.89462
2.58755
3.49369
3.03007
1.2428
3.66271
5.11317
2.66389
5.39672
6.19909
6.29603
1.57371
2.95613
1.99984
0.498168
3.76291
3.54992
4.18603
3.38579
3.5151
2.694
2.62116
1.93179
10.1303
2.96505
2.85383
4.40833
4.49672
1
3.99524
1
1.79087
5.44835
3.03643
4.21025
4.17649
1.75794
2.99696
3.48177
3.10336
6.99802
1.85546
1
5.56261
2.55782
3.01572
0.760811
3.76291
3.10336
6.99802
1.85546
1
5.56261
2.55782
3.01572
5.3803
1.28622
3.66271
2.75821
3.18456
1.57371
2.68385
3.52392
1.51121
2.26139
3.26216
8.16756
0.106867
1.79573
0.658158
4.95384
2.92221
2.56102
1.92496
3.91981
1.26083
0.498168
5.19308
4.05731
3.59883
3.39527
1.5619
4.71425
3.26483
4.48046
1.22287
3.05527
4.04395
2.99978
4.28273
3.63374
7.95885
2.89004
1
0.584963
3.58096
1.3992
1.56293
6.35484
3.96519
2.39249
3.79756
1.89689
2.65856
5.3803
1.28622
4.70383
3.03643
4.21025
4.17649
1.75794
3.94813
0.789972
3.71234
3.58083
3.58287
3.91253
2.87339
1
0.584963
2.61901
7.11201
0.106867
1.79573
0.658158
6.29567
0.0275554
1.65068
2.41905
0.789972
3.59418
0.67603
1.79087
4.93641
1.69714
4.70601
1.57371
2.95613
1.99984
0.498168
3.76291
3.10336
6.99802
1.85546
1
5.56261
2.55782
3.01572
0.760811
3.63798
2.84389
1
5.63768
2.8445
3.31477
4.99774
1.28622
5.68434
1.5817
4.22726
1.16765
3.03918
4.72148
0.711813
3.47219
3.78877
1.85067
0.352297
4.37763
1.62755
4.93001
3.15991
3.51362
3.26936
4.99801
2.95785
7.10046
0.15677
1.79573
5.77966
0.0757709
5.35603
1.5817
4.22726
1.16765
3.03918
4.72148
0.711813
3.47219
3.78877
1.85067
0.352297
3.70066
1.3992
1.56293
3.2133
2.79721
3.52254
1.94906
5.34008
6.09489
4.46628
1.91698
3.01805
5.33853
3.03643
3.70725
3.76228
3.4774
3.3849
12.7524
0.0737452
3.46973
1.3992
1
3.18359
3.21557
3.46666
3.00339
1
5.06524
2.97983
2.68784
4.47621
4.17535
3.49151
5.20767
2.47371
1.75794
2.99696
6.07088
2.20678
5.86986
1.18073
6.98436
1.75992
4.61118
2.20158
1.805
5.93352
1.99447
1
5.01932
3.03643
3.70725
3.76228
3.4774
3.3849
3.67958
3.19434
1.38485
5.39258
5.77966
0.0757709
4.07267
1.62
1
4.14323
1
4.80424
1.53806
0.352297
4.96865
1.10696
3.14538
3.79807
5.44835
4.23528
2.08711
7.87841
7.20555
5.20066
2.95785
4.63935
10.6133
1.40742
4.07267
4.3414
1.8526
5.14653
3.41435
2.76156
2.71634
2.0585
4.47406
3.49215
4.3414
1.8526
5.14653
3.41435
2.76156
2.71634
2.0585
4.47406
4.04395
2.99978
8.83561
1.56569
4.70383
3.03643
3.70725
3.76228
3.4774
5.08534
2.73593
5.25118
2.34015
4.17441
4.36981
4.78258
4.11243
5.44078
0.0543463
3.69546
0.67603
3.54504
2.26139
1.40305
6.73397
1
1.66618
0.352297
3.71234
2.14207
3.13642
2.54358
3.8298
3.54992
1.98007
3.69571
1.89689
3.01282
2.31548
3.19785
2.65528
4.76877
1.48962
3.77556
1.79087
5.44835
2.95785
4.63935
10.6133
1.40742
3.46973
1.3992
1.56293
3.2133
2.79721
3.52254
1.94906
5.34008
6.09489
4.46628
1.91698
3.01805
3.28492
1.58086
0.837944
4.57824
1.38315
3.52881
2.74819
6.21746
1.1193
4.70383
3.03643
3.70725
3.76228
3.4774
4.04972
1
0.584963
3.61728
0.67603
3.54504
2.26139
1.40305
6.73397
1
1.66618
0.352297
1
4.36981
2.71634
1
4.74312
1.2428
3.74111
2.84389
3.98029
2.60253
5.96788
2.85291
2.77269
2.65528
1.91698
1
3.04322
4.25953
3.06721
2.67191
1.76141
9.70888
5.7039
2.69968
5.98098
3.78185
2.14207
4.71313
3.43529
1.6711
0.800511
2.78184
5.33441
1.64973
1
0.584963
2.63247
2.07408
2.99696
2.81404
1.58086
0.837944
4.68479
4.92087
2.66082
5.49833
1.47671
3.56524
3.68872
3.00288
6.73693
1.28622
3.74111
4.96355
1.25696
4.46654
3.15991
6.98557
3.37641
4.10627
4.32956
1.73787
3.75112
1.51121
3.05527
5.22887
2.95531
6.94604
3.16967
3.19785
1
3.58303
3.34042
3.54992
2.48304
2.43209
5.35744
4.62284
7.01014
0.106867
1
3.68174
2.82942
1.10079
5.00845
1.64973
3.49369
5.16826
1.02109
4.07847
3.24622
5.30922
3.91964
1.02109
9.50161
1.19555
1.79573
3.6249
1.51121
3.05527
3.49215
2.75821
1
2.78184
3.95053
1.3992
1.56293
5.08725
7.0366
1
4.716
1.81401
4.99801
1.10696
3.99825
2.05695
2.89351
1.68314
6.80629
0.0737452
4.07267
2.75821
0.800511
2.78184
1
0.67603
3.39527
3.69312
3.28184
1.82234
2.73877
4.63006
1.75043
5.4752
2.56847
6.5117
4.01799
1.45775
1
3.33375
6.83043
4.00592
6.76794
1.28622
5.68434
1.5817
4.22726
1.16765
3.03918
4.72148
0.711813
3.47219
3.78877
1.85067
0.352297
3.71234
3.10336
6.99802
1.85546
1
5.56261
2.55782
3.01572
0.760811
5.26905
1.64973
4.11637
2.64119
1.41955
4.78258
3.02856
3.57053
4.08217
5.30922
3.91964
1.02109
3.08827
5.03435
1.02109
3.28356
4.51129
1.62755
4.87408
2.694
2.62116
1
4.07376
5.49266
4.99595
5.94413
0.0737452
3.29929
1
0.584963
5.14926
2.93164
2.59099
1
4.43405
0.711813
0.590265
0.498168
3.37641
1
2.51842
2.26139
3.16327
3.22555
3.67958
3.63867
1.89215
2.39868
1.02109
7.89445
1.67564
3.66271
5.11317
2.66389
5.39672
6.19909
6.29603
1.57371
2.95613
1.99984
0.498168
3.91222
2.75821
3.18456
1.57371
2.68385
3.52392
1.51121
2.26139
3.26216
8.16756
0.106867
1.79573
0.658158
5.42516
4.05731
3.59883
3.39527
1.5619
4.71425
3.26483
4.48046
1.22287
3.05527
4.04395
1.62755
4.93001
3.15991
3.51362
3.26936
3.48177
2.83945
2.34906
2.64872
1
4.75238
3.24773
3.75286
0.837944
5.22887
1.69714
2.44814
3.43529
1
2.83768
4.99774
1.28622
4.89508
3.19855
5.83725
3.75582
0.760811
5.27551
5.03717
1.3726
6.68407
5.05824
2.80062
2.79595
2.04988
3.32173
3.16327
4.78839
2.93164
2.59099
1
4.43405
0.711813
0.590265
0.498168
4.3643
1.62755
1
3.15991
3.51362
5.96907
0.0737452
3.29929
7.95885
2.89004
1
0.584963
3.58096
1.3992
1.56293
3.2133
2.79721
3.52254
1.94906
5.34008
6.09489
4.46628
1.91698
3.01805
3.8531
6.01522
2.53383
4.1237
3.60188
0.352297
3.70066
2.84389
1
5.63768
2.8445
3.31477
0.498168
5.86176
0.0275554
2.03652
3.75582
5.3803
1.28622
5.90351
7.3015
2.73292
4.10404
0.789972
3.18795
2.19324
2.51842
2.26139
3.16327
4.51256
1.62755
4.93001
3.15991
3.51362
5.96907
0.0737452
6.25195
3.1893
4.49982
2.64119
2.97485
3.53602
2.68058
1.66618
0.352297
1
0.584963
0.837944
3.58096
1.3992
1.56293
3.2133
2.79721
3.52254
1.94906
5.34008
6.09489
4.46628
1.91698
3.01805
3.28492
1.58086
5.37034
0.0365067
3.5507
3.54992
1.98007
3.69571
1.89689
3.01282
2.31548
3.19785
2.65528
4.76877
1.48962
3.77556
1.79087
5.44835
2.95785
4.63935
4.46155
4.43984
2.95785
7.10046
0.15677
1.79573
6.66549
1.38683
3.93772
2.14207
3.13642
2.54358
1
2.95785
4.63935
4.46155
4.04972
5.55789
2.58755
3.49369
2.64872
3.61368
5.70871
1
4.14771
1.64973
5.52501
4.13457
2.63247
2.07408
2.99696
5.82188
6.06591
4.10121
3.05832
3.8444
1.7698
3.08053
2.64872
3.49215
1.62
4.08385
4.14323
3.00861
4.80424
1.53806
0.352297
3.2987
7.95885
2.89004
1
0.584963
3.81352
2.14207
3.13642
2.54358
3.64515
4.36981
4.78258
4.11243
6.76794
1.28622
3.66271
1.62
1.36716
1
0.584963
1.79087
3.56883
4.08217
5.14048
1.5817
2.89462
2.58755
3.49369
2.64872
3.81352
2.22595
3.31477
6.76078
2.21151
3.37959
2.40942
2.64395
4.06282
0.0365067
3.69546
0.67603
3.54504
2.26139
1.40305
6.73397
1
1.66618
0.352297
4.37763
2.99978
4.28273
5.16622
6.05551
2.83156
3.42727
5.97265
5.04855
1
3.95343
0.0543463
3.46973
1.3992
1.56293
5.35655
1.4857
5.39258
0.658158
3.64389
4.36981
2.71634
1
4.74312
1.2428
5.28145
2.09797
1.32939
4.57824
3.19855
5.83725
2.15115
5.61622
2.28132
5.14653
3.86119
2.2816
3.95343
0.0543463
4.89247
2.97983
2.68784
4.47621
4.17535
3.49151
5.20767
2.47371
1.75794
2.99696
3.48177
1
3.13642
2.54358
3.64515
4.36981
4.78258
4.11243
1.75043
3.76291
2.14207
3.13642
8.76044
1
3.46973
1.3992
1.56293
3.2133
2.79721
3.52254
1.94906
5.34008
6.09489
4.46628
1.91698
3.01805
4.51129
1.62755
4.87408
2.694
2.62116
1
4.07376
5.49266
4.99595
3.12547
1
5.97292
3.66818
5.03641
9.3878
1.1193
4.97573
1.96558
5.38247
6.76078
3.58287
3.40627
3.22555
3.75873
0.982834
5.68879
0.122078
1.79573
5.88527
0.837944
3.61728
6.01522
2.53383
4.1237
3.60188
0.352297
5.08226
3.21933
1.91698
7.32357
3.95233
2.50256
4.41089
0.0543463
1
0.584963
3.27872
4.5422
1.69714
2.44814
3.43529
2.14697
2.70904
3.28356
1
3.21933
1.91698
7.32357
3.95233
2.50256
0.760811
3.76291
3.10336
6.99802
1.85546
1
5.56261
2.55782
3.01572
0.760811
2.88011
7.95885
1
5.76444
4.95429
1.2428
2.7449
4.69642
6.05026
3.83031
5.35244
3.27069
5.98098
4.17705
5.55789
2.87339
6.10073
7.39905
3.3026
4.73525
3.53602
5.96481
3.8298
3.10336
1
0.584963
4.75381
2.16127
1
5.44835
1.10696
3.14538
3.79807
1
3.46886
1.62868
3.84569
2.75821
3.18456
1.57371
2.68385
3.52392
1.51121
2.26139
3.26216
8.16756
0.106867
1.79573
0.658158
4.95384
1.5817
2.34447
3.83031
3.85253
4.37128
1.75587
1.86779
3.01572
5.3803
1.28622
1
1.58086
3.00861
2.87969
2.74819
0.789972
5.08226
4.05731
3.59883
3.39527
1.5619
4.71425
3.26483
4.48046
1.22287
3.05527
6.09481
3.1893
4.49982
2.64119
2.97485
3.53602
2.68058
1.66618
0.352297
4.96865
2.95785
7.10046
0.15677
1.79573
0.658158
4.95384
1.32519
1.8383
1.88228
3.91851
0.82141
4.51256
2.20158
5.16312
3.79593
2.62116
1.16765
3.03918
7.59249
9.98978
1.38683
3.93772
2.14207
3.13642
2.54358
3.90106
1.3992
1.56293
3.2133
2.79721
5.77408
0.15677
1.65068
4.40428
4.47406
5.13431
1.5817
2.89462
2.58755
3.49369
2.64872
5.14926
2.97983
2.68784
4.47621
4.17535
3.49151
5.20767
2.47371
1.75794
2.99696
4.33143
3.70364
4.46347
2.82696
2.97775
3.28356
3.85163
3.54992
4.18603
3.38579
3.5151
2.694
2.62116
5.51122
0.0543463
3.48673
4.25953
3.27872
4.5422
1.69714
2.44814
3.43529
1
2.83768
1
4.42729
3.33166
4.84773
2.58755
2.65856
0.760811
3.91222
2.54449
2.70904
3.08827
12.3518
2.55782
4.28519
5.16826
1.02109
7.89445
1.67564
4.13863
1.58086
3.00861
2.87969
2.74819
0.789972
5.25683
1.64973
4.11637
2.64119
1.41955
4.78258
3.02856
5.60922
2.75685
2.97775
2.91629
3.89927
5.13756
0.0612243
5.35603
1.5817
4.22726
1.16765
3.03918
4.72148
0.711813
3.47219
3.78877
1.85067
0.352297
6.04191
2.09797
1.32939
3.58096
1.3992
1.56293
6.35484
3.96519
2.39249
3.79756
1.89689
2.65856
1
2.88011
1.58086
5.37034
0.0365067
6.25195
1
4.10121
3.05832
3.8444
1.7698
3.08053
2.64872
5.52028
0.0275554
2.03652
3.75582
0.760811
5.26905
2.73593
3.69224
1.94906
1.83542
1.65134
4.99774
1.28622
