169
8
8
5.41954
5.26053
4.42066
4.65821
7.97154
5.25334
7.53138
7.52356
5.21723
4.02237
7.97154
4.72544
6.01495
6.14296
5.41954
5.52356
6.94837
4.0915
4.71425
1
7.90087
5.54689
5.82018
6.74147
5.36457
3.60881
11.5549
3.77385
4.92481
7.93664
6.54689
5.21594
6.62936
7.52356
7.85798
7.6865
4.17719
5.73471
6.94837
5.08746
5.08037
7.65105
7.53138
7.58496
6.84549
5.64386
6.02975
3.45036
3.848
7.87036
5.07146
4.39232
6.97728
5.42626
5.24031
12.0468
4.48971
5.30012
6.26053
7.45943
5.3505
7.90689
5.52356
6.49185
6.45121
5.26053
8.224
6.4865
6.59991
5.98489
7.64386
6.12928
4.80735
4.94084
4.17719
5.73471
7.94837
5.58496
5.03709
4.39232
6.97728
7.74819
3.60881
12.8179
3.92283
6.47573
5.30743
7.98299
4.45943
4.37638
7.97728
7.44294
5.90689
7.49185
4.49825
7.97154
5.58496
5.03709
4.39232
6.97728
5.42626
5.24031
12.0468
4.74147
7.53138
5.22882
7.06609
4.99354
4.15131
6.70736
5.96193
1
7.224
5.16189
6.6865
6
5.50462
5.26946
5.06916
4.70659
8.224
4.77761
6.48382
5.36457
5.8009
2.90087
8.3837
3.97323
4.13841
7.99435
8.09276
7.49985
6.02975
4.9
1
6.39232
4.78338
6.74819
5.9542
5.9386
5.42626
5.94642
6.77479
5.26053
7.224
4.78338
6.74819
5.9542
5.9386
5.42626
5.94642
6.77479
6.84549
4.62205
12.0468
5.0045
4.79998
4.15131
4.9
6.29155
4.80735
4.37156
5.05063
6.87652
5.83289
4.6845
5.62936
7.2384
5.58496
7.56986
4.9386
6.91289
5.5157
5.10154
8.224
4.52878
4.18982
5.72338
7.56986
7.61471
7.65821
6.45943
5.8009
4.37156
7.90087
4.69617
6.12928
7.90689
5.07146
6
6.64386
4.51658
6.3159
3.77385
1
7.93664
5.84967
5.24793
4.26946
5.70736
4.97728
6.84549
4.62205
11.0468
8.09276
7.49985
6.02975
4.9
5.98299
4.49825
7.97154
5.16189
7.64386
7.67948
5.85175
5.55459
5.50098
5.32793
7.84549
5.83289
4.6845
5.62936
8.2384
5.52356
5.90689
7.49185
4.49825
7.97154
3.97323
4.13841
7.99435
4.79181
5.53605
4.15131
6.70736
5.96193
1
7.224
4.78338
6.74819
5.9542
5.9386
5.42626
5.94642
6.77479
5.26053
7.224
5.5812
7.5157
6.73471
7.64386
7.53916
6.6865
4.62205
12.6317
5.58496
6.03709
5.06916
5.21594
6.18982
1
4.9542
7.61471
5.22497
4.02237
7.97154
3.81164
5.13516
4.48113
6.16993
4.04775
7.39232
3.92283
8.0607
6.42626
4.6845
7.62936
2.57075
13.5549
5.58496
6.03709
5.06916
5.21594
6.18982
1
4.9542
7.61471
5.22497
4.02237
7.97154
3.77385
4.92481
7.93664
6.54689
5.21594
6.62936
7.52356
7.85798
7.6865
4.17719
5.73471
7.94837
8.09276
7.49985
5.8009
5.98489
7.98299
5.22497
2.01954
11.5549
3.77385
5.60288
6.08037
6.69349
6.03709
6.58496
6.59991
8.3837
5.92125
5.89885
4.10553
3.45036
7.75489
6.52356
4.60486
4.9
4.17564
8.39232
5.40939
5.41278
4.2555
5.64962
3.59202
12.0468
4.48971
5.30012
6.26053
7.45943
5.3505
7.90689
8.09276
7.49985
5.8009
5.98489
7.98299
6.22497
7.56224
7.41785
5.49985
7.62936
2.57075
12.1399
5.51907
4.90689
5.6837
5.6865
6.77479
4.93074
4.02237
7.97154
4.50779
4.48829
4.2362
7.99435
6.50779
5.17659
7.84549
6.47573
6.90087
3.92283
6.47573
6.62936
3.29897
12.1399
4.62599
3.48997
5.17564
4.22239
4.87213
6.72338
5.70598
5.54226
7.90087
4.62599
3.48997
5.17564
4.22239
4.87213
6.72338
5.70598
5.54226
7.90087
4.69617
6.71425
3.79998
11.0468
8.09276
7.49985
5.8009
5.98489
7.98299
4.25873
6.87652
5.91488
8.3837
7.07146
5.98641
5.06916
6.62205
2.64386
14.1399
3.97323
5.30834
4.37156
3.46566
8.30834
7.49985
6.45943
4.02237
7.97154
4.23589
6.21594
4.98489
6.84549
5.16189
6.10154
5.40599
5.70736
6.97728
6.12928
4.80735
4.94084
6.63662
5.86625
6.65105
4.13841
7.99435
3.92283
6.47573
6.62936
3.29897
11.5549
3.77385
4.92481
7.93664
6.54689
5.21594
6.62936
7.52356
7.85798
7.6865
4.17719
5.73471
7.94837
8.07146
4.51658
6.90087
4.18488
5.32912
5.48543
5.82018
4.24031
11.0468
8.09276
7.49985
5.8009
5.98489
7.98299
8.07146
4.51658
7.90087
3.97323
5.30834
4.37156
3.46566
8.30834
7.49985
6.45943
4.02237
6.97154
7.07146
6.72338
5.70598
6.27922
5.24031
10.8244
5.5812
7.5157
4.73471
8.02791
6.53138
4.67243
4.94084
4.17719
5.73471
6.94837
6.54689
5.48543
7.5157
6.5157
6.60733
7.52356
5.42626
3.81277
5.40939
4.23589
7.8009
5.07325
6
5.02237
3.06041
7.94837
3.54253
7.97728
7.59991
7.49985
5.02975
4.17564
8.39232
8.07146
4.51658
7.90087
7.99435
4.61471
7.52356
5.30743
5.91289
4.12928
6.67948
6.87652
4.62205
10.8244
5.25927
4.75489
4.39803
4.48113
3.66742
8.224
6.54689
6.10154
7.49185
5.85798
4.80735
4.37156
7.90087
4.79181
6.7879
5.80735
4.80735
5.74819
6.18982
6.90689
5.16189
7.6865
7.59246
7.61471
5.96963
7.62205
5.83289
7.49185
7.67948
5.08746
4.85798
7.84549
3.54253
6.97728
5.74819
4.90087
1
4.85798
6.80735
4.11374
4.90087
7.84549
8
4.6845
7.62936
4.80735
4.37156
7.90087
5.0045
5.02237
3.06041
7.94837
3.77385
4.92481
6.93664
7.49985
6.48382
4.86507
4
7.39232
4.50779
7.65821
6.62205
4.99354
4.16993
7.02791
2.01954
12.1399
5.0045
5.02237
3.06041
7.94837
3.97323
5.72338
4.98489
7.67948
6.50779
7.49185
7.90087
5.03709
8.224
4.10329
5.41278
4.62936
5.1565
4.80735
7.97154
6.46761
6.49985
7.62205
4.62205
12.6317
5.58496
6.03709
5.06916
5.21594
6.18982
1
4.9542
7.61471
5.22497
4.02237
7.97154
4.78338
6.74819
5.9542
5.9386
5.42626
5.94642
6.77479
5.26053
8.224
3.54253
5.65535
6.50779
3.92057
5.98641
5.87652
7.3837
3.64
6.80735
4.11374
4.90087
4.52356
7.69349
4.90087
5.52356
7.94837
3.81164
5.62059
5.26946
5.06916
7.87652
7.53916
6.49185
4.49541
5.50462
2.01954
13.5549
8.07146
4.51658
7.90087
4.07325
6.64386
6.30834
6.76155
6.50779
5.9542
5.10154
8.224
5.73954
4.47573
4.37156
4.85798
7.2384
6.22497
7.56224
7.47573
5.20163
4.90087
7.84549
6.46761
12.0468
4.74147
7.53138
5.22882
7.06609
4.99354
4.15131
6.70736
5.96193
1
7.224
5.0045
4.79998
4.15131
4.9
6.29155
4.80735
4.37156
5.05063
6.87652
5.83289
4.6845
5.62936
7.2384
4.52878
4.18982
5.72338
7.56986
7.61471
7.65821
6.45943
5.8009
4.37156
7.90087
3.81164
5.13516
4.48113
6.16993
4.04775
6.39232
4.0915
4.71425
1
7.90087
5.54689
5.82018
6.74147
4.51658
7.90087
4.79181
6.27302
5.07325
1
6.45943
6.6865
4.62205
13.6317
6.18488
7.45943
6.45121
5.26053
1
6.90689
6.42626
7.61471
7.41785
6.45943
7.62936
5.46597
5.54226
1
6.65344
4.07325
6.64386
6.30834
6.76155
6.50779
5.9542
5.10154
8.224
3.81164
5.13516
4.48113
6.16993
5.74819
2.01954
13.5549
5.07146
6
6.64386
4.51658
6.3159
3.77385
1
7.93664
6.54689
5.21594
6.62936
7.52356
7.85798
7.6865
4.17719
5.73471
7.94837
5.25334
7.53138
7.52356
5.21723
4.02237
7.97154
5.5812
7.5157
6.73471
7.64386
7.53916
5.10154
8.224
5.52356
6.49185
6.45121
6.84549
4.62205
3.06379
11.0546
7.42626
5.97154
4.49825
6.97154
5.73954
4.47573
4.37156
4.85798
7.2384
3.81164
5.13516
4.48113
6.16993
5.74819
2.01954
12.1399
4.78572
7.67243
6.50779
5.40599
5.16993
7.74147
6.45943
4.02237
6.97154
8.07146
4.51658
6.3159
3.77385
1
7.93664
6.54689
5.21594
6.62936
7.52356
7.85798
7.6865
4.17719
5.73471
7.94837
8.07146
5.36457
3.60881
12.5549
5.16189
6.10154
5.40599
5.70736
6.97728
6.12928
4.80735
4.94084
6.63662
5.86625
6.65105
4.13841
7.99435
3.92283
6.47573
5.30743
6.98299
3.92283
8.0607
6.42626
4.6845
6.04439
4.44478
11.3098
4.23589
6.21594
4.98489
7.84549
3.92283
6.47573
5.30743
7.98299
5.07146
4.39232
6.97728
4.94084
7.90087
5.74953
7.56986
7.67948
3.54253
7.97728
7.59991
7.49985
5.02975
4.17564
7.39232
5.04876
5.52356
5.39803
4.0607
6.1565
6.65105
4.94084
7.90087
5.51907
4.90689
5.6837
5.6865
6.77479
4.93074
4.02237
6.97154
5.07146
6
6.64386
4.51658
7.90087
4.23589
6.21594
4.98489
7.84549
7.07146
5.98641
5.06916
7.62205
4.62205
12.0468
5.51907
6.49185
7.87652
5.18587
4.13841
6.40939
3.64
8.39232
5.58496
5.03709
4.39232
6.97728
4.94084
7.90087
5.48382
7.53916
6.10154
5.64386
6.61471
7.53138
7.58496
7.74819
3.60881
14.1399
3.97323
5.30834
4.37156
3.46566
8.30834
7.49985
6.45943
4.02237
7.97154
4.69617
6.12928
7.90689
7.07146
6.45943
5.39917
5.93664
7.56986
6.5157
5.6865
2.64386
11.5549
3.77385
4.92481
6.35168
6.16993
5.49985
5.62936
8.2384
7.07146
6.72338
5.70598
6.27922
5.24031
13.6317
4.99435
5.62936
6.90087
6.18488
7.45943
7.45121
7.90689
5.25873
5.17564
7.80735
6.5157
5.6865
2.64386
13.1399
5.92125
5.89885
4.10553
3.45036
7.75489
6.52356
4.60486
4.9
4.17564
6.39232
4.23589
6.21594
4.98489
7.84549
7.07146
5.98641
5.06916
5.03709
7.224
4.23589
6.21594
5.56986
3.79941
11.5549
3.77385
4.92481
7.93664
6.54689
5.21594
6.62936
7.52356
7.85798
7.6865
4.17719
5.73471
7.94837
3.81164
5.62059
5.26946
5.06916
7.87652
7.53916
6.49185
4.49541
5.01919
8.39232
6.07146
5.65535
6.17659
7.62936
4.24031
12.6317
5.24317
7.48382
6.10154
7.64386
3.77259
7.2384
4.45943
4.37638
7.97728
7.44294
4.6845
6.04439
4.51658
7.90087
5.25334
7.53138
7.52356
5.21723
4.02237
6.97154
5.30639
4.17719
7.73471
7.47573
7.58496
6.26053
2.64386
11.8179
6.54689
6.22239
7.98299
4.79181
6.27302
5.07325
7.58496
5.05166
5.52356
7.94837
5.30639
4.17719
7.73471
7.47573
7.58496
5.26053
7.224
4.78338
6.74819
5.9542
5.9386
5.42626
5.94642
6.77479
5.26053
8.224
5.07146
6
6.64386
5.10154
5.24031
11.0468
6.96193
7.46761
4.80735
8.0607
4.77761
3.81277
7.99435
5.07146
5.85175
6.87652
7.54689
6.5157
6
5.16993
5.1565
6.84549
4.78338
6.74819
7.6865
6
5.05889
4.07039
7.99435
4.50779
4.48829
4.2362
7.99435
6.4865
7.50779
7.80735
5.0045
4.79998
4.15131
4.9
6.29155
4.80735
4.37156
5.05063
6.87652
5.83289
4.6845
5.62936
7.2384
5.58496
5.30012
4.80735
8.0607
4.80735
4.38658
5.05683
6.77479
6.84549
4.62205
10.6317
8.07146
5.6865
6.18982
5.48543
4.49825
6.97154
4.52878
4.18982
5.72338
7.56986
7.61471
7.65821
6.45943
5.8009
4.37156
7.90087
4.78572
7.67243
6.50779
5.40599
5.16993
7.74147
6.45943
4.02237
7.97154
3.92283
8.0607
6.42626
4.6845
5.62936
7.2384
4.20645
6.66534
4.94084
7.7879
6.46761
7.2384
4.48971
6.03709
4.14296
5.06916
5.06916
5.21594
5.45286
7.64386
4.44478
11.3098
4.23589
6.21594
4.98489
6.26053
3.77385
4.92481
7.93664
6.54689
7.8009
6.42626
5.90689
7.49185
5.54226
7.90087
5.58496
5.03709
4.39232
6.97728
4.94084
7.90087
5.92125
5.89885
4.10553
3.45036
7.75489
6.52356
4.60486
4.9
4.17564
7.39232
4.72544
6.01495
6.14296
5.41954
5.52356
6.94837
5.16189
6.6865
6
5.50462
5.26946
5.06916
5.06916
2.64386
11.8179
6.54689
6.22239
7.98299
4.79181
6.27302
5.07325
1
6.45943
1
8.224
4.65821
6.58496
4.39232
4.97728
1
7.224
4.41954
5.05166
4.52356
7.69349
5.94642
7.77479
5.74819
4.90087
7.84549
6.46761
10.6317
8.07146
5.6865
6.18982
5.48543
4.49825
7.97154
3.54253
5.65535
6.50779
3.92057
5.98641
5.87652
8.3837
4.36565
5.41954
5.26053
4.42066
7.65821
3.37697
13.5549
5.58496
6.03709
5.06916
5.21594
6.18982
1
4.9542
7.61471
5.22497
4.02237
6.97154
4.99435
5.62936
6.3159
3.77385
1
7.93664
5.84967
5.24793
4.26946
5.70736
4.97728
5.26053
8.224
8.07146
5.36457
3.60881
12.1399
5.04876
5.52356
5.39803
4.0607
6.1565
6.65105
4.94084
7.90087
5.52356
6.49185
6.45121
5.26053
8.224
4.25873
6.29155
6.62936
7.52356
7.63662
6.6865
4.62205
