161
8
8
4.8392
4.42066
5.32193
4.80735
7.71425
5.85383
5.16993
7.50779
7.59991
4.58496
6.71425
4.50901
5.16323
5.01919
4.8392
5.19827
6.3159
5.35755
5.73471
3.96578
5.11746
5.00409
4.37504
3.87652
7.86419
3.30581
12.748
3.51096
4.35168
6.54946
4.59246
6.26053
4.44478
7.49185
7.10329
6.86419
4.42253
4.89308
6.3159
5.1416
5.35755
7.87652
7.49185
6.56224
5.59096
6.08746
4.72403
3.94307
1
7.65821
5.25424
4.63743
5.59694
7.96578
5.1375
11.4529
3.96578
6.12928
5.6837
5.47573
6.52356
9.72622
5.40088
5.45943
6.37504
4.32793
6.66297
7.8392
6.39232
5.80735
6.56224
6.98299
6.53138
5.38082
4.42253
4.89308
7.90087
4.77259
6.69349
4.63743
5.59694
7.96578
3.30581
15.333
4.59694
6.43741
5.29278
8.01123
4.2936
5.71699
7.91886
5.76377
4.45943
7.46761
4.50057
7.71425
4.77259
6.69349
4.63743
5.59694
7.96578
5.1375
12.0379
6.09803
5.45943
7.7879
5.59694
5.26053
3.80735
6.87036
5.59991
4.93411
5.44057
4.82704
7.73471
5.48382
7.76155
5.23156
4.48543
3.74416
8.24793
2.92735
7.56986
6.1565
4.49185
4.56847
7.89482
4.97936
4.16547
8.04439
7.91886
7.43463
5.50779
5.2854
4.29155
6.26679
4.52748
6.69349
7.47573
4.06413
4.96578
6.48382
6.1224
4.32793
5.44057
4.52748
6.69349
7.47573
4.06413
4.96578
6.48382
6.1224
6.32793
3.55459
12.0379
5.29068
7.59991
3.80735
4.2854
5.22239
5.08215
3.6865
5.29593
8.06609
5.07895
5.45943
5.90689
6.1416
6.03562
5.5157
4.79701
6.47032
5.39232
4.93411
7.24793
5.005
4.53743
6.33539
4.99247
6.53138
7.61471
7.45121
5.79442
6.6865
6.92481
3.42146
4.90689
9.72622
7.8392
5.23266
4.85086
3.54226
6.33985
3.51096
4.35168
7.13443
7.3837
5.5157
3.18094
4.16993
5.3339
6.32793
3.55459
13.0379
7.91886
7.43463
5.50779
5.2854
5.55459
4.50057
5.71425
5.06805
6.08746
5.67948
5.80735
5.80735
4.79008
4.88536
7.91289
5.07895
5.45943
5.90689
7.46352
5.40088
4.45943
7.46761
4.50057
7.71425
4.97936
4.16547
6.45943
4.47449
4.78136
3.80735
6.87036
5.59991
4.93411
5.44057
4.52748
6.69349
7.47573
4.06413
4.96578
6.48382
6.1224
4.32793
7.24793
5.6105
5.12102
7.70044
7.56224
6.59991
7.74147
3.55459
12.0379
4.77259
5.69349
3.67377
4.90689
6.1224
7.50779
5.45121
6.50779
5.59991
4.58496
5.71425
3.15843
5.08215
4.91886
6.00749
5.10852
7.26679
4.59694
8.02237
8
5.45943
6.49185
2.44478
12.5256
4.77259
5.69349
3.67377
4.90689
6.1224
7.50779
5.45121
6.50779
5.59991
4.58496
7.71425
3.51096
4.35168
6.54946
4.59246
6.26053
4.44478
7.49185
7.10329
6.86419
4.42253
4.89308
7.90087
7.91886
7.43463
5.20945
5.99247
8.01123
7.46352
2.83872
12.748
3.51096
3.29278
6.1224
5.44294
6.12928
5.48382
4.42626
6.89482
6.02791
5.8413
4.59585
3.94307
6.08037
7.52356
3.88753
5.2854
1
8.26679
5.39232
5.37851
4.89885
7.78136
4.49985
11.4529
3.96578
6.12928
5.6837
5.47573
6.52356
9.72622
7.91886
7.43463
5.20945
5.99247
8.01123
5.65617
6.44294
6.37504
6.3837
6.49185
2.44478
12.5256
4.19114
5.24793
1
5.86419
7.70736
5.39232
4.58496
7.71425
4.59694
6.07325
3.27645
8.04439
3.67094
5.8392
6.91289
7.45943
7.81378
4.59694
6.43741
7.61471
2.70426
12.5256
5.29068
4.16993
5.55459
4.64386
7.67948
5.20511
5.28011
6.39232
7.92481
5.29068
4.16993
5.55459
4.64386
7.67948
5.20511
5.28011
6.39232
6.92481
3.42146
7.90689
3.33628
13.0379
7.91886
7.43463
5.20945
5.99247
6.42626
5.08139
7.80735
5.88264
6.89482
6.25424
4.56768
3.98299
6.81378
2.38143
13.0111
4.97936
4.33539
3.6865
3.05889
6.37504
7.59991
7.45121
4.58496
5.71425
4.13516
7.84549
4.12553
6.82655
4.82704
4.92735
4.36712
4.16993
4.59694
6.98299
6.53138
5.38082
7.59246
5.12102
6.87652
4.16547
8.04439
4.59694
6.43741
7.61471
2.70426
12.748
3.51096
4.35168
6.54946
4.59246
6.26053
4.44478
7.49185
7.10329
6.86419
4.42253
4.89308
6.90087
5.03185
3.54226
6.33985
4.30256
3.96963
6.1224
6.96
5.37504
13.0379
7.91886
7.43463
5.20945
5.99247
8.01123
5.03185
3.54226
6.92481
4.97936
4.33539
3.6865
3.05889
6.37504
7.59991
7.45121
4.58496
7.71425
6.25424
5.20511
5.28011
6.97728
5.1375
10.3375
5.6105
5.12102
6.11548
5.76553
5.40599
5.20163
5.38082
4.42253
4.89308
6.3159
6.46352
6.64386
6.42626
6.44294
7.58496
7.45943
5.10852
4.50901
5.45943
4.13516
6.26053
5.29278
5.9386
4.42999
3.79008
6.3159
4.30378
6.3339
7.50779
7.3837
5.50779
4.29155
7.26679
5.03185
3.54226
6.33985
5.39232
4.18587
5.62205
4.75489
5.24793
4.66107
6.09452
6.06609
3.55459
10.3375
4.71741
4.50779
5.06916
4.91886
5.59246
7.24793
5.1416
6.67243
5.43463
4.93336
5.08215
6.6865
6.92481
3.927
6.41504
5.32193
6.53138
6.38082
6.1224
8.14126
4.82704
6.14975
6.01495
7.53138
5.5157
7.81378
5.07895
7.45943
7.59991
5.1416
5.67948
7.82655
4.30378
5.59694
5.96578
3.32747
7.00562
4.38702
7.26679
3.53107
3.32747
8.00562
7.33985
5.45943
7.49185
5.08215
6.6865
7.92481
5.29068
4.42999
3.79008
6.90087
3.51096
4.35168
8.13443
7.43463
5.91488
6.52356
3.53743
7.26679
4.59694
5.07325
3.90689
4.49185
3.848
5.5025
2.83872
12.5256
5.29068
4.42999
3.79008
6.90087
4.97936
6.33539
4.57743
6.67948
5.8413
5.84967
5.44294
3.72632
8.24793
5.78136
5.59246
4.12553
5.29155
5.49719
5.1964
7.52356
4.66025
6.81378
3.55459
12.0379
4.77259
5.69349
3.67377
4.90689
6.1224
7.50779
5.45121
6.50779
5.59991
4.58496
5.71425
4.52748
6.69349
7.47573
4.06413
4.96578
6.48382
6.1224
4.32793
6.66297
4.30378
5.11151
5.50779
4.32193
4.56768
1
6.89482
4.65617
7.26679
3.53107
3.32747
6.00562
7.61471
3.32747
5.19827
7.90087
3.15843
6.08215
5.23156
4.48543
8.06609
5.27798
7.46761
5.35755
7.76155
2.83872
13.0111
5.03185
1
6.92481
4.32747
4.75489
6.75043
6.25424
7.50779
5.86625
4.93411
7.24793
4.65617
4.4021
3.6865
4.29593
6.1416
5.65617
6.44294
6.45121
5.49185
3.32747
7.00562
4.61891
12.0379
6.09803
5.45943
7.7879
5.59694
5.26053
3.80735
6.87036
5.59991
4.93411
5.24793
5.29068
7.59991
3.80735
4.2854
5.22239
5.08215
3.6865
5.29593
8.06609
5.07895
5.45943
5.90689
5.65617
5.005
4.53743
6.33539
4.99247
6.53138
7.61471
7.45121
5.79442
6.6865
6.92481
3.15843
5.08215
4.91886
6.00749
5.10852
6.26679
5.35755
5.73471
3.96578
5.11746
5.00409
4.37504
3.87652
3.54226
6.92481
4.47449
5.51833
5.29278
5.9386
5.85798
7.74147
3.55459
13.0379
5.88753
7.45121
6.37504
4.32793
7.24793
8.35755
6.33985
6.50779
7.39232
5.12102
5.19377
5.67807
5.16993
1
5.65617
4.32747
4.75489
6.75043
6.25424
7.50779
5.86625
4.93411
6.24793
3.15843
5.08215
4.91886
6.00749
7.69349
2.83872
13.0111
7.8392
5.23266
4.85086
3.54226
6.33985
3.51096
4.35168
6.54946
4.59246
6.26053
4.44478
7.49185
7.10329
6.86419
4.42253
4.89308
6.90087
5.85383
5.16993
7.50779
7.59991
4.58496
7.71425
5.6105
5.12102
7.70044
7.56224
6.59991
4.93411
8.24793
5.40088
5.45943
6.37504
6.32793
3.55459
8.30997
9.01959
7.33985
5.45943
4.50057
6.71425
4.65617
4.4021
3.6865
4.29593
5.1416
3.15843
5.08215
4.91886
6.00749
7.69349
2.83872
12.748
5.63421
6.52356
5.50779
5.45943
4.08215
6.82018
7.45121
4.58496
7.71425
5.03185
3.54226
6.33985
3.51096
4.35168
6.54946
4.59246
6.26053
4.44478
7.49185
7.10329
6.86419
4.42253
4.89308
6.90087
5.03185
7.86419
3.30581
14.333
4.82704
4.92735
4.36712
4.16993
4.59694
6.98299
6.53138
5.38082
7.59246
5.12102
6.87652
4.16547
8.04439
4.59694
6.43741
5.29278
7.01123
4.59694
8.02237
8
5.45943
7.49185
3.82312
11.2305
4.13516
7.84549
4.12553
7.82655
4.59694
6.43741
5.29278
8.01123
5.25424
4.63743
5.59694
3.96578
7.92481
5.8392
6.42626
7.59991
4.30378
6.3339
7.50779
7.3837
5.50779
4.29155
6.26679
1
5.56224
4.06916
4.12199
5.23522
6.87652
3.96578
7.92481
4.19114
5.24793
1
5.86419
7.70736
5.39232
4.58496
7.71425
7.8392
5.23266
4.85086
3.54226
5.60288
4.13516
7.84549
4.12553
7.82655
6.25424
4.56768
3.98299
6.81378
3.55459
12.0379
4.19114
4.98489
6.98299
7.44294
4.16547
4.72247
4.65617
6.26679
4.77259
6.69349
4.63743
5.59694
3.96578
5.60288
4.27955
6.59991
6.74147
6.08746
7.53138
7.49185
5.97728
7.96578
3.30581
13.0111
4.97936
4.33539
3.6865
3.05889
6.37504
7.59991
7.45121
4.58496
5.71425
3.42146
4.90689
8.72622
6.93664
7.33985
4.58496
8.13443
7.57743
6.44294
6.74147
2.38143
12.748
3.51096
4.35168
6.54946
7.66534
6.3837
5.90689
6.1416
6.25424
5.20511
5.28011
6.97728
5.1375
14.0379
7.71425
4.93074
6.33985
5.88753
7.45121
7.37504
8.72622
4.42931
5.55459
7.64386
6.44294
6.74147
2.38143
13.333
6.02791
5.8413
4.59585
3.94307
6.08037
7.52356
3.88753
5.2854
1
6.26679
4.13516
7.84549
4.12553
7.82655
6.25424
4.56768
3.98299
3.72632
5.44057
4.13516
7.84549
6
3.8413
12.748
3.51096
4.35168
6.54946
4.59246
6.26053
4.44478
7.49185
7.10329
6.86419
4.42253
4.89308
7.90087
3.15843
6.08215
5.23156
4.48543
8.06609
5.27798
7.46761
5.35755
3.9542
7.26679
4.8392
5.27479
6.8392
7.58496
5.37504
13.0379
5.22055
6.41785
6.74147
6.08746
4.35755
6.1416
4.2936
5.71699
7.91886
5.76377
5.45943
6.49185
3.54226
6.92481
5.85383
5.16993
7.50779
7.59991
4.58496
7.71425
7.17493
4.42253
6.70044
6.40088
6.56224
6.32793
2.38143
12.333
6.46352
5.64386
8.01123
4.47449
5.51833
5.29278
6.52356
6.09452
5.19827
7.90087
7.17493
4.42253
6.70044
6.40088
6.56224
4.32793
5.44057
4.52748
6.69349
7.47573
4.06413
4.96578
6.48382
6.1224
4.32793
6.66297
7.8392
5.23266
4.85086
7.86419
5.1375
14.0379
5.46352
6.52356
4.91222
8.02237
5.74819
4.50901
7.04439
5.25424
5.80735
7.80735
5.9542
4.46761
5.98489
4.08215
4.23522
6.82655
4.52748
5.69349
5.67243
5.56224
4.99354
3.68983
8.04439
4.59694
6.07325
3.27645
7.04439
5.03185
4.49185
7.78463
5.29068
7.59991
3.80735
4.2854
5.22239
5.08215
3.6865
5.29593
8.06609
5.07895
5.45943
5.90689
6.1416
4.77259
5.10852
4.91222
6.43741
5.49719
5.78136
5.65535
6.1224
6.32793
3.55459
13.0379
5.03185
5.86419
4.9
6.1224
4.50057
7.71425
5.005
4.53743
6.33539
4.99247
6.53138
7.61471
7.45121
5.79442
6.6865
5.92481
5.63421
6.52356
5.50779
5.45943
4.08215
6.82018
7.45121
4.58496
7.71425
4.59694
8.02237
8
5.45943
5.90689
6.1416
1.80296
7.98299
5.64386
8
5.9386
5.1416
3.96578
4.54432
1
4.48543
3.67377
4.90689
5.38543
6.8009
3.82312
11.2305
4.13516
7.84549
4.12553
7.82655
3.51096
4.35168
6.54946
4.59246
7.84549
8
4.45943
5.88264
6.39232
7.92481
4.77259
6.69349
4.63743
5.59694
3.96578
6.92481
6.02791
5.8413
4.59585
3.94307
6.08037
7.52356
3.88753
5.2854
1
5.45943
4.50901
5.16323
5.01919
4.8392
5.19827
6.3159
4.82704
7.73471
5.48382
7.76155
5.23156
4.48543
5.48113
2.38143
12.333
6.46352
5.64386
8.01123
4.47449
5.51833
5.29278
5.9386
5.85798
4.93411
7.24793
4.70598
5.98489
4.63743
5.3339
4.32793
5.24793
3.57447
6.09452
6.00562
7.61471
6.48382
6.70736
5.96578
3.32747
7.00562
4.61891
13.0379
5.03185
5.86419
4.9
6.1224
4.50057
6.12928
4.30378
5.11151
5.50779
4.32193
4.56768
1
5.89482
3.80128
4.8392
4.42066
5.32193
7.61471
3.95842
12.5256
4.77259
5.69349
3.67377
4.90689
6.1224
7.50779
5.45121
6.50779
5.59991
4.58496
7.71425
7.71425
4.93074
6.33985
3.51096
4.35168
7.13443
7.3837
5.5157
3.18094
4.16993
5.3339
4.32793
6.66297
5.03185
7.86419
3.30581
12.748
4.63421
5.56224
4.06916
4.12199
5.23522
6.87652
3.96578
7.92481
5.40088
5.45943
6.37504
4.32793
6.66297
5.08139
6.22239
4.44478
7.49185
5.00749
7.74147
3.55459
