169
8
8
7.41785
7.43463
6.49185
7.46761
7.46761
6.59991
7.42626
7.45121
7.40939
8
7.46761
6.61471
6.41785
6.45121
7.41785
7.43463
7.45121
5.00749
7.53138
7.40939
7.49985
5.29155
6.50779
6.48382
7.45943
8
9.29692
5.41278
7.48382
7.53138
7.44294
6.50779
7.43463
8
7.48382
7.45943
7.42626
7.43463
7.45121
6.87652
7.42626
7.45121
7.42626
8
7.47573
8
7.43463
7.47573
6.43463
7.47573
5.5157
7.53138
8
7.40939
8
13.1485
5.99247
7.49985
7.43463
7.40939
5.89885
7.55459
7.40939
8
8
5.47573
7.53916
7.5157
7.43463
7.40939
7.40939
7.42626
7.43463
7.40939
7.42626
7.43463
7.45121
7.46761
6.42626
7.53138
8
7.40939
8
9.29692
6.02975
7.55459
7.43463
7.69349
7.87652
7.45943
8
7.41785
8
8
6.50779
7.46761
7.46761
6.42626
7.53138
8
7.40939
8
12.1485
5.05166
7.45943
7.40939
7.43463
6.50779
4.94642
7.52356
8
7.42626
7.53916
6.59246
7.44294
7.41785
7.45943
7.45943
6.49185
7.50779
7.53916
7.42626
8
7.42626
7.42626
8
7.48382
6.59991
7.47573
7.53138
6.61471
7.40939
6.41785
4.9386
7.53916
7.71425
6.00749
7.48382
7.43463
7.45121
7.40939
7.41785
7.41785
5.47573
7.53916
6.00749
7.48382
7.43463
7.45121
7.40939
7.41785
7.41785
7.47573
8
12.1485
7.63662
7.43463
4.94642
6.52356
7.49185
7.49185
6.41785
7.48382
7.50779
7.40939
8
7.40939
7.53138
7.46761
7.43463
7.5157
7.45943
8
7.42626
7.53916
6.59246
7.41785
7.47573
7.40939
7.43463
7.41785
7.40939
7.46761
7.41785
7.49985
7.57743
7.45121
7.55459
7.5157
7.44294
7.45121
5.45943
7.49985
5.41278
7.48382
7.53138
8
7.43463
5.87447
7.52356
8
7.47573
8
13.1485
6.61471
7.40939
6.41785
4.9386
6.53916
6.50779
7.46761
7.59246
8
6.43463
5.53138
6.49185
7.54689
7.45943
7.47573
7.40939
8
7.40939
7.53138
7.40939
8
8
6.50779
7.46761
6.59991
7.47573
6.53138
7.59246
7.48382
4.94642
7.52356
8
7.42626
7.53916
6.00749
7.48382
7.43463
7.45121
7.40939
7.41785
7.41785
5.47573
7.53916
7.73471
7.43463
7.43463
7.41785
7.40939
7.42626
8
13.1485
7.46761
6.42626
6.50779
7.42626
7.41785
8
6.41785
7.41785
8
8
7.46761
6.57743
7.45943
7.43463
7.42626
7.48382
7.71425
6.02975
7.55459
7.40939
8
7.40939
8
9.29692
7.46761
6.42626
6.50779
7.42626
7.41785
8
6.41785
7.41785
8
8
7.46761
5.41278
7.48382
7.53138
7.44294
6.50779
7.43463
8
7.48382
7.45943
7.42626
7.43463
7.45121
6.61471
7.40939
7.46761
7.40939
7.69349
7.87652
8
9.29692
5.41278
6.48382
7.44294
7.40939
7.49985
7.41785
7.41785
7.48382
7.53138
7.40939
7.45943
7.47573
7.43463
7.45121
6.45943
4.9386
7.53916
7.71425
6.46761
7.43463
4.86625
6.59246
6.45121
13.1485
5.99247
7.49985
7.43463
7.40939
5.89885
7.55459
6.61471
7.40939
7.46761
7.40939
7.69349
6.87652
7.40939
8
7.40939
7.40939
8
9.29692
6.05166
7.44294
6.49185
7.45943
7.41785
8
8
7.46761
6.02975
7.42626
5.94642
7.53138
6.61471
5.84967
7.47573
7.44294
6.47573
6.02975
7.55459
7.43463
8
9.29692
7.63662
7.41785
7.53916
7.42626
7.43463
6.54689
7.5157
7.49185
7.49985
7.63662
7.41785
7.53916
7.42626
7.43463
6.54689
7.5157
7.49185
7.49985
7.57743
7.45121
7.40939
13.1485
6.61471
7.40939
7.46761
7.40939
7.69349
6.48382
7.49185
7.41785
7.48382
7.5157
5.96193
7.50779
7.44294
8
9.29692
6.59991
7.47573
6.41785
7.48382
5.96193
7.45121
7.40939
8
7.46761
6.59246
7.50779
7.40939
7.54689
6.59246
5.85798
6.45121
7.52356
8
7.42626
7.43463
7.40939
6.42626
7.40939
7.45121
7.47573
7.53138
6.02975
7.55459
7.43463
8
9.29692
5.41278
7.48382
7.53138
7.44294
6.50779
7.43463
8
7.48382
7.45943
7.42626
7.43463
7.45121
7.5157
5.45943
7.49985
6.61471
7.45121
7.44294
7.50779
7.40939
13.1485
6.61471
7.40939
7.46761
7.40939
7.69349
7.5157
5.45943
7.49985
6.59991
7.47573
6.41785
7.48382
5.96193
7.45121
7.40939
8
7.46761
7.5157
6.54689
7.5157
7.49185
8
12.1485
7.73471
7.43463
7.43463
7.5157
7.49185
7.48382
7.40939
7.42626
7.43463
7.45121
6.87652
7.42626
8
7.43463
8
6.45943
5.89885
5.43962
7.53138
6.59246
5.92283
7.46761
7.42626
6.43463
7.54689
7.45121
7.48382
8
8
6.40939
7.41785
7.53916
7.71425
7.5157
5.45943
7.49985
7.46761
7.41785
7.41785
7.42626
7.45943
7.42626
7.43463
7.50779
8
12.1485
6.14975
7.42626
7.53916
7.43463
5.42626
7.53916
7.87652
7.41785
8
7.48382
7.49185
7.41785
7.49985
6.59246
7.46761
7.42626
7.43463
7.40939
7.41785
7.55459
6.59246
7.44294
8
7.43463
6.42626
7.44294
7.40939
8
8
6.87652
6.42626
7.54689
7.48382
8
7.40939
8
7.43463
6.5157
7.71425
7.59246
8
7.43463
7.40939
8
7.40939
7.49185
7.41785
7.49985
7.63662
6.43463
7.54689
7.45121
5.41278
7.48382
7.53138
7.40939
7.40939
7.48382
5.85798
7.71425
6.02975
7.42626
7.44294
7.42626
7.42626
7.5157
8
9.29692
7.63662
6.43463
7.54689
7.45121
6.59991
7.47573
7.40939
7.43463
7.42626
8
8
7.44294
7.53916
5.94642
7.42626
7.41785
6.48382
7.49185
7.59246
7.40939
7.41785
7.44294
8
13.1485
7.46761
6.42626
6.50779
7.42626
7.41785
8
6.41785
7.41785
8
8
7.46761
6.00749
7.48382
7.43463
7.45121
7.40939
7.41785
7.41785
5.47573
7.53916
7.48382
8
8
6.45121
5.96193
6.50779
7.48382
3.41709
7.71425
7.59246
8
7.43463
7.45121
8
7.43463
7.45121
6.57743
7.45943
7.45943
6.49185
7.50779
7.40939
8
7.42626
7.45943
8
9.29692
7.5157
5.45943
7.49985
7.53138
7.40939
7.47573
7.43463
8
7.41785
7.42626
7.53916
6.87652
6.76155
6.41785
7.48382
7.53138
6.87652
7.40939
8
8
8
7.43463
8
12.1485
5.05166
7.45943
7.40939
7.43463
6.50779
4.94642
7.52356
8
7.42626
7.53916
7.63662
7.43463
4.94642
6.52356
7.49185
7.49185
6.41785
7.48382
7.50779
7.40939
8
7.40939
7.53138
6.59246
7.41785
7.47573
7.40939
7.43463
7.41785
7.40939
7.46761
7.41785
7.49985
6.57743
7.45943
7.43463
7.42626
7.48382
7.71425
5.00749
7.53138
7.40939
7.49985
5.29155
6.50779
6.48382
5.45943
7.49985
7.59246
6.48382
7.46761
7.42626
7.42626
7.42626
8
13.1485
7.61471
7.40939
8
5.47573
7.53916
7.46761
8
7.41785
7.40939
7.42626
8
7.46761
5.16993
7.48382
7.53138
7.53138
7.40939
7.47573
7.43463
8
7.41785
7.42626
7.53916
6.57743
7.45943
7.43463
7.42626
7.48382
8
9.29692
7.5157
7.44294
7.45121
5.45943
7.49985
5.41278
7.48382
7.53138
7.44294
6.50779
7.43463
8
7.48382
7.45943
7.42626
7.43463
7.45121
6.59991
7.42626
7.45121
7.40939
8
7.46761
7.73471
7.43463
7.43463
7.41785
7.40939
7.42626
7.53916
7.40939
8
8
7.47573
8
3.86307
9.94837
8
6.59246
6.50779
7.46761
6.87652
6.76155
6.41785
7.48382
7.53138
6.57743
7.45943
7.43463
7.42626
7.48382
8
8.29692
5.66534
7.48382
8
7.45121
7.49185
6.47573
7.40939
8
7.46761
7.5157
5.45943
7.49985
5.41278
7.48382
7.53138
7.44294
6.50779
7.43463
8
7.48382
7.45943
7.42626
7.43463
7.45121
7.5157
7.45943
8
9.29692
6.59246
5.85798
6.45121
7.52356
8
7.42626
7.43463
7.40939
6.42626
7.40939
7.45121
7.47573
7.53138
6.02975
7.55459
7.43463
7.69349
6.02975
7.55459
7.40939
8
7.40939
6.42626
13.1485
6.59246
7.50779
7.40939
7.54689
6.02975
7.55459
7.43463
7.69349
5.5157
7.53138
8
7.40939
7.49985
7.5157
7.40939
8
7.48382
8
8
6.40939
7.41785
7.53916
7.71425
7.66534
8
4.21723
5.43962
6.47573
7.45121
7.40939
7.49985
6.05166
7.44294
6.49185
7.45943
7.41785
8
8
7.46761
7.5157
7.44294
7.45121
5.45943
7.49985
6.59246
7.50779
7.40939
7.54689
7.5157
5.96193
7.50779
7.44294
8
12.1485
6.05166
5.85798
7.50779
8
7.47573
6.53138
3.41709
7.71425
7.46761
6.42626
7.53138
8
7.40939
7.49985
7.59246
7.40939
7.42626
8
7.43463
7.42626
8
7.40939
8
9.29692
6.59991
7.47573
6.41785
7.48382
5.96193
7.45121
7.40939
8
7.46761
7.57743
7.45121
7.55459
7.53138
7.40939
7.43463
7.53138
7.40939
7.43463
7.42626
8
9.29692
5.41278
7.48382
7.53138
7.43463
7.40939
7.40939
7.53138
7.5157
6.54689
7.5157
7.49185
8
13.1485
7.46761
8
7.49985
7.61471
7.40939
8
7.55459
6.48382
7.53916
7.42626
7.43463
7.42626
8
9.29692
7.53138
7.40939
7.45943
7.47573
7.43463
7.45121
6.45943
4.9386
7.53916
7.71425
6.59246
7.50779
7.40939
7.54689
7.5157
5.96193
7.50779
7.44294
7.53916
6.59246
7.50779
7.40939
8
9.29692
5.41278
7.48382
7.53138
7.44294
6.50779
7.43463
8
7.48382
7.45943
7.42626
7.43463
7.45121
6.57743
7.45943
7.45943
6.49185
7.50779
7.40939
8
7.42626
6.45943
7.71425
7.5157
5.90689
7.43463
7.41785
7.40939
13.1485
7.53138
8
7.42626
8
7.43463
7.53138
7.87652
7.45943
8
7.41785
8
7.40939
5.45943
7.49985
6.59991
7.42626
7.45121
7.40939
8
7.46761
6.00749
7.42626
7.43463
7.47573
8
7.47573
8
9.29692
6.87652
6.42626
7.69349
7.59246
6.48382
7.46761
7.42626
7.42626
7.43463
7.45121
6.00749
7.42626
7.43463
7.47573
8
5.47573
7.53916
6.00749
7.48382
7.43463
7.45121
7.40939
7.41785
7.41785
5.47573
7.53916
7.5157
7.44294
7.45121
7.45943
8
12.1485
7.87652
7.40939
5.90689
7.55459
7.43463
5.43962
7.53138
5.5157
5.53138
7.49185
7.40939
7.42626
6.43463
7.49185
6.47573
7.54689
6.00749
7.48382
7.41785
8
8
6.49185
7.53138
6.02975
7.42626
5.94642
7.53138
7.5157
7.42626
7.58496
7.63662
7.43463
4.94642
6.52356
7.49185
7.49185
6.41785
7.48382
7.50779
7.40939
8
7.40939
7.53138
7.46761
7.42626
5.90689
6.55459
7.49185
7.59246
7.49185
7.41785
7.47573
8
13.1485
7.5157
7.45943
7.41785
7.44294
6.50779
7.46761
6.59246
7.41785
7.47573
7.40939
7.43463
7.41785
7.40939
7.46761
7.41785
7.49985
5.66534
7.48382
8
7.45121
7.49185
6.47573
7.40939
8
7.46761
6.02975
7.55459
7.40939
8
7.40939
7.53138
5.14568
7.43463
7.40939
7.46761
6.40939
7.53138
5.99247
7.49985
7.45121
6.49185
6.50779
7.42626
7.41785
8
6.42626
13.1485
6.59246
7.50779
7.40939
7.54689
5.41278
7.48382
7.53138
7.44294
7.50779
7.40939
8
8
7.49185
7.49985
7.46761
6.42626
7.53138
8
7.40939
7.49985
7.53138
7.40939
7.45943
7.47573
7.43463
7.45121
6.45943
4.9386
7.53916
7.71425
6.61471
6.41785
6.45121
7.41785
7.43463
7.45121
6.59246
7.44294
7.41785
7.45943
7.45943
6.49185
7.50779
8
9.29692
6.87652
6.42626
7.69349
7.59246
6.48382
7.46761
7.42626
7.42626
7.42626
7.53916
5.94642
7.43463
7.53138
8
5.47573
7.53916
5.63662
7.42626
7.43463
7.45121
7.41785
7.41785
7.40939
8
7.43463
8
13.1485
7.5157
7.45943
7.41785
7.44294
6.50779
7.46761
7.48382
8
8
6.45121
5.96193
6.50779
7.48382
7.48382
7.41785
7.43463
6.49185
7.46761
8
9.29692
7.46761
6.42626
6.50779
7.42626
7.41785
8
6.41785
7.41785
8
8
7.46761
7.46761
8
7.49985
5.41278
7.48382
7.53138
8
7.43463
5.87447
7.52356
8
5.47573
7.53916
7.5157
7.45943
8
8.29692
7.66534
8
4.21723
5.43962
6.47573
7.45121
7.40939
7.49985
7.40939
8
8
5.47573
7.53916
6.48382
7.49185
7.43463
8
7.42626
7.42626
8
