43
6
6
7.36632
5.72792
6
5.50779
2.78136
5.50779
3.36602
2.47805
4.35962
1.70722
6.91289
5.49185
5.21917
3.08246
3.97982
6.52356
6.24793
3.80735
4.1964
2.9386
1.52057
1.09077
2.12338
0.599542
0.684595
0.714598
5.24317
5.07895
5.61471
2.19502
4.35755
1.32193
4.44626
2.58496
5.18982
3.45943
3.24793
5.44294
5.93074
3.52356
2.01123
1.50901
1.38702
4.54019
2.75489
1.62449
2.83458
7.72792
5.85798
5.24793
5.55459
4.96083
3.15295
5.97728
6.37504
4.32193
5.59096
3.02748
2.77761
1
6.12516
3
6.94251
5.51307
6.80735
2.90689
3.98765
3.23266
4.18982
1
4.91886
2.58496
5.18982
3.45943
3.24793
5.44294
2.47131
4.91886
3.06609
5
3.45943
3.61471
4.36457
3.36602
2.47805
6.44708
2.71786
4.92057
5.02237
4.24793
3.85798
0.895303
3.89724
0.554374
5.47393
3.36565
3.24793
1.85798
6.61471
6.70044
2.04182
4.58496
1
3.74664
1.2854
0.675728
6.98868
3.22239
5.85798
5.88264
5.02975
1.48368
6.55459
2.47805
4.35962
1.70722
2.38933
5.76818
1
6.26679
6.16993
6
3.67807
3.22239
4.89077
2.10852
4.54019
1
1.73697
2.75803
2.25634
6.22882
2.75489
1.62449
2.83458
7.72792
5.85798
5.24793
5.55459
7.76818
3.94251
4.32193
4.1964
2.27563
2.04182
7.16993
5.90689
6.80735
2.90689
3.6922
2.56768
2.44294
2.8893
2.98351
2.35252
4.92125
4.05063
3.07529
3.92057
4
2.32193
2.19502
4.35755
3.22239
3.0163
1
5.07895
5.61471
2.19502
4.35755
1.32193
4.18322
1.58496
1.05209
1.04134
3.98765
1
5.94251
6.63904
4.52356
3.78136
1.52057
1.09077
3.12338
3.92352
1.04134
6.86212
3.05063
4.78136
4.83289
2.16046
4.92125
4.05063
3.07529
3.92057
4
2.32193
2.19502
4.35755
3.22239
3.0163
4.87447
1.70722
2.38933
2.12433
0.599542
0.684595
0.714598
4.43582
6.02237
5.52356
5.85798
6.26679
5.50779
5.13955
7.44708
5.94251
4.49185
2.66297
6.32793
3.66297
3.87774
3.24286
1.9027
4.43741
4.1964
2.27563
2.04182
4.36257
2.90689
3.10434
2.53051
0.684595
0.714598
4.48829
1.70722
7.91289
6
1.62449
4.74147
5.78136
4.92283
4.1964
2.27563
2.04182
4.848
2.5025
6.29768
2.34792
3.20945
6.19967
5.97728
6.26679
2.558
1.26497
2.34136
3.20436
0.554374
4.39593
1.70722
2.38933
4.96083
3.59352
2.68806
4.99435
3.02554
5
3.22239
5.85798
5.61471
4.55459
3.56071
3.67807
1
4.89077
2.10852
3.74664
6.02237
5.52356
6
4.80735
2.45943
5.59096
3.72792
0.554374
3.94342
3.81592
2.02554
5.91886
2.71786
6.14296
5.78136
5.52356
4.45943
3.67243
6.70044
4.24793
4.60486
3.08746
4.76818
1.70722
6.91289
5.49185
5.21917
3.08246
3.97982
6.52356
6.24793
3.80735
6.36632
5.58496
4.41954
4.70044
1.17932
3.79518
2.6477
3.18322
3.96963
4.33985
6.26679
0.554374
2.37707
0.599542
0.684595
0.714598
5.24317
5.07895
5.61471
2.19502
4.35755
1.32193
4.44626
2.58496
5.18982
3.45943
3.24793
5.44294
2.47131
3.74894
1.76058
1.05184
0.869692
2.37707
0.599542
0.684595
5.41504
2.27302
2.2854
5.1375
3.15295
5.97728
6.37504
4.32193
5.59096
3.02748
2.77761
1
2.95523
3.92352
1
6.22882
6.14975
5.61471
5.02237
4.05889
3.45943
4.80735
1
6.12516
4.02237
3.37504
3.48308
0.554374
3.39593
1
7.13955
2.80735
2.5518
6
6
3.68182
4.8413
3.29768
6.24793
6.70044
4.24793
5.18982
3.45943
2.34792
5.12928
1.81943
3.79518
3.61599
5.02237
5.37504
4.52356
5.67243
4.83289
4.43741
4.12928
4.49185
5.37504
5.26679
3
2.5518
2.41504
5.75489
3.20511
6.26679
6
6
1.2854
0.675728
6.39232
6
6
5.45943
2.03562
3.68182
4.8413
3.88264
4.26679
4.99435
6.24793
4.04439
2.21573
3.44708
2.70308
0.866144
4.91648
1.51887
7.36632
5.61471
2.32193
4.32912
2.5502
1.70044
6.39232
6
6
5.45943
5.45943
3.36565
3.24793
1.85798
6.61471
6.70044
2.04182
2.12553
4.76818
1.70722
2.38933
5.76818
1
6.26679
6.16993
6
3.67807
3.22239
4.89077
2.10852
4.54019
1
1.73697
2.75803
2.25634
6.22882
2.75489
1.62449
2.83458
7.72792
5.85798
5.24793
5.55459
7.76818
3.94251
4.32193
4.1964
2.27563
2.04182
7.16993
5.90689
6.80735
3.09954
1.17932
2.88264
1.76058
1.05184
0.869692
5.47393
1.89616
2.11548
5.67243
3
5.3339
1.2854
0.675728
1.90122
0.599542
0.684595
0.714598
3.26589
4.23742
1.9027
3.21501
6.99435
5.78136
6.18982
4.30378
4.67243
2.27563
2.04182
4.58496
1
3.44708
2.70308
4.58496
2.8625
3.51096
6
3.15754
2.16046
3.90689
2.60334
2.16046
3.62846
2.56768
2.44294
2.8893
2.98351
2.35252
4.71961
7.06609
6
2.12338
4.92283
5.07895
5.61471
2.19502
4.35755
1.32193
4.18322
1.58496
1.05209
1.04134
6.86212
3.05063
4.78136
4.83289
2.16046
4.92125
4.05063
3.07529
3.92057
4
2.32193
2.19502
4.35755
3.22239
6.47573
1.63227
3.71272
1.51887
7.36632
5.72792
6
5.50779
2.78136
5.50779
3.36602
2.47805
3.98765
3.23266
2.8679
2.94486
6.44294
3.7866
3.10434
2.53051
0.684595
0.714598
4.71961
2.03562
3.68182
4.8413
3.88264
4.26679
4.99435
6.24793
4.04439
2.21573
3.6922
3.20511
1.87447
2.34136
1
5.24317
3.59352
5.85798
6.46761
3.48308
0.554374
4.39593
1.70722
2.38933
5.76818
3.15843
2.75803
5.42626
2.11548
4.99435
6.24793
5.64386
5.13955
1.76058
1.05184
0.869692
5.64386
3.94251
3.87447
3.0268
4.74296
4.90689
2.80735
2.88264
5.27716
4.68182
4.12928
2.58496
1.09077
1
4.2854
2.17754
0.684595
2.69622
1.70044
4.65208
2.03562
2.45943
2.90689
3.73697
1
4.42626
3.24207
4.04439
4.16993
1.17932
2.88264
1.76058
1.05184
0.869692
3.94342
3.23266
5.94251
1.39486
1.26497
5.90207
6.02237
2.90046
4.79008
3.15295
5.97728
6.37504
4.32193
5.59096
3.02748
2.77761
1
2.95523
3.92352
1
6.22882
6.14975
5.61471
5.02237
4.05889
3.45943
4.80735
1
0.584963
2.56768
4.12102
4.96963
5.65344
2.21412
5.26679
2.94486
2.05063
2.37707
0.599542
0.684595
0.714598
5.24317
5.07895
5.61471
2.19502
4.35755
5.54432
4.78136
4.05477
2.07039
1.69334
1.3278
5.64386
3.62059
2.974
4.35755
2.926
1
3.26589
6.0954
1
4.04439
1
3.44708
1
0.866144
2.48352
0.599542
0.684595
0.714598
4.71961
3.94251
3.87447
3.0268
5.59096
3.02748
5.16993
2.77259
4.71961
2.03562
3.68182
5.42626
4.61471
4.72792
4.32193
3.66297
3.87774
2.44931
6.45943
2.21412
3.94486
2.16227
6.53916
5.52356
4.05889
3.25634
1.85798
2.5518
5
5.45943
1.73697
2.75803
2.25634
3.05889
2.1803
4.55459
1.97728
1.6763
3.87774
3.97982
5.58496
4.41954
5.94251
4.24793
4.60486
2.90046
4.79008
3.01027
2.82782
3.07039
1.05184
7.65105
6
4.45943
4
4.006
6.47573
1.63227
3.1822
3.20511
5.26679
3
2.01123
6.20945
6
3.41181
5.24317
2.24207
2.92057
1.39486
1.26497
1
3.65208
3.23266
2.94251
2.42786
1.32193
3.18322
2.1803
5.13955
4.05063
3.07529
3.92057
4
2.32193
2.19502
4.35755
3.22239
3.66838
4.9386
4.05889
2.90046
5.37504
2.58496
5.18982
3.45943
3.24793
5.44294
2.47131
5.91886
2.71786
4.92057
5.02237
4.24793
3.85798
0.895303
1
3.26589
0.599542
0.684595
0.714598
3.51525
3.61599
4.43741
4.88264
3.32193
3.74664
1.2854
0.675728
6.98868
2.54253
4.12928
3.71049
4.72792
1.91754
4.91886
2.5325
1.73697
2.75803
2.25634
3.05889
7.44708
6.94251
6
1.26497
3.36602
6.2854
6.18982
5.55459
3.24207
4.04439
2.21573
2.95523
4.74664
5.23266
2.45317
2.90689
2.32193
0.869692
2.37707
0.599542
0.684595
0.714598
3.62846
3.25956
2.66297
5.74147
4.64386
4.66297
4.90689
3
2.5518
2.41504
2.43296
3.23266
2.8679
2.94486
2.05063
4.12029
4.16993
2.23266
4.49185
3.37504
2.77259
4.43582
5.02237
2.558
1.26497
3.36602
6.2854
4.32193
1.54749
1.4458
2.56478
3.23704
1.76058
1.05184
0.869692
3.39593
5.86212
6.30378
5.45943
2.45943
2.90689
3.73697
4.89077
4.80735
4.80735
5.61471
4.44294
3.89308
5.43741
3.9386
4.91886
2.03562
3.68182
5.42626
5.61471
6.24793
4.43741
2.39855
1
3.01282
4.71961
3.94251
4.45943
5.66297
3.26679
6.2854
5.78136
2.11548
3.08746
7.76818
5.61471
6
2.09686
2.91254
2.21573
4.74664
2.03562
1
1.9027
4.67807
3.76457
1.54057
7.88264
4.67243
6.50779
3.22239
6.47573
5.90689
3.83289
4.90689
5.52356
5.91886
2.71786
6.14296
5.78136
5.52356
4.45943
3.67243
6.70044
4.24793
4.60486
1
0.584963
7.50779
6.71425
2.53051
0.684595
0.714598
3.62846
3.20511
6.26679
6
6
1.2854
0.675728
5.40372
5.07895
5.61471
2.19502
4.35755
1.32193
4.44626
2.58496
5.18982
3.45943
3.24793
5.44294
2.47131
4.91886
2.03562
3.68182
4.8413
3.88264
4.26679
4.99435
6.24793
4.04439
4.16993
1.17932
4.88264
3.79998
2.41954
4.28951
7.58496
6.61471
6
6
1.17932
3.1822
1
1.87447
2.34136
1
4.59932
2.34792
3.20945
6.19967
5.97728
6.26679
2.558
1.26497
2.34136
3.20436
0.554374
3.94342
3.81592
2.02554
5.91886
2.71786
6.14296
5.78136
5.52356
4.45943
3.67243
6.70044
4.24793
4.60486
6.99435
4.78136
3.6922
2.56768
4.12102
4.96963
3.2384
7.13955
5.97728
2.45943
5.07682
2.67807
3.20436
0.554374
4.94342
1
5.20945
5.07682
6
5.1375
5.07895
5.61471
2.19502
4.35755
1.32193
4.44626
2.58496
5.18982
3.45943
3.24793
5.44294
2.47131
4.91886
3.59352
2.68806
4.99435
3.02554
3
5.86212
6.30378
5.45943
2.45943
2.90689
3.73697
4.89077
4.52356
1.49304
1
0.599542
0.684595
0.714598
4.71961
2.03562
3.68182
4.8413
3.88264
4.26679
4.99435
6.24793
4.04439
2.21573
3.6922
3.20511
1.87447
2.34136
1
6.65821
4.02237
3.37504
3.48308
0.554374
4.39593
1.70722
2.38933
4.18322
2.56768
4.44294
2.24793
1.43558
4.87447
1.70722
6.91289
5.49185
5.21917
3.08246
3.97982
6.52356
6.24793
3.80735
6.36632
5.58496
4.41954
2.47805
3.98765
3.23266
4.18982
1
3.74894
1.58496
1.05209
1.04134
2.95523
1
4.55459
2.03562
3.68182
4.8413
3.29768
2.16046
6.15987
5.75489
6
2.54253
4.12928
3.71049
4.72792
6.08746
6
6
7.36632
5.61471
2.32193
4.32912
2.5502
5.90207
3.35755
1.52057
1
4.93074
7.13955
4.97728
3.1375
5.83007
3.04439
3
3.26589
0.599542
3.96782
2.24793
1.43558
5.04439
3.09192
5.9542
6.44294
4.29768
2.34792
2.34136
3.20436
0.554374
5.47393
2.54253
4.12928
3.71049
4.72792
1.91754
2.91886
2.70308
0.866144
6.2384
4.35755
3.24793
5.59096
3.92057
5.24317
5.07895
5.61471
2.19502
4.35755
1.32193
4.44626
2.58496
5.18982
3.45943
3.24793
5.44294
2.47131
4.91886
3.06609
5
3.45943
3.61471
4.36457
3.36602
4.70044
1.17932
4.56071
1.70722
7.91289
5.97728
4.78136
4.61471
5.61471
3.4021
1.52057
1.09077
4.93074
3.61599
2.34239
1.9027
3
1
1.2854
0.675728
1.90122
0.599542
0.684595
0.714598
4.92125
4.05063
3.07529
3.92057
4
2.32193
2.19502
4.35755
3.22239
6.47573
4.45943
2.01123
1.50901
1.38702
5.63973
2.05889
3.5025
3.21501
1.05184
5.65105
4.52356
3.87447
2.8893
4.44294
4.66297
3.14296
5.14296
6.12928
2.90689
3.10434
2.53051
0.684595
0.714598
4.15571
1.51887
7.36632
5.72792
6
5.50779
2.78136
5.50779
3.36602
2.47805
6.12516
2.34792
3.4021
2.05063
4.25154
1.89812
2
2.04629
6.45943
4.05063
3.07529
5.84549
4.14296
4.78136
2.19502
1
3.75132
2.07039
4.66297
4.55459
2.974
5.8365
3.06413
5.14975
4.78136
2.19502
4.35755
5.12928
1.97728
2.16046
3.26589
0.599542
3.96782
2.24793
1.43558
6.45943
4.05063
3.07529
3.92057
4
2.32193
2.19502
4.35755
3.22239
3.0163
1
5.07895
5.61471
2.19502
4.35755
1.32193
4.18322
1.58496
1.05209
1.04134
4.35962
1.70722
6.91289
4.49185
4.55459
5.88264
6
3.89724
0.554374
4.39593
1.70722
2.38933
3.18322
1.76058
5.67243
3
5.3339
1.2854
0.675728
1.90122
0.599542
0.684595
0.714598
3.26589
4.23742
1.9027
3.21501
6.99435
5.78136
6.18982
4.30378
4.67243
2.27563
2.04182
4.58496
4.78136
1.17932
3.79518
3.15295
1.58496
1.38187
4.1375
3.23266
2.8679
2.94486
2.05063
2.37707
0.599542
0.684595
0.714598
5.24317
3.15295
5.97728
6.37504
4.32193
5.59096
3.02748
2.77761
1
6.12516
3
6.94251
5.51307
6.80735
2.90689
4.35962
1.70722
6.91289
4.49185
4.55459
5.88264
6
3.89724
0.554374
4.25154
3.0614
6.35755
5.61471
5.18982
4.1964
2.27563
2.04182
4.58496
1
3.6922
2.56768
1.98351
2.69622
2.34136
1.77372
4.71961
7.06609
6
2.12338
4.92283
5.07895
5.61471
2.19502
4.35755
1.32193
4.18322
1.58496
1.05209
1.04134
7.44708
2.80735
2.5518
6
6
3.35252
3.7761
5.35755
3.4021
1.52057
1.09077
2.12338
0.599542
0.684595
0.714598
6.65821
2.70044
4.32193
5.24793
4.43741
2.34792
0.554374
3.94342
3.01027
2.82782
1
3.45943
4.80735
7.16993
3.52356
2.01123
1.50901
1.38702
5.86212
6.52356
5.72792
5.58496
1.62449
3.57154
4.53916
4.87447
1.70722
2.38933
2.12433
0.599542
0.684595
6.67807
5.16993
2.77259
4.71961
2.03562
2.45943
2.90689
3.73697
1
4.42626
3.24207
4.04439
3.71049
5.24793
2.80735
2.5518
2.54057
5.72792
2.53051
0.684595
0.714598
4.11389
1
0.584963
5.10553
5.32912
3.4021
1.52057
4.35755
3.14296
2.95523
3.54019
6.80735
5.90689
3.34239
4.91648
2.03562
3.26679
5.16993
5.47573
1.9027
3.85244
5.35755
5.20945
5.83289
3.67243
4.1375
3.01027
2.82782
1
3.45943
5.80735
3.04439
3.67807
3.22239
4.89077
2.10852
4.54019
1
1.73697
2.75803
2.25634
3.22882
0.599542
0.684595
0.714598
4.92125
4.05063
3.07529
3.92057
4
2.32193
2.19502
4.35755
3.22239
6.47573
1.63227
3.1822
2.56768
4.12102
4.96963
3.2384
3.23266
2.8679
2.94486
2.05063
4.12029
1.97728
1.6763
1.64508
4.54019
2.58496
5.18982
3.45943
3.24793
5.44294
2.47131
6.91886
2.34792
3.4021
2.05063
4.25154
1.89812
2
2.04629
5.04439
2.71786
4.92057
5.02237
4.24793
3.85798
0.895303
1
3.92125
1.76058
5.67243
3
4.91886
2.54253
4.12928
3.71049
4.72792
1.91754
4.91886
2.5325
1.73697
2.75803
2.25634
6.22882
3.94251
3.87447
3.0268
4.74296
5.90689
4.05889
6.42626
6
6
2.12338
4.92283
5.07895
5.61471
2.19502
4.35755
1.32193
6.76818
3
4.35755
5.12928
6.24793
4.04439
2.21573
6.86212
2.67243
3.1964
3.39232
5.33985
3.16993
1.52057
1
3.12338
5.86212
3.22239
3.09954
2.6845
1.38187
2.72247
0.599542
0.684595
0.714598
5.24317
3.15295
5.97728
6.37504
4.32193
5.59096
3.02748
2.77761
1
6.12516
3
6.94251
5.51307
6.80735
2.90689
3.74664
3.79998
2.41954
4.45943
2.07039
5.66297
5.90689
3.78136
1.52057
1.09077
3.12338
1.76058
5.67243
3
1
1.70722
6.91289
4.49185
4.55459
5.88264
6
7.21917
3.04439
3.67807
3.22239
1
4.87447
1.70722
2.38933
2.12433
0.599542
0.684595
5.83007
5.04439
3
7.50779
6
4.45943
6.14296
4.78136
3.58496
6.50779
5.61471
6
3.82443
6.22882
3.61471
5.52356
4.41954
5.78136
3.63227
7.99435
2.5025
4.88264
7.60733
6
7.34873
6.12928
5.2384
2.71786
6.14296
5.78136
5.52356
4.45943
3.67243
6.70044
4.24793
4.60486
3.08746
3.18322
1.76058
1.05184
0.869692
2.37707
0.599542
0.684595
0.714598
4.71961
3.94251
4.45943
5.66297
3.26679
6.2854
5.78136
2.11548
3.08746
4.44626
1.2854
0.675728
1.90122
0.599542
0.684595
0.714598
1
4.16993
2.23266
4.49185
3.37504
2.77259
9.24317
3.61471
5.55459
5.61471
5.20945
4.83289
5.02237
5.64386
7.55459
2.61143
4.91886
2.03562
3.68182
5.42626
5.61471
6.24793
4.43741
2.39855
1
6.82018
1
3.79518
3.23266
2.8679
2.94486
2.05063
4.25154
1.51887
7.36632
5.72792
6
5.50779
2.78136
5.50779
3.36602
2.47805
4.05477
2.07039
5.66297
1.90689
3.41181
5.24317
1.89812
1
2.04629
4.23704
1.67296
2.98606
2.42786
1.32193
3.18322
5.86212
3.80735
3.3505
2.35252
3.26589
2.70308
0.866144
4.43105
3
5.94251
4.89077
2.34792
6.63904
4.1964
2.66297
5.59096
3.92057
3.62846
2.56768
5.44294
3
2.91886
0.599542
0.684595
0.714598
5.24317
5.07895
5.61471
2.19502
4.35755
1.32193
4.44626
2.58496
5.18982
3.45943
3.24793
5.44294
2.47131
3.74894
1.76058
1.05184
0.869692
2.37707
0.599542
0.684595
5.41504
2.27302
2.2854
3.65208
3.92352
5.14568
6.22882
6.14975
5.61471
5.02237
4.05889
3.45943
4.80735
1
0.584963
3.20511
1.87447
2.34136
1
4.92125
4.05063
3.07529
5.84549
4.14296
4.78136
2.19502
3.62059
1
2.37707
0.599542
0.684595
0.714598
4.71961
3.36565
3.24793
1.85798
6.61471
6.70044
2.04182
4.58496
1
3.74664
1.2854
0.675728
6.98868
3.22239
5.85798
5.88264
5.02975
1.48368
6.55459
2.47805
4.54019
2.5325
1.73697
2.75803
2.25634
6.22882
2.75489
1.62449
2.83458
7.72792
5.85798
5.24793
5.55459
5.76818
3.35364
3.22239
3.66838
1
5.02237
5.52356
4.04439
3.71049
3.44057
3.25634
1.85798
2.5518
4.41504
4.49185
4.44294
2.24793
1.43558
3.95693
1.58496
1.05209
1.04134
3.44708
0.599542
0.684595
0.714598
5.24317
3.15295
5.97728
6.37504
4.32193
5.59096
3.02748
2.77761
1
2.95523
1.76058
1.05184
0.869692
4.47393
2.56768
4.44294
2.24793
1.43558
4.1375
1
5.94251
6.63904
4.52356
4.78136
4.83289
2.16046
4.59932
2.34792
3.4021
2.05063
2.37707
0.599542
0.684595
4.83007
1.91754
4.3339
4.05063
3.07529
5.84549
4.14296
4.78136
2.19502
5.94251
4.45943
3.90689
2.56768
4.44294
2.24793
1.43558
8.04439
4.27302
4.52356
6.80735
5.61471
5.64386
4.59932
2.34792
3.4021
2.05063
2.37707
0.599542
0.684595
4.83007
1.91754
3.74894
7.44708
6.94251
5.52356
6
3.90689
2.56768
4.44294
2.24793
1.43558
4.72247
2.34792
3.4021
2.05063
2.37707
0.599542
0.684595
4.83007
1.91754
6.91886
3.22239
4.27302
2.48352
2.70308
0.866144
4.2384
1.58496
4.81762
5.55459
4.61471
3.21501
4.53492
3.0163
5.04439
2.71786
4.92057
5.02237
4.24793
5.85798
5.64386
3.58496
3.95693
1.2854
0.675728
1.90122
0.599542
0.684595
0.714598
4.71961
1
0.584963
3.71049
4.72792
6.08746
6
5.49185
0.599542
3.96782
2.24793
1.43558
4.87447
2.8625
1.64508
1
0.599542
0.684595
0.714598
4.11389
5.01792
5.61471
2.32193
7.65105
5.9542
2.09686
3.67807
3.22239
4.89077
3.07039
2.90046
6.37504
3.90689
4
4.05889
3.08246
3.97982
2.27563
2.04182
4.848
2.5025
2.88264
1.76058
1.05184
0.869692
4.25154
1.89812
1
4.65344
2.60733
3.71049
3.92057
3.51525
3.23266
2.94251
4.01282
6.04439
3.32193
3.44708
2.70308
0.866144
3.2384
2.07039
5.66297
1.90689
3.41181
3.92125
1.76058
1
3.18322
1.76058
6.99435
4.78136
4.49185
1.87447
1.70044
3.37197
2.70308
0.866144
2.48352
0.599542
3.96782
2.24793
1.43558
5.04439
5.01792
5.61471
2.32193
7.65105
5.9542
2.09686
3.67807
3.22239
4.89077
3.07039
2.90046
6.37504
3.90689
4
4.05889
3.08246
3.97982
2.27563
2.04182
4.848
5.67243
3
2.5518
2.41504
5.75489
7.06609
6
2.12338
6.50779
3.61471
5.52356
4.41954
5.78136
3.63227
3.08746
4.18322
3.23266
2.8679
2.94486
6.44294
3.7866
6.42626
6
6.94251
5.04439
6.12928
5.61471
4.36923
4.43741
7.36632
2.10852
4.05477
2.07039
5.66297
1.90689
3.41181
4.59932
2.34792
3.20945
7.19967
3.11548
4.24793
5.61471
3.05889
3.48308
0.554374
2.37707
0.599542
0.684595
0.714598
4.48829
1.70722
6.91289
5.49185
5.21917
3.08246
3.97982
6.52356
6.24793
3.80735
4.1964
2.27563
2.04182
2.12553
3.18322
1.76058
1.05184
0.869692
3.94342
3.23266
2.8679
2.94486
2.05063
4.39593
2.152
1
4.87447
2.8625
1.64508
2.95523
6.44708
6.26679
2.60204
3.67807
0.554374
3.39593
3.86212
1.43558
4.72247
2.71989
5.9542
6.26679
4.50779
4.88264
3.05063
1.52057
1.09077
6.93074
4.05063
3.07529
3.92057
4
2.32193
2.19502
4.35755
3.22239
3.0163
1
5.07895
5.61471
2.19502
4.35755
1.32193
5.76818
3.39855
6.04439
4.88264
3.89308
5.02237
5.52356
4.24793
4.60486
2.41504
5.61471
5.93074
3.05889
7.50779
6
6
6
2.12338
6.50779
2.03562
3.68182
1.9027
4.67807
1.70044
3.65208
3.23266
2.8679
2.94486
2.05063
2.37707
0.599542
0.684595
0.714598
4.11389
2.58496
5.18982
3.45943
3.24793
5.44294
2.47131
4.91886
3.15295
5.97728
6.37504
4.32193
5.59096
3.02748
2.77761
1
6.12516
3
6.94251
5.51307
6.80735
3.09954
1.17932
3.1822
2.56768
2.44294
4.54137
2.83289
1.75899
3.08746
3.54019
6.80735
5.90689
3.34239
5.65344
1
3.07529
5.84549
4.14296
4.78136
2.19502
3.62059
1
5.47393
2.54253
4.12928
3.71049
4.72792
1.91754
2.91886
2.70308
0.866144
3.2384
5.65535
4
3.73697
2.89077
2.34792
1.70044
5.1375
5.07895
5.61471
2.19502
4.35755
6.12928
3
2.01123
1.50901
1.38702
5.63973
3.47393
4.85798
5.2854
5.64386
5.67243
3.80735
3.24207
3.45943
3.54432
0.869692
3.39593
1.76058
1.05184
0.869692
4.47393
1
4.75489
2.71272
4.41504
1.3744
4.88264
2.62059
4.18982
4.43741
4.67243
5.43741
3.07039
5.80735
6.70044
3.55459
4
0.554374
4.12029
2.60733
2.12553
5.44626
7.06609
6
2.12338
4.92283
5.07895
5.61471
2.19502
4.35755
6.12928
3
2.01123
1.50901
1.38702
4.98765
5.85798
5.52356
4.45943
3.67243
6.70044
4.83289
5.45943
1.2854
4.94251
5.58496
4.9542
4.83289
2.16046
3.92125
1.76058
1.05184
0.869692
5.18442
5.85798
5.52356
1.38187
4.58496
3.94251
4.32193
4.1964
2.27563
2.04182
7.16993
5.90689
2.90046
4.79008
1
5.35755
6.02237
5.55459
5
4.94251
5.43741
3.9386
3.74894
3.86212
1.43558
5.04439
1.75633
4.62059
7.19967
5.70044
4.52356
3.10434
2.53051
0.684595
0.714598
4.92125
2.21412
4.26679
7.99435
5.72792
4.75489
4.79008
2.8625
1.64508
2.95523
6.12516
3.40599
5.55459
4.68182
5.02237
2.9386
1.52057
1.09077
3.12338
2.1803
3.96963
2.71786
3.92057
5.16993
2.9386
6.04439
4.58496
4.1964
2.77259
4.11389
2.5325
1.73697
2.75803
2.25634
3.22882
0.599542
0.684595
0.714598
4.11389
7.33985
6
5.61471
5.52356
7.44708
2.92057
3.45943
2.34792
1.70044
4.28951
7.06609
6
2.12338
6.50779
2.03562
3.68182
1.9027
4.67807
1.70044
4.87447
2.71786
6.72792
4.45943
4
4.05889
3.08246
3.82782
2.34792
0.554374
2.37707
0.599542
3.96782
2.24793
1.43558
5.04439
7.33985
6
5.61471
4.52356
2.34792
6.20945
2.96347
4.92057
3.43741
5.67243
5.58496
2.41954
4.65208
3.94251
6.45943
5.61471
4.62059
3.87774
3.97982
4.848
6.04439
5.49185
2.69622
1.70044
1
7.96
6.39232
5.43741
3
2.91886
6.77347
2.32193
3
4.16993
4.44626
5.02237
2.558
1.26497
1.70044
3.65208
2.1803
3.96963
2.56768
2.44294
1.6763
3.87774
4.82782
2.15754
7.15987
6
5.67243
4.03562
4.33985
1.87447
1.70044
4.65208
2.03562
3.68182
4.8413
3.29768
2.16046
5.36632
2.45943
4.006
3.0163
4.23704
3.81592
2.02554
3.74894
3.20511
6.26679
7.71425
6
3.02748
7.16993
6
2.9542
3.848
3.05889
3.92283
2.152
2.21501
1
3.54019
2.41504
3.29278
5.57491
5.67243
3.2854
2.21573
3.44708
0.599542
3.96782
2.24793
1.43558
6.45943
4.05063
3.07529
3.92057
4
2.32193
2.19502
4.35755
3.22239
3.0163
1
5.07895
5.61471
2.19502
4.35755
1.32193
4.18322
1.58496
1.05209
1.04134
4.54019
2.54253
3.54432
2.83458
1.77372
4.48829
1.70722
6.91289
4.49185
4.55459
5.88264
6
3.89724
0.554374
3.39593
1.76058
1.05184
0.869692
3.39593
3.86212
1.43558
3.95693
2.60733
3.71049
3.92057
4.92125
3.39855
4.45943
4
4.006
3.0163
3.23704
5.86212
6.30378
5.45943
4.66297
3.78136
5.58496
2.34792
0.554374
5.47393
2.54253
4.12928
3.71049
4.72792
1.91754
4.91886
2.5325
1.73697
2.75803
2.25634
3.05889
2.1803
5.13955
2.75489
1.62449
2.83458
7.72792
5.85798
5.24793
5.55459
7.76818
3.94251
4.32193
4.1964
2.27563
2.04182
7.16993
5.90689
2.90046
4.37504
2.56768
2.44294
2.8893
2.98351
2.35252
3.51525
3.23266
5.94251
6.63904
4.52356
3.78136
1.52057
1.09077
3.12338
3.92352
1.04134
6.86212
3.05063
4.78136
4.83289
2.16046
4.92125
4.05063
3.07529
3.92057
4
2.32193
2.19502
4.35755
3.22239
4.47573
3.65535
6.42626
6
6
2.12338
6.50779
2.03562
3.68182
1.9027
4.67807
1.70044
3.65208
3.23266
2.8679
2.94486
2.05063
4.12029
1.97728
1.6763
1.64508
4.98765
1
4.26679
1
5.72792
4.75489
4.79008
2.8625
1.64508
2.95523
3.86212
1.43558
8.04439
2.80735
2.5518
4.41504
3.90689
0.684595
0.714598
5.24317
1.67296
4.36457
3.3505
1
5.91289
3.55459
3.24793
1.52057
1.09077
4.93074
3.01027
1
6.39232
2.56071
3.2854
4.16993
5.26679
3
2.5518
2.41504
5.75489
1.2854
0.675728
1.90122
0.599542
0.684595
0.714598
4.48829
1.70722
6.91289
5.49185
5.21917
3.08246
3.97982
6.52356
6.24793
3.80735
4.1964
2.27563
2.04182
2.12553
3.18322
1.76058
1.05184
0.869692
2.37707
0.599542
3.96782
2.24793
1.43558
6.04439
2.70044
2.73697
4.29768
2.70308
0.866144
4.06848
2.1803
4.55459
3.22239
4.85798
4.45943
4.58496
1.32193
4.96083
1
0.584963
4.99435
4.24793
1
2.95523
4.74664
3.85415
1.77372
4.48829
1.70722
6.91289
4.49185
4.55459
5.88264
6
3.89724
4.12928
