171
8
8
8.88528
7.94837
5.02975
9.10236
3.23083
2.72792
3.76963
1
5.53917
3.20705
11.2974
3.12776
5.06664
2.70268
1
3.72023
7.6009
6.79276
5.35745
3.69173
4.22817
2.56946
5.35348
0.913813
4.17935
2.63306
4.12343
4.8945
1
3.05068
2.96905
1
5.35848
2.15081
8.74387
7.08504
3.00671
10.6749
8.87958
3.81526
0.612125
4.44958
0.512244
5.5261
3.89562
1
5.22304
3.68514
4.60837
1
0.584963
5.47484
4.38011
5.3013
8.16453
1.14461
3.01012
5.70252
3.95643
3.46081
4.79915
2.26774
1.36245
4.22459
8.84798
4.5297
4.9264
2.69721
9.6472
2.43948
4.73903
2.15081
8.74387
7.08504
3.00671
10.6749
2.65076
4.91488
3.50911
8.11471
5.09493
3.14206
2.89988
3.76963
4.74133
6.15957
4.6145
6.66321
5.57491
2.56702
9.50633
1.74758
5.89261
1.41689
4.83007
3.52483
3.00671
3.00567
4.53937
4.44068
1.56941
6.08495
0.458015
7.44088
4.03889
1.27037
6.09899
3.48227
3.49044
3.13912
2.20849
6.08262
5.44405
4.74133
5.53917
3.20705
2.74713
6.59351
1
6.32626
5.85798
5.05528
4.51204
3.45089
6.8346
1
5.5261
4.12916
4.28364
3.31937
5.18637
3.64994
3.89562
2.37616
1
3.68514
4.60837
1
0.584963
4.94979
0.416755
7.74858
5.35745
3.10886
1.56941
1
6.4808
8.84798
4.5297
9.33454
4.60422
2.89812
4.3382
1.29668
1.25982
5.61726
2.32646
4.39482
1
4.50712
6.35406
3.05068
2.96905
3.45089
4.14017
4.48835
4.8945
2.55306
3.05068
1
0.584963
9.14403
1.71607
3.03081
1.06029
4.9264
2.61034
6.31485
6.55592
1
3.09653
4.22817
1
0.584963
6.15185
1.06029
8.83831
1.77705
3.58195
4.30857
3.19937
5.61726
1
4.39482
5.47316
4.50712
6.35406
3.05068
2.96905
3.45089
4.14017
4.78688
3.20705
2.74713
3.71822
0.913813
4.17935
2.63306
6.67626
2.68541
1
8.09497
3.19261
1
2.72468
8.32512
11.8728
5.26053
3.2637
4.6914
2.32666
3.8821
3.96279
1
4.63717
5.35745
3.10886
1.56941
6.37378
1.56822
1.90109
0.163465
4.17935
2.63306
6.14845
1
11.7999
4.61471
2.37616
4.8225
0.924394
4.1786
5.35745
3.10886
1.56941
5.31549
0.0416604
5.22197
5.32856
3.9096
7.2247
2.00603
9.53085
1.95957
1.69383
4.76963
6.54391
1.41689
1
0.584963
2.74713
5.47484
2.8697
3.78822
10.0201
3.69686
5.6893
3.48227
6.33509
7.00638
2.97659
6.53496
4.51204
3.45089
6.8346
1
7.44088
2.68541
1
3.60602
1.43857
2.99882
3.01012
6.75499
1.41689
4.82595
10.1285
3.20353
5.34784
4.6145
7.6143
3.57845
3.6045
3.5495
1.26202
4.82169
5.83724
3.11714
0.859471
5.3933
3.20705
11.2974
3.12776
5.06664
2.70268
1
3.72023
7.6009
6.79276
6.48021
3.07175
5.19447
7.17132
0.0943134
4.4853
4.07288
4.42557
9.39076
3.69817
5.98351
1.41689
4.84665
0.913813
4.17935
2.63306
4.12343
4.8945
1
3.05068
2.96905
1
5.35848
2.15081
8.74387
7.08504
3.00671
10.6749
2.65076
1.70977
1.40203
6.49957
2.44874
4.84665
0.913813
4.17935
2.90607
3.1844
0.929222
4.67408
4.38011
5.3013
8.16453
1.14461
3.01012
5.70252
3.95643
3.46081
1
6.15185
6.39778
3.90138
5.2398
6.04591
2.49516
5.07176
5.71132
6.78243
1
7.16969
7.23019
6.80436
9.68989
1
1.55676
2.76014
9.61522
0.155398
4.6576
3.31018
4.02385
2.79429
4.61581
1.60407
3.42487
4.82169
5.83724
3.92341
5.71132
1
6.77444
1
4.4853
3.91545
6.42467
7.32373
3.55029
4.66652
5.35931
2.30479
8.9133
3.28808
7.17534
11.4497
5.44294
4.67303
1.15907
8.97441
2.93637
6.27302
5.52115
1
4.03889
1.27037
9.55842
1.08543
4.17393
3.11048
3.15085
2.79429
4.61581
1.8199
3.23566
8.75029
5.72294
3.72379
2.04954
4.64289
4.65945
3.79922
3.67644
3.05274
7.07793
4.91803
4.8519
2.32144
5.07849
2.60105
15.4669
5.90689
7.43463
2.35364
3.40924
3.52483
1
3.00567
4.53937
4.44068
1.56941
1.38031
5.3933
3.20705
2.74713
6.59351
1
6.32626
5.85798
5.05528
4.51204
3.45089
6.8346
1
5.5261
4.12916
4.28364
3.31937
5.18637
3.64994
3.89562
2.37616
1
3.68514
4.60837
1
0.584963
4.94979
0.416755
7.74858
5.35745
3.10886
1.56941
1
6.4808
8.84798
6.29523
0.0943134
1.68436
1.40203
6.49957
2.44874
4.83007
1.61465
3.42827
11.0916
1
4.88841
4.03889
1.27037
3.03486
0.913813
4.17935
2.63306
5.29485
3.86486
2.61172
1
8.24978
3.04111
3.14849
6.8395
3.41825
3.10886
1.56941
6.08495
0.458015
4.64289
4.65945
8.88196
3.82353
3.68605
6.01123
5.48633
2.07909
2.46973
9.23903
3.19937
8.34383
4.60422
2.89812
4.3382
1.29668
1.25982
4.68633
1
10.2854
0.815814
3.34239
4.8945
2.55306
3.05068
1
0.584963
9.14403
1.71607
3.03081
1.06029
8.83831
1.77705
3.58195
4.30857
3.19937
5.61726
1
4.39482
5.47316
4.50712
6.35406
3.05068
2.96905
3.45089
6.32981
0.26194
4.79673
3.05274
8.88528
7.94837
5.02975
9.10236
3.23083
2.72792
3.76963
1
4.9264
2.69721
2.29469
2.96354
7.34797
1.76493
1.90109
0.163465
4.17935
2.63306
4.0726
3.15085
2.79429
4.61581
1.8199
3.23566
8.75029
5.72294
3.72379
2.04954
9.33454
2.93637
3.19502
1
2.8529
4.12343
2.8697
5.63859
8.13049
9.68989
1.41689
5.21788
3.20705
2.74713
4.73549
2.03594
3.31937
1.69493
3.42827
8.75029
2.8959
3.35712
2.72468
1.40203
6.49957
2.44874
4.06211
1.34727
5.23612
2.94363
6.65696
6.79356
0.0730635
1.68436
4.52894
6.61429
3.02148
5.17604
2.56946
5.06029
7.15195
0.923711
4.17935
5.77723
2.60105
4.0767
3.15085
4.97905
2.05231
3.99415
5.77727
2.30803
6.07132
3.72379
4.33494
0.0943134
1.68436
1.40203
6.49957
2.44874
4.39711
2.61034
8.60243
1.85148
1.69383
4.04606
5.83806
2.84394
5.1133
4.38011
5.3013
8.16453
1.14461
3.01012
5.70252
3.95643
3.46081
1
6.15185
6.39778
3.90138
5.2398
6.04591
2.49516
5.07176
5.71132
6.78243
1
9.33454
4.60422
4.62059
1.34363
5.43418
1
2.5833
2.96354
2.9942
4.84665
0.913813
4.17935
2.63306
4.12343
4.8945
1
3.05068
2.96905
4.72332
0.458015
8.79587
3.18391
3.40788
2.63865
4.06211
4.39767
4.4653
4.29153
5.92144
3.36796
5.29485
5.30443
6.86479
3.72379
2.04954
4.64289
4.65945
3.79922
4.26957
0.913813
4.17935
2.63306
4.0726
1.34727
5.23612
2.94363
1
5.70252
5.01302
3.36796
4.0726
3.15085
2.79429
6.58716
5.21842
3.07719
4.5698
2.32666
3.8821
3.529
6.0599
3.34806
1
4.19481
8.6351
6.10387
2.75489
3.79882
0.265894
4.6576
4.93467
1
4.28364
3.31937
5.18637
2.82415
2.76014
1
4.44694
4.3673
3.8821
4.12458
3.07175
4.54046
3.54702
5.83724
3.15064
2.84394
4.42419
3.10727
2.44181
3.94107
6.49957
9.94593
6.48382
2.24001
1.62405
6.08339
6.32981
0.26194
9.26053
2.93637
8.44294
1.72128
0.612125
12.2111
6.44294
3.30765
3.39944
3.6978
7.92491
1.85148
1.69383
2.60105
3.80509
2.61034
8.04603
2.27952
1.20395
1.73572
1
5.91751
2.32646
4.39482
1
4.50712
6.35406
3.05068
2.96905
3.45089
2.59904
5.00584
4.45779
1
5.0101
2.15081
8.74387
7.08504
3.00671
10.6749
2.65076
5.34784
4.6145
6.66321
5.57491
2.56702
9.50633
1.74758
3.30765
5.29485
0.913813
4.17935
2.63306
3.50355
3.91545
6.49506
9.42249
3.25691
7.44088
4.03889
1.27037
4.42914
3.60945
3.02148
5.88094
7.78741
1
4.73903
4.12916
4.28364
3.31937
5.18637
2.82415
8.32512
11.5833
4.66534
1.69383
3.76963
1.74878
6.66448
5.76777
6.07132
3.72379
1
1.68153
7.15018
7.27851
6.58298
2.05231
4.8519
2.44874
4.84665
0.913813
4.17935
2.63306
8.34383
1
2.11884
7.3123
6.63602
4.45474
11.1066
5.44294
4.67303
1.15907
4.88695
2.69721
2.29469
2.96354
2.9942
8.152
4.18391
7.03001
3.28808
6.80436
3.36796
6.67626
7.72132
1.95957
1.69383
3.76963
4.57969
7.75616
1.4331
7.53618
5.11864
1.69002
1.40203
6.49957
2.44874
1.55676
5.76893
9.46459
2.36702
4.97905
2.05231
3.99415
1.13079
7.93306
1
4.74612
5.09676
3.80548
6.85772
1.0117
4.42184
3.15085
2.79429
6.58716
5.59694
4.93137
6.32374
1
9.39714
3.28951
4.0726
1.34727
2.14564
2.05409
1.8216
6.56098
0.924394
3.42827
0.859471
9.24639
2.41013
3.09233
5.27606
4.96873
2.04954
3.80735
3.15085
2.79429
6.43353
4.70469
5.22982
0.132492
7.69168
3.56506
2.26849
3.45089
6.89431
7.89822
5.25137
5.67807
1
5.34784
4.6145
7.6143
3.57845
3.6045
3.5495
1.26202
4.82169
5.83724
3.11714
6.54593
0.666287
14.6051
5.56224
0.163465
4.17935
2.63306
8.34383
2.93637
6.27302
5.52115
1
4.03889
1.27037
5.09899
4.8945
1
3.05068
2.96905
1
5.35848
2.15081
8.74387
7.08504
3.00671
10.6749
2.65076
4.42184
3.15085
2.79429
4.61581
1.8199
3.23566
8.75029
5.72294
3.72379
4.33494
0.0943134
6.69168
3.9442
3.57457
5.34793
6.24228
11.7682
8.99718
5.43296
0.0943134
9.26053
2.93637
3.19502
1
2.8529
4.42109
5.32856
3.9096
7.2247
2.00603
9.53085
1.95957
1.69383
4.76963
6.54391
1.41689
4.82595
10.1285
3.20353
5.34784
4.6145
7.6143
3.57845
3.6045
3.5495
1.26202
4.82169
5.83724
3.11714
8.24978
0.458015
9.33454
4.60422
4.62059
1.34363
3.88264
6.65203
2.00603
4.97905
3.20678
5.65437
6.54391
1.41689
5.10635
1
6.56778
3.20678
1.81471
4.67408
4.8945
2.55306
3.05068
1
0.584963
5.35848
2.15081
8.74387
7.08504
3.00671
10.6749
2.65076
5.08481
2.8697
3.78822
10.0201
3.69686
2.22987
5.76893
9.46459
2.36702
4.97905
2.05231
3.99415
6.8346
4.95241
0.678487
1.64942
0.913813
4.17935
2.63306
4.0726
3.15085
2.79429
4.61581
1.8199
3.23566
8.75029
5.72294
3.72379
2.04954
9.33454
2.93637
3.19502
1
2.8529
7.48173
7.23019
6.80436
9.68989
1
5.21788
3.20705
2.74713
9.14403
4.60422
4.03562
5.93259
5.90795
4.78688
3.20705
11.2974
3.12776
5.06664
2.70268
1
3.72023
7.6009
6.79276
6.48021
3.07175
5.19447
4.74133
4.9264
2.69721
9.6472
2.43948
5.91488
1.71607
3.03081
1.06029
1.68153
1
3.36543
3.15085
2.79429
4.61581
1.60407
1.4062
8.73905
3.89885
4.56478
3.60945
3.02148
5.88094
7.78741
6.00749
4.74296
2.066
7.07793
4.91803
4.8519
2.32144
5.07849
4.35611
3.56881
4.22817
2.56946
5.0178
6.65203
1.09684
3.88225
8.63591
0.551217
5.76107
5.29485
0.913813
0.903912
5.93259
5.90795
4.77586
4.13134
3.68459
3.21284
1.92716
4.2713
4.76963
6.54391
1.41689
4.83007
3.60945
3.02148
5.88094
7.78741
1
6.08481
4.65945
3.79922
4.07243
5.33983
5.19456
3.01012
1.33495
4.12343
4.8945
1
3.05068
2.96905
1
5.35848
2.15081
8.74387
7.08504
3.00671
10.6749
2.65076
4.91488
3.50911
8.11471
5.09493
3.14206
2.89988
3.76963
7.17132
0.0943134
5.09328
3.20705
7.64342
5.25683
2.92416
7.15962
5.86561
3.37195
4.22817
2.56946
5.0178
1
5.83883
1
5.76107
6.67626
4.03889
1.27037
3.03486
0.913813
4.17935
2.63306
5.61726
2.32646
4.39482
1
4.50712
6.35406
3.05068
2.96905
3.45089
10.4591
2.45251
0.612125
4.44958
0.512244
4.82159
1
2.69771
2.59174
6.49957
9.53089
5.52356
5.23612
4.3382
9.00502
6.52513
2.45716
5.98203
5.43227
1.56822
1.90109
0.163465
4.17935
2.63306
4.97717
1
8.88528
7.94837
5.02975
9.10236
3.23083
2.72792
3.76963
1
4.79915
5.32856
1
2.9942
3.66657
1
4.28349
5.50639
6.0599
2.32646
3.53285
6.2665
2.16156
4.14899
3.05068
1.8415
7.87213
3.18391
4.02563
5.32226
1.96138
5.47715
10.5097
2.33065
4.14899
3.05068
2.96905
5.13271
2.75184
3.19937
5.29485
0.913813
0.903912
5.93259
5.90795
6.0599
2.32646
4.39482
1
4.50712
6.35406
3.05068
2.96905
3.45089
4.14017
4.48835
4.8945
2.55306
3.05068
1
0.584963
9.14403
1.71607
3.03081
1.06029
5.53917
3.20705
11.2974
7.88264
2.79317
11.2345
3.59826
5.89261
1.41689
5.21788
3.20705
2.74713
1.73572
1.40203
11.0916
2.6386
4.88841
4.03889
1.27037
3.03486
0.913813
4.17935
2.63306
5.29485
3.86486
2.61172
1
8.24978
3.04111
3.14849
6.8395
3.41825
3.10886
1.56941
6.08495
7.57592
0.0943134
4.24632
4.38011
6.31922
4.77211
4.46605
2.69721
2.29469
2.96354
2.9942
4.84665
0.913813
4.17935
2.63306
4.12343
4.38011
5.3013
8.16453
1.14461
3.01012
5.70252
3.95643
3.46081
4.79915
2.26774
1.36245
4.22459
8.84798
4.5297
5.53917
3.20705
11.2974
7.88264
2.79317
11.2345
3.59826
5.89261
1.41689
5.39253
3.42006
2.33088
5.03593
3.92341
5.35745
3.10886
1.56941
6.08495
0.458015
9.33454
4.60422
4.62059
5.77723
4.76963
2.8529
4.68633
11.359
10.2854
1
3.34239
4.8945
2.55306
3.05068
1
0.584963
9.14403
1.71607
3.03081
1.06029
8.53808
0.155398
4.6576
1
4.66534
1.97391
3.17614
7.56699
3.37195
4.22817
2.56946
5.35348
0.913813
4.17935
2.63306
7.48173
4.10681
4.5698
5.55301
1.7876
8.36739
1.41689
4.39711
3.10727
2.44181
1
0.584963
6.78243
9.33494
1.5518
0.612125
4.44958
0.512244
3.05051
12.0243
3.88671
4.77961
2.37616
2.58149
1.14662
4.78688
3.20705
2.74713
3.71822
0.913813
4.17935
8.01747
5.01302
3.36796
4.0726
3.15085
4.97905
2.05231
3.99415
5.77727
2.30803
6.07132
3.72379
4.82398
11.0272
2.91427
4.67303
4.98423
4.27053
0.163465
4.17935
2.63306
4.79451
1
4.72455
6.77018
4.00733
1
4.22817
5.75457
2.11438
1.68153
6.71689
8.84798
4.71027
5.77655
3.03298
3.15085
2.98606
4.30304
5.77727
2.61172
4.22953
1
4.33242
7.21924
3.81057
4.46605
3.10727
2.44181
1
0.584963
7.67832
0.551217
4.51204
3.45089
6.8346
1
5.5261
4.12916
4.28364
3.31937
5.18637
6.90299
0.913813
4.17935
2.63306
5.61726
2.32646
4.39482
1
4.50712
6.35406
3.05068
2.96905
3.45089
6.32981
0.26194
9.26053
4.60422
4.62059
1.34363
3.88264
2.69721
2.29469
2.96354
2.9942
8.152
4.44694
4.3673
1.18776
5.5261
1
8.74387
7.08504
3.00671
10.6749
2.65076
4.99735
5.32856
6.9096
2.9942
3.66657
1
4.28349
5.50639
5.47493
4.6145
6.66321
5.57491
2.56702
9.50633
1.74758
3.30765
1.6948
1.40203
11.0916
2.6386
4.91488
3.60945
3.02148
5.88094
7.78741
1
4.73903
4.12916
4.28364
3.31937
5.18637
5.25757
1.34727
5.23612
2.94363
6.65696
6.98901
1.90447
5.79704
8.93664
10.2854
0.815814
3.34239
4.8945
2.55306
3.05068
1
0.584963
3.77975
2.26774
2.96905
5.08105
5.72294
3.72379
2.04954
9.51208
5.89691
3.29022
7.064
3.92057
2.94262
4.22817
2.56946
1.50295
8.13909
5.99669
4.32648
3.72418
4.77211
5.42247
0.913813
4.17935
2.63306
4.12343
4.38011
5.3013
8.16453
1.14461
3.01012
5.70252
3.95643
3.46081
4.79915
2.26774
1.36245
4.22459
8.84798
4.5297
7.44088
3.9442
3.57457
8.27705
3.18391
10.8237
1.852
3.09653
4.22817
1
0.584963
1.40203
11.0916
1
5.71557
3.20705
11.2974
7.88264
2.79317
11.2345
3.59826
7.76708
0.551217
4.51204
3.45089
1
4.78688
3.20705
2.74713
3.71822
0.913813
4.17935
8.63591
8.01247
1.33991
14.6051
7.56224
5.44144
7.6143
8.7879
2.01475
10.6982
5.1611
3.17991
3.76027
9.86451
1.46066
4.28622
4.49185
2.75951
3.33948
6.51896
0.0416604
6.69168
8.35359
4.32193
3.30262
1
4.95191
4.6145
7.6143
3.57845
3.6045
3.5495
1.26202
4.82169
5.83724
3.11714
0.859471
1.73572
1
6.49957
2.44874
4.84665
0.913813
4.17935
2.63306
4.0726
1.34727
2.14564
2.05409
1.8216
6.56098
0.924394
3.42827
0.859471
6.67803
4.03889
1.27037
3.03486
0.913813
4.17935
2.63306
7.87213
4.18391
7.03001
3.28808
6.80436
3.36796
8.29678
3.11777
4.8437
5.86561
4.33242
5.35931
2.49516
2.77348
8.48398
1.5722
4.42184
3.15085
2.79429
6.58716
5.59694
4.93137
6.32374
1
9.39714
5
0.0762967
4.4853
2.69721
2.29469
2.96354
2.9942
5.39253
3.05274
8.88528
7.94837
5.02975
9.10236
3.23083
2.72792
3.76963
1
8.79587
3.18391
10.8237
2.22907
1
3.39944
3.90042
4.28349
5.50639
4.48835
3.69323
8.16667
2.27952
1.20395
1.73572
8.13909
7.13805
3.0017
1.25982
5.29485
4.65945
3.79922
3.71383
2.26774
9.53166
4.29583
4.2713
5.56642
5.11067
3.2637
3.01012
1.33495
8.34383
4.60422
4.35755
4.06228
6.08481
0.913813
4.17935
2.63306
4.12343
4.8945
1
3.05068
2.96905
1
5.35848
2.15081
8.74387
7.08504
3.00671
10.6749
2.65076
1.70977
1.40203
6.49957
2.44874
4.84665
0.913813
4.17935
2.90607
3.1844
0.929222
1.48763
6.15185
6.39778
3.90138
5.2398
6.04591
2.49516
5.07176
5.71132
6.78243
1
9.33454
2.93637
3.19502
1
2.8529
5.61726
2.32646
3.53285
6.2665
2.16156
4.14899
3.05068
10.7541
1.41689
4.84665
0.913813
4.17935
2.63306
4.68633
3.52483
3.00671
3.00567
4.53937
4.44068
1.56941
6.08495
0.458015
7.44088
4.03889
1.27037
6.09899
3.48227
3.49044
3.13912
2.20849
6.08262
5.44405
4.74133
5.5261
1
4.28364
3.31937
5.18637
3.64994
3.89562
2.37616
1
3.68514
4.60837
1
0.584963
4.6494
7.15217
3.45089
2.59904
6.51485
4.8243
6.86479
1
4.82398
1.86734
3.79882
0.265894
4.6576
7.19771
5.45121
4.03562
5.93259
5.90795
7.72732
1.71607
3.03081
1.06029
1
0.913813
4.17935
2.63306
4.12343
4.38011
5.3013
8.16453
1.14461
3.01012
5.70252
3.95643
3.46081
1
1.40203
6.49957
2.44874
8.17275
4.60422
4.03562
5.93259
5.90795
4.46605
2.61034
6.31485
6.55592
1
3.58195
4.30857
3.19937
4.42109
5.32856
6.9096
2.9942
4.84665
0.913813
4.17935
11.6157
1
5.24351
2.32646
3.53285
6.2665
2.16156
4.14899
3.05068
13.924
4.49185
7.69349
4.60422
4.03562
5.93259
5.90795
7.90789
2.18655
1
6.97351
9.15962
3.05504
4.42109
5.32856
6.9096
2.9942
4.84665
0.913813
4.17935
11.6157
1
0.584963
8.32512
9.26137
10.3038
5.15381
7.69349
4.60422
4.03562
5.93259
5.90795
3.37807
5.32856
6.9096
2.9942
4.84665
0.913813
4.17935
11.6157
1
4.99735
3.48227
1
4.26957
4.65945
3.79922
7.1337
1.71607
2.36184
3.31487
0.475348
2.59174
5.32953
4.14017
5.47493
4.6145
6.66321
5.57491
2.56702
8.47985
6.18566
5.50779
6.60533
4.03889
1.27037
3.03486
0.913813
4.17935
2.63306
4.68633
3.60945
3.02148
5.88094
7.78741
9.17742
8
5.37156
0.913813
0.903912
5.93259
5.90795
4.78688
1.94627
1.18776
4.64289
0.913813
4.17935
2.63306
4.79451
3.25945
6.01813
4.8519
2.75282
5.08927
5.27606
4.51204
3.45089
1.13079
4.69768
1
11.674
1.09954
1.28705
4.02333
2.70268
3.74712
3.10886
1.56941
5.31549
0.0416604
1.68436
1.40203
6.49957
2.44874
1
3.90042
1.55979
6.21336
5.53596
5.88094
1.33495
3.50355
2.61034
8.04603
5.55254
7.2755
3.25691
4.64289
4.65945
3.79922
7.14568
3.18391
10.8237
2.22907
1
0.584963
1.40203
0.859471
1.73572
1
8.24978
10.2198
3.97863
3.19502
2.60105
5.11704
4.65945
3.79922
4.26957
0.913813
0.903912
5.93259
5.90795
4.77586
1
6.01813
4.8519
2.75282
5.08927
5.27606
4.51204
3.45089
1.13079
4.69768
1
11.674
1.09954
1.28705
4.02333
2.70268
3.74712
3.10886
1.56941
5.31549
12.697
5.44294
4.67303
1.15907
5.16706
1
10.2854
0.815814
10.6982
1.46066
4.28622
4.49185
2.75951
3.33948
0.859471
3.96972
2.69721
2.29469
2.96354
7.34797
1.76493
6.24321
3.82501
7.71452
5.03265
4.59495
5.27332
3.21108
4.63717
8.68374
2.96634
8.79587
3.18391
10.8237
2.22907
1
4.42109
5.32856
3.9096
8.36518
4.34792
4.32528
7.44091
2.12378
9.68989
1.41689
4.84665
0.913813
4.17935
2.63306
6.14845
1
11.2974
3.12776
5.06664
2.70268
1
3.72023
7.6009
6.79276
5.35745
3.10886
1.56941
1.38031
1.73572
1.40203
6.49957
2.44874
4.39711
2.69721
2.29469
2.96354
2.9942
5.21788
6.83619
4.1759
4.78688
1.94627
1.18776
1.68153
2.76147
6.78735
2.77052
5.0367
1.41689
1.55676
7.82469
5.90795
3.37807
3.38597
5.08927
1
6.69797
9.66769
2.52331
4.22817
2.56946
6.88264
2.32646
4.39482
1
4.50712
6.35406
3.05068
2.96905
3.45089
4.14017
4.48835
4.8945
2.55306
3.05068
1
0.584963
6.59351
2.69925
3.33071
4.14176
3.80548
1
0.584963
5.83724
3.15064
2.13726
6.82958
5.87958
1.68164
14.6051
7.56224
8.93664
10.2854
0.815814
3.12277
3.15085
2.79429
6.43353
4.70469
1
0.584963
0.415037
2.29469
2.96354
2.9942
4.84665
0.913813
4.17935
2.63306
4.79451
2.15081
8.74387
7.08504
3.00671
10.6749
2.65076
5.08481
4.38011
5.3013
8.16453
1.14461
3.01012
5.70252
3.95643
3.46081
4.79915
2.26774
1.36245
4.22459
8.84798
6.29523
0.0943134
9.26053
4.60422
2.89812
2.48541
0.337276
1.87939
1.50839
6.71689
1
4.71027
5.77655
5.43418
2.32646
3.53285
6.2665
2.16156
4.14899
3.05068
10.7541
1.41689
4.83007
3.60945
3.02148
5.88094
7.78741
1
6.08481
4.65945
3.79922
7.14568
5.16742
3.38578
3.99415
2.87789
4.2713
2.60105
4.67408
1
2.55306
3.05068
1
10.7177
1.41504
0.612125
4.44958
0.512244
4.82159
5.18648
5.08546
7.02638
10.221
3.54667
3.09601
6.07132
2.93529
5.04525
2.44874
1.55676
1.40203
6.49957
2.44874
8.17275
2.05857
8.71081
3.18526
8.89568
0.0762967
3.8393
3.51365
6.99834
5.07714
4.57906
5.50017
1
5.73678
8.43132
5.5883
7.90689
1.41689
6.48686
5.53596
1.38031
5.74701
11.359
10.2854
1
3.34239
4.8945
2.55306
3.05068
1
10.7177
1.41504
0.612125
4.44958
0.512244
6.42664
5.40418
3.6045
3.5495
1.26202
4.82169
1
5.9808
4.03889
4.07007
2.77961
4.071
4.30857
3.19937
1.6948
1.40203
6.49957
2.44874
6.04766
1
4.06393
4.77211
4.3677
0.416755
7.74858
5.35745
3.10886
1.56941
1
6.4808
2.84394
4.42419
2.61034
8.68989
4.98995
3.7939
4.72037
5.01039
6.85772
1.0117
1.70977
7.82469
5.90795
5.47493
1.61341
2.41641
10.7371
6.64145
3.47079
1.90109
0.163465
4.17935
2.63306
5.61726
3.34806
3.23566
9.38183
7.32401
1.83404
5.20478
1.94627
1.18776
1.68153
13.2421
2.11548
5.24286
6.52156
1
0.584963
4.22817
2.56946
1.50295
2.76014
4.65076
4.6145
5.47316
5.01302
5.80405
5.04221
6.08495
4.4549
3.36796
4.79451
4.12916
4.28364
3.31937
5.18637
6.90299
0.913813
4.17935
2.63306
4.79451
14.502
7.44294
4.23286
2.62814
8.83539
5.88982
4.11548
4.2713
2.60105
5.30448
1
10.2854
0.815814
3.12277
3.15085
2.79429
6.43353
4.70469
1
5.68715
4.6145
12.1062
2.37037
1.28705
4.02333
2.70268
2.24659
8.36739
1
4.84665
0.913813
0.903912
5.93259
5.90795
4.77586
14.502
7.44294
4.23286
4.89544
5.32856
2.68389
2.70368
1
3.15987
3.08265
3.07175
3.57457
4.0767
1.34727
6.03959
1
0.584963
3.8821
4.12458
6.59246
3.81241
3.40337
5.77723
1
8.76643
4.91456
5.56986
9.35993
2.43948
6.08481
4.0824
2.23289
5.93868
2.94737
6.67803
7.72132
1.95957
1.69383
1
0.584963
2.76014
10.3561
4.60422
2.89812
4.3673
3.8821
8.10643
2.51233
8.05369
6.05166
5.06666
6.36451
3.69817
3.19502
2.60105
4.0767
3.15085
2.79429
4.61581
1.60407
2.07909
1.98359
2.99882
6.08339
4.14017
4.48835
10.1285
3.20353
5.91488
2.93637
5.98351
8.43741
3.25939
5.70252
6.04216
0.651876
8.6424
4.97346
1.68164
6.19568
6.83619
4.1759
1.69002
6.71689
2.13726
2.19454
8.71969
3.18813
7.59681
2.04954
4.64289
0.913813
0.903912
5.93259
5.90795
6.0599
2.32646
4.39482
1
4.50712
6.35406
3.05068
2.96905
3.45089
4.14017
4.48835
4.8945
2.55306
3.05068
1
0.584963
9.14403
1.71607
3.03081
1.06029
4.56455
3.60945
3.15016
5.22304
2.8529
6.14845
3.20705
11.2974
7.88264
2.79317
11.2345
3.59826
5.89261
1.41689
1.55676
1.40203
6.49957
2.44874
1.55676
7.82469
5.90795
6.60533
5.53596
5.88094
1.33495
5.61726
2.69925
2.24001
1.62405
6.08339
4.14017
1.69002
5.76893
9.46459
6.75933
9.44966
5.61798
3.18587
8.36739
1.41689
4.83007
3.60945
3.02148
5.88094
7.78741
1
4.73903
4.12916
4.28364
3.31937
5.18637
2.82415
2.76014
5.3842
1
2.37616
5.22304
3.68514
4.60837
1
0.584963
4.94979
0.416755
7.74858
5.35745
3.10886
1.56941
1
6.4808
2.84394
9.41098
4.60422
2.89812
4.3382
1.29668
1.25982
3.50355
2.61034
6.31485
6.55592
1
3.09653
4.22817
1
0.584963
6.15185
1.06029
8.83831
1.77705
3.58195
4.30857
3.19937
5.61726
1
4.39482
5.47316
4.50712
6.35406
3.05068
2.96905
3.45089
7.65174
2.29139
5.79704
8.93664
10.2854
0.815814
3.12277
3.15085
2.79429
6.43353
4.70469
1
0.584963
0.415037
2.29469
2.96354
2.9942
8.152
4.44694
4.3673
1.18776
6.42664
3.34806
3.23566
9.38183
7.32401
1.83404
5.20478
1.94627
1.18776
1.68153
7.82469
5.90795
9.11434
0.155398
4.6576
4.02778
3.28876
4.17935
2.63306
4.12343
3.69323
1
2.94237
2.52331
1.3488
6.67482
5.19456
4.22817
2.56946
5.0178
3.10727
2.44181
5.16806
7.28754
7.59681
4.33494
11.4497
5.44294
4.67303
1.15907
7.38945
4.03889
1.27037
3.03486
0.913813
4.17935
2.63306
6.14845
1
11.2974
3.12776
5.06664
2.70268
1
3.72023
7.6009
6.79276
5.35745
3.10886
1.56941
1.38031
1.73572
1.40203
6.49957
2.44874
4.84665
0.913813
0.903912
5.93259
5.90795
7.42247
6.78962
4.52669
5.85521
4.65945
3.79922
1
2.76014
3.61874
3.48227
9.43463
5.35755
3.32193
1
5.47484
2.8697
3.78822
10.0201
5.19162
4.1964
1.68153
7.15018
7.2532
2.8529
6.14845
3.20705
11.2974
7.88264
2.79317
11.2345
3.59826
5.89261
7.70044
