102
7
7
12.815
6.78136
7
12.9071
4.56768
1
5.33513
1
5.06206
0.687481
4.17221
1.31384
3.40415
1.8207
2.99103
4.69731
1.92013
4.62696
2.05187
4.05704
5.68041
5.2473
7.63662
10.4994
2.33065
3.65019
7.37403
4.06544
5.28059
2.79655
4.9603
7.70853
5.1375
2.04681
5.38557
5.73249
3.98776
12.4671
6.88264
7
8.80413
7
6.70044
5.2426
2.09974
0.342234
3.31238
4.64205
13.7481
2.83767
8.90539
5.72247
3.55524
3.00161
4.29414
4.02692
5.58646
1
3.15359
7.36532
2.53728
0.91572
10.1619
1.68729
9.26844
7.78136
4.38968
4.3419
13.1858
3.87036
5.07895
2.04681
5.38557
5.73249
3.98776
12.4671
5.29768
5.07895
1.74962
3.79503
3.45039
10.2754
1.65578
1
6.339
4.75473
0.195363
3.36931
2.21185
2.60093
9.94073
3.2972
9.56805
9.46877
6.03892
3.83043
3.98776
8.37963
2.64386
7.46846
2.09543
2.08806
3.50675
4.88183
7.21425
7.19967
6.03342
2.45808
9.82898
7.58199
3.3901
2.56943
10.6672
6.339
5.06206
0.687481
8.75953
4.0902
1.74641
14.4177
6.87036
5.87036
0.711757
0.70024
14.5135
3.70044
5.2426
3.74471
1.59632
4.64787
2.11806
5.55587
2.09974
0.342234
3.31238
4.64205
13.7481
2.83767
8.90539
3.95693
2.21911
5.21747
2.05187
7.80397
2.09543
2.79404
3.04062
9.26844
7.78136
13.5535
7.61471
7
7.43463
4.76666
4.85896
3.7626
1
1.47354
1.72509
5.8301
2.02063
2.79655
4.9603
0.70024
12.9286
6.19967
4.06544
5.28059
2.79655
4.9603
7.70853
6.72247
2.70782
4.68182
0.397756
4.38968
1.09261
2.79116
4.62009
1.01749
5.00752
5.68041
5.2473
3.82927
3.11958
0.397756
6.51394
1.69016
5.72451
6.35206
4.05881
3.7626
1
1.47354
1.72509
5.8301
2.02063
2.79655
4.9603
0.70024
12.9286
5.87774
0.687481
8.75953
5.04439
10.4994
2.33065
3.65019
3.81041
3.89232
3.8041
8.16099
4.11022
1
3.19037
5.19436
6.63181
0.461179
2.44753
3.88989
3.65147
2.45203
3.01295
0.942435
4.02402
2.05187
7.80397
2.09543
11.2766
2.24063
4.17637
9.64926
2.33065
3.65019
4.85067
0.687481
4.2873
1.69114
0.342234
3.44417
1.04138
4.82677
2.05187
7.80397
2.09543
8.98387
0.575594
3.8077
3.66358
2.88518
5.06186
2.53102
11.7526
1.58913
1.89704
3.66672
5.39116
1
8.03892
0.687481
8.75953
5.72247
1.51178
3.18371
8.45435
4.53743
7.21917
2.45808
7.97211
2.87206
3.44
3.47319
0.711757
0.70024
14.5135
3.70044
4.88183
3.89232
5.19113
8.19967
5.28621
3.87251
1
11.7812
9.46877
5.45396
12.1098
5.77259
7.40088
0.195363
5.19987
1.76146
3.9874
1.92687
0.937716
2.51917
0.827615
4.07359
1
5.1375
0.687481
4.17221
1.31384
3.40415
1.8207
2.99103
4.69731
1.92013
4.62696
3.77503
3.28163
10.4051
7.27189
0.016342
4.15018
10.9492
5.66297
9.69392
5.51307
7.16993
9.46877
4.86899
10.4994
2.33065
3.65019
7.37403
4.06544
5.28059
2.79655
4.9603
7.70853
5.1375
2.04681
5.38557
5.73249
3.98776
12.4671
5.29768
4.40088
5.13852
2.88733
9.70252
4.86899
10.4994
2.33065
3.91034
1.89751
1
7.6439
3.55524
3.00161
4.29414
4.02692
5.58646
1
3.15359
7.36532
3.53126
3.11958
3.73681
1.98552
3.18693
1.46318
1.14446
5.65326
2.98386
3.1878
1.84536
6.7248
6.63451
6.25414
9.81218
9.46877
4.45396
1.34044
16.6832
3.23522
7
7
7
1.5044
3.23474
2.551
1.42965
2.51917
0.827615
5.21935
2.98386
12.9903
12.2761
1.28857
4.15018
2.84857
3.49474
6.25414
6.60733
5.75002
2.91131
2.45366
7.75154
7.86944
5.27686
13.1304
7
0.433444
1.39734
8.04985
2.57032
3.36257
6.95936
4.25192
7.21425
7.19967
7.03342
0.483916
3.75803
5.45251
0.53779
1.5044
3.23474
3.63768
5.61999
3.94575
6.34437
6.25611
1.84536
4.97101
2.54698
1.05907
6.40892
3
8.957
9.64926
1.86539
2.2729
4.46301
1
8.24317
7.65821
7
1.76988
2.29105
3.83043
3.98776
8.37963
2.64386
7.46846
2.09543
8.74059
5.1375
0.687481
8.75953
4.0902
1.74641
14.4177
6.87036
5.87036
0.711757
0.70024
14.5135
3.70044
5.2426
3.74471
1.59632
4.64787
2.11806
5.55587
2.09974
0.342234
3.31238
4.64205
13.7481
2.83767
8.90539
3.95693
2.21911
5.21747
2.05187
7.80397
2.09543
2.79404
3.04062
9.26844
5.78136
0.016342
2.80824
5.13852
2.88733
9.70252
6.03892
1.50948
3.56878
13.337
3.47131
6.40088
7.21425
7.19967
5.44846
10.4994
2.33065
3.65019
4.51558
2.02802
0.942435
3.05658
3.77094
1
5.90968
1.80951
1.54418
7.80397
2.09543
2.08806
3.50675
4.97101
2.54698
14.8491
7.56377
5.18322
5.21917
6.33323
3.06371
5.83199
3.19447
4.05881
13.3513
7.61471
7
7.43463
4.76666
4.85896
4.89106
14.3657
6.71425
2.02237
10.5638
4.06544
5.28059
2.79655
4.9603
7.70853
6.72247
2.70782
4.68182
0.397756
6.51394
1.69016
5.72451
6.35206
4.05881
3.7626
1
1.47354
1.72509
5.8301
2.02063
2.79655
4.9603
0.70024
14.5135
1.09412
7.9324
3
12.815
6.78136
7
12.9071
4.56768
3.94902
5.33513
6.339
4.38968
4.3419
7.05652
13.334
14.0439
3.03562
4.17637
9.64926
2.33065
3.65019
3.84828
0.53779
1.5044
3.23474
3.63768
5.61999
3.94575
6.34437
6.25611
1.84536
13.5535
2.57032
4.848
1
3.43657
7.37403
1.51178
2.5996
5.58277
1
9.46877
8.03892
0.687481
8.75953
5.58496
5.26503
4.64787
5.11513
3.56878
3.94575
4.09773
1
3.19037
5.13852
2.88733
9.70252
5.03892
6.02163
3.89446
2.62727
2.62742
6.79058
0.0277241
2.80824
5.6715
3.30141
4.4435
5.13505
5.2473
1
13.8937
9.48099
2.33065
3.38116
2.16874
3.84872
0.53779
8.70823
9.02144
3.2769
3.28352
3.20433
5.27059
6.25611
5.17886
0.016342
2.80824
5.13852
2.88733
9.70252
3.79099
1.09261
10.1561
0.835821
1.89704
3.01521
4.98454
1.83627
7.1673
1
3.00161
4.29414
4.02692
5.58646
1
3.15359
7.36532
3.53126
3.11958
3.73681
1.98552
3.18693
1.46318
1.14446
5.65326
2.98386
3.1878
1.84536
13.5535
7.61471
7
1.74337
3.23154
1.74641
6.50477
13.334
10.0439
4.86899
10.4994
2.33065
3.65019
7.37403
4.06544
5.28059
2.79655
4.9603
4.44248
1
7.59154
2.53861
2.72056
10.2023
5.03892
5.39514
4.81504
2.75755
11.8211
2.22813
4.51558
5.08348
11.1403
6.25611
1.84536
4.97101
2.54698
1.05907
5.11074
10.4994
2.33065
3.65019
3.84828
6.02163
3.89446
2.62727
5.58646
2.29734
3.89179
1
3.84828
1
1.5044
11.9043
6.84549
1.61024
1.27847
3.65147
2.45203
1
4.02975
1.74641
0.682628
3.9081
12.8975
6.91886
5.1565
13.6172
7
7
7
7
1.59632
4.64787
2.11806
2.93175
1
7.65256
4.13853
2.1867
2.45203
3.96907
3.28163
3.78676
4.85555
0.827615
5.39346
1.83627
4.96085
8.26273
1.45482
3.4253
2.88733
13.6094
6.72792
3.73865
7.6591
2.50788
14.5135
1.09412
12.8679
2.57032
7.16993
2.24511
8.80413
7
7
3.42237
4.53593
2.83598
7.9738
0.835821
1.89704
2.16874
5.05894
1.09261
13.2716
0.932886
7.70853
4.58496
1.34044
3.5108
1.78943
1.47354
1.72509
5.8301
2.02063
2.79655
4.9603
0.70024
4.18039
7.21426
3.39566
1.83627
5.67397
2.04681
5.38557
5.73249
3.98776
12.4671
5.29768
7.40088
0.195363
3.36931
2.21185
2.60093
9.94073
3.2972
3.42237
4.51558
10.4994
2.33065
3.65019
4.02983
2.84857
3.04811
14.0411
5.01123
4.88183
7.21425
7.19967
7.03342
3.20521
4.4435
5.85038
9.32172
5.41504
5.07895
3.74471
1.59632
4.64787
2.11806
2.93175
5.19436
8.54235
1.85415
1.89704
5.33513
3.13886
3.52047
4.60212
5.27059
6.25611
1.84536
3.53126
7.03913
6.35517
7.33549
9.02144
1.86539
1
4.86899
10.4994
2.33065
3.65019
13.3513
3.02975
2.55325
13.4051
9.21755
6.14684
7.41785
7
0.433444
1.39734
5.04985
4.3419
7.05652
13.334
10.0439
4.86899
1.99693
5.93903
7.86944
6.25414
2.22813
3.81041
12.3088
1.58913
1.89704
5.33513
1
4.16799
10.2744
5.06609
1
5.02975
5.13852
2.88733
9.70252
4.45396
3.8123
9.01848
1
8.70823
9.02144
3.2769
2.75699
5.28455
2.50513
1.08131
0.911548
4.32407
11.4301
4.59694
5.81592
0.53779
1.5044
11.9043
6.84549
3.21359
10.9447
3.28293
15.3122
3.47478
3.84828
6.02163
2.22624
9.35719
7.16407
4.63883
1.04138
1
8.40626
8.04439
3.42872
1.88912
1.19826
4.84458
1.84536
3.77557
0.53779
1.5044
3.27643
3.93596
6.74238
0.0860676
12.0199
5.88264
5.53398
0.70024
6.73218
5.83719
8.97537
5.57491
5.1964
7.40088
0.195363
5.19987
1.76146
3.9874
1.92687
0.937716
2.51917
0.827615
4.07359
13.337
3.38606
12.8857
6.91886
9.64926
2.33065
3.65019
13.3513
2.57032
3.36257
6.95936
4.25192
7.21425
7.19967
7.03342
4.06544
5.28059
2.79655
4.9603
7.70853
5.1375
2.04681
5.38557
5.73249
3.98776
12.4671
5.29768
5.81592
0.53779
1.5044
3.23474
3.63768
5.61999
3.94575
6.34437
6.25611
5.17886
0.016342
3.78677
1
2.10918
1
12.5868
8.3443
7.91588
7.10852
0.016342
12.8679
2.57032
4.848
1
3.43657
3.10623
3.66358
2.88518
5.06186
2.53102
11.7526
1.58913
1.89704
3.66672
5.39116
1
5.45396
12.1098
5.77259
7.40088
0.195363
5.19987
1.76146
3.9874
1.92687
0.937716
2.51917
0.827615
4.07359
3.77094
1
13.5535
7.61471
7
1.74337
3.99908
6.33085
2.53102
8.70823
6.46345
6.28064
5.39116
9.46877
4.57949
2.09974
10.1965
6.46345
10.1795
7.6439
4.06544
5.28059
2.79655
4.9603
7.70853
5.1375
2.04681
5.38557
5.73249
3.98776
12.4671
5.29768
5.81592
1.51178
3.18371
8.45435
4.53743
4.41181
3.8123
9.01848
1
8.70823
9.02144
3.2769
1
7.15987
1.59227
5.47631
10.4994
2.33065
3.65019
3.84828
0.53779
1.5044
3.23474
3.63768
5.61999
3.94575
6.34437
6.25611
1.84536
13.5535
2.57032
4.848
1
3.43657
4.84075
6.63451
6.25414
9.81218
9.46877
8.03892
0.687481
8.75953
6.72247
7.61471
7
9.13479
10.6439
5.87774
0.687481
4.17221
1.31384
3.40415
1.8207
2.99103
4.69731
1.92013
4.62696
3.77503
3.28163
10.4051
6.339
4.38968
4.3419
13.1858
3.87036
7.40088
2.70782
4.68182
0.397756
3.53126
1.34044
3.48509
0.53779
1.5044
3.23474
2.551
1.92265
5.24598
7.28676
7.15987
3.20521
4.4435
5.85038
9.32172
7
7
2.63276
8.957
9.64926
1.86539
2.2729
4.46301
3.71218
4.63719
5.68041
5.2473
3.11306
1
3.05862
0.869675
5.48669
4.35345
4.56888
4.51558
10.4994
5.79008
9.13479
10.6439
5.02975
2.32904
7.00902
10.8821
2.41654
2.43957
3.66672
5.39116
1
6.03892
1
4.4435
5.85038
9.32172
5.41504
5.81592
2.54698
1.05907
4.80966
8.44993
7.13955
5.58646
5.29734
7.37403
4.06544
5.28059
2.79655
4.9603
7.70853
5.1375
2.04681
5.38557
5.73249
3.98776
12.4671
5.29768
5.07895
1.74962
3.79503
3.45039
10.2754
1.65578
1
0.584963
0.415037
5.49979
0.687481
3.27904
3.5038
1.30977
7.17832
3.20003
5.40539
5.68041
5.2473
3.11306
2.73158
6.58529
3.27643
4.56888
3.81041
7.21425
7.19967
5.44846
10.4994
2.33065
3.65019
3.7626
1
1.47354
1.72509
5.8301
2.02063
2.79655
4.9603
0.70024
15.5135
3.23522
8.80413
7
6.70044
6.86697
1.72418
0.775601
3.05658
2.88733
13.6094
6.82018
3.89446
7.43463
9.14517
7.9542
5.42487
4.83585
9.15542
2.24063
4.17637
9.64926
2.33065
3.65019
6.45528
3
12.815
6.78136
7
12.9071
4.56768
3.94902
5.33513
6.339
2.53728
3.66358
3.18462
10.0439
5.45396
1.43797
5.64009
10.8029
4.02975
1.78943
1.23386
4.81121
3.71506
1.91009
2.79655
0.764784
7.57521
2.53861
2.41467
6.77794
6.74968
2.95146
6.79151
2.25414
1.91009
2.79655
4.9603
4.72357
2.73417
4.05881
4.51558
10.4994
5.79008
9.13479
10.6439
4.02975
1.78943
1.47354
1.72509
5.8301
2.02063
2.79655
4.9603
0.70024
12.9286
6.19967
4.06544
5.28059
2.79655
4.9603
7.70853
6.72247
2.70782
4.68182
0.397756
5.06206
0.687481
4.17221
1.06157
2.00017
2.22224
2.07374
9.56805
9.46877
8.03892
0.687481
8.75953
4.58496
5.13852
13.337
3.47131
6.40088
7.21425
7.19967
5.44846
10.4994
2.33065
3.65019
4.51558
2.02802
0.942435
3.05658
3.77094
1
5.90968
1.80951
1.54418
7.80397
2.09543
2.08806
6.71862
0.016342
6.5936
3.55524
3.48704
11.1039
4.11221
4.3419
7.05652
13.334
10.0439
4.86899
10.4994
2.33065
3.65019
7.37403
3.55524
3.00161
4.29414
4.02692
5.58646
1
3.15359
7.36532
2.53728
0.91572
10.1619
1.68729
9.26844
7.78136
5.06206
0.687481
4.17221
1.06157
2.00017
2.22224
2.07374
9.56805
9.46877
8.03892
2.99813
3.74491
2.83473
5.21935
2.05187
7.80397
2.09543
2.08806
3.50675
13.5535
7.61471
7
3.38116
3.66672
1
4.89106
14.3657
6.71425
2.02237
10.5638
4.06544
5.28059
2.79655
4.9603
7.70853
6.72247
2.70782
4.68182
0.397756
14.7234
3.23522
7.65821
7
7
4.62449
2.62405
5.66871
5.40539
5.68041
5.2473
7.63662
10.4994
2.33065
3.65019
4.84075
2.82715
1.27847
4.36283
4.5329
12.9903
9.46877
3.79099
8.26273
1.45482
6.20357
2.98386
3.1878
12.3471
1.42403
8.80413
7
6.70044
2.79858
5.84084
10.5183
6.83289
0.342234
3.07422
9.43804
5.87774
0.687481
8.75953
5.04439
10.4994
2.33065
3.53916
3.89179
2.22813
3.84828
0.53779
8.70823
9.02144
3.2769
3.28352
3.20433
5.27059
6.25611
5.55487
12.6284
7
0.433444
8.75489
7
9.64926
2.33065
3.65019
5.18239
2.32904
1.91003
3.13963
2.63571
5.40539
5.68041
10.178
5.75489
3.53126
4.3243
9.26844
2.32193
1.88935
3.95198
0.53779
1.36022
2.03276
3.28352
0.942435
4.32193
5.66871
3.53546
8.35206
1
4.11221
8.26273
1.45482
6.20357
2.98386
3.31789
4.35345
0.711757
0.70024
14.5135
3.70044
5.2426
3.74471
1.59632
4.64787
2.11806
4.49321
10.4994
2.33065
3.65019
3.7626
1
1.47354
1.72509
5.8301
2.02063
2.79655
4.9603
0.70024
14.5135
1.09412
12.8679
7.61471
7
1.74337
3.99908
4.3419
7.05652
13.334
10.0439
4.86899
4.13853
2.1867
1.6748
5.2426
1
5.38557
5.73249
3.98776
12.4671
5.29768
5.40088
3.66358
3.18462
10.0439
5.45396
1.43797
5.64009
10.8029
4.74024
0.195363
3.36931
2.21185
2.60093
9.94073
3.2972
3.42237
2.7926
5.13852
13.337
3.47131
5.07895
3.20521
4.4435
5.85038
9.32172
5.41504
5.07895
3.74471
1.59632
4.64787
2.11806
3.4231
6.02163
3.89446
2.62727
2.62742
7.35795
0.610919
6.12538
8.15482
6.71425
2.02237
10.5638
4.06544
5.28059
2.79655
4.9603
7.70853
3.87447
0.91572
4.9603
7.86826
6.34437
6.25611
1.84536
13.916
5.29768
4.41954
11.0064
4.7761
4.93074
5.68041
5.2473
3.82927
5.53273
2.51091
6.25873
1.93045
11.1039
5.87774
10.4994
2.33065
3.65019
7.37403
3.55524
3.00161
4.29414
4.02692
5.58646
1
3.15359
7.36532
2.53728
0.91572
10.1619
1.68729
9.26844
7.78136
4.88183
3.84797
2.10918
8.65336
2.53861
4.24866
3.84708
5.00752
5.68041
5.2473
3.82927
5.13852
13.337
3.47131
5.81592
0.687481
4.17221
1.06157
2.00017
2.22224
2.07374
3.69153
4.35345
0.711757
0.70024
1
5.87774
0.687481
8.75953
5.04439
10.4994
2.33065
5.48669
7.84709
2.00705
12.8857
5.91886
0.768881
5.19987
11.6996
5.20945
7.33111
9.78627
5.74147
3.93272
8.11898
2.38824
4.16491
3.73981
1.36023
6.95539
11.752
0.575594
3.78677
14.8937
6.94251
9.01959
1.52414
4.89951
0.195363
5.19987
1.76146
3.9874
1.92687
0.937716
2.51917
0.827615
4.07359
1
4.58496
5.13852
2.88733
9.70252
4.86899
10.4994
2.33065
3.65019
3.84828
6.02163
2.22624
9.35719
7.16407
4.63883
1.04138
1
8.40626
6.04439
7.21425
7.19967
5.44846
10.4994
2.33065
3.65019
7.57521
1.99693
5.93903
7.86944
6.25414
2.22813
7.53113
1.21641
1.69639
3.20003
3.53546
2.91131
1.14446
4.38774
12.3193
4.22239
5.81592
0.53779
1.5044
11.9043
6.84549
3.21359
10.9447
3.28293
15.3122
6.56224
0.0249834
1
4.3419
7.05652
13.334
10.0439
8.03892
3
12.815
6.78136
7
12.9071
4.56768
3.94902
5.33513
6.339
7.59154
2.53861
4.24866
2.31274
1
4.53593
1.43797
5.64009
10.8029
6.19967
1.8372
10.075
0.932886
7.70853
4.58496
5.53273
10.886
1.31663
1
4.51558
2.54698
1.05907
2.23282
0.91572
6.76338
1.8534
2.43957
4.24905
2.50762
2.44753
5.58646
5.29734
13.3513
7.61471
7
5.12928
5.81592
10.4994
2.33065
3.65019
7.37403
4.06544
5.28059
2.79655
4.9603
7.70853
5.1375
2.04681
5.38557
5.73249
3.98776
12.4671
5.29768
4.40088
5.13852
2.88733
9.70252
4.86899
10.4994
2.33065
3.91034
1.89751
1
2.33571
3.11958
3.73681
1.98552
3.18693
1.46318
1.14446
5.65326
2.98386
3.1878
1.84536
13.5535
2.57032
4.848
1
3.43657
3.7626
1.78943
1.23386
4.81121
3.71506
1.91009
2.79655
9.04848
9.46877
4.86899
10.4994
2.33065
3.65019
4.89106
3.83043
3.98776
8.37963
2.64386
7.46846
2.09543
2.08806
3.50675
4.88183
7.21425
7.19967
6.03342
2.45808
9.82898
7.58199
3.3901
2.56943
10.6672
6.339
5.2426
3.74471
1.59632
4.64787
2.11806
5.55587
2.09974
0.342234
3.31238
4.64205
13.7481
2.83767
8.90539
2.75899
3.83864
0.70024
4.18039
3.77218
3.52325
11.1403
6.25611
1
0.620717
13.6172
7
7
7
7
7
9.13479
10.6439
8.19967
2.70782
4.68182
0.397756
4.97101
10.4994
2.33065
3.65019
7.37403
3.55524
3.00161
4.29414
4.02692
5.58646
1
3.15359
7.36532
3.53126
5.13852
2.88733
9.70252
8.03892
7.61471
7
9.13479
10.6439
4.11221
1.09261
2.79116
4.62009
1.01749
5.72451
6.35206
4.05881
3.10623
3.66358
3.18462
10.0439
4.86899
10.4994
2.33065
10.294
5.41504
5.07895
1.78943
1.23386
4.81121
3.71506
1.91009
2.79655
13.1359
2.43296
9.01959
7.61471
7
9.13479
10.6439
8.19967
3.00705
2.92033
9.49792
5.17832
0.401787
3.10623
3.66358
3.18462
10.0439
4.86899
10.4994
2.33065
10.294
5.41504
4.40088
5.19436
12.5242
6.75489
4.71425
9.01959
7.61471
7
9.13479
10.6439
3.87774
3.66358
3.18462
10.0439
4.86899
10.4994
2.33065
10.294
5.41504
5.40088
2.45808
0.983632
5.11074
2.54698
1.05907
12.4387
2.70782
4.94486
6.84589
2.58614
3.05658
1.72482
1
4.74024
0.195363
3.36931
2.21185
2.60093
13.7481
5.51748
9.64205
5.02975
7.21425
7.19967
5.44846
10.4994
2.33065
3.65019
4.89106
3.20521
4.4435
5.85038
9.32172
7
5.6865
4.31915
10.4994
5.79008
9.13479
10.6439
5.87774
4.0568
1.6748
4.97101
10.4994
2.33065
3.65019
5.18239
2.68754
0.661509
1.86539
2.39448
1
1.19826
0.711757
0.70024
2.75699
4.0944
1
4.48231
0.00815779
0.35122
4.43299
1.8207
2.99103
7.80397
2.09543
8.98387
0.575594
2.80824
1
0.584963
9.70252
5.45396
1.43797
1
5.15944
6.3507
1
0.584963
4.02983
1.09261
13.2716
4.19301
14.8129
5.01123
4.97101
2.54698
1.05907
8.03332
2.53861
4.24866
2.31274
1
2.7926
5.13852
8.40626
4.58496
5.13852
3.77094
13.5388
6.78136
4.848
2.16874
5.45628
2.54698
1.05907
5.11074
10.4994
5.79008
9.13479
10.6439
5.02975
2.68754
0.661509
1.86539
2.39448
1
1.19826
0.711757
0.70024
2.75699
4.0944
1
4.48231
0.00815779
0.35122
4.43299
1.8207
2.99103
7.80397
2.09543
8.98387
8.26209
7
0.433444
1.39734
6.46489
14.3657
6.71425
2.02237
7.33111
2.38824
4.16491
3.73981
1.36023
6.95539
8.40626
3.79647
1
0.584963
13.334
14.0439
3.03562
4.60601
0.742887
4.99201
3.13428
4.99339
3.21878
3.72481
4.02402
11.0589
3.70044
7.59154
2.53861
4.24866
2.31274
1
3.10623
3.66358
2.88518
5.60611
4.61225
1.74052
2.51534
2.68217
9.81218
9.46877
4.86899
10.4994
2.33065
3.65019
4.85067
0.687481
4.17221
1.31384
3.40415
1.8207
2.99103
4.69731
1.92013
4.62696
2.05187
7.80397
2.09543
8.74059
4.58496
5.13852
2.88733
9.70252
3.79099
4.3419
7.05652
13.334
10.0439
8.03892
7.29055
7.97071
5.87774
4.0568
1.6748
3.53126
6.68117
13.334
1.42832
4.53441
9.46877
4.45396
5.1194
10.6439
3.87774
2.39014
4.79737
4.11022
7.95294
4.75187
5.29951
5.68041
5.2473
4.3147
1.78943
1
1.72509
5.8301
2.02063
2.79655
4.9603
0.70024
12.9286
6.19967
4.06544
5.28059
2.79655
4.9603
7.70853
4.0902
2.09453
3.08968
3.90956
4.32407
3.52325
2.17967
0.827615
5.39346
7.61443
6.75933
6.88264
4.74147
12.8857
6.91886
8.15482
6.71425
2.02237
5.3388
0.53779
1.5044
3.27643
3.93596
2.16874
1
4.3419
7.05652
13.334
10.0439
4.86899
10.4994
2.33065
3.65019
5.18239
2.04681
5.38557
5.73249
3.98776
12.4671
5.29768
5.81592
3.55524
3.00161
4.29414
4.02692
5.58646
1
3.15359
7.36532
2.53728
0.91572
10.1619
1.68729
9.26844
5.78136
0.016342
12.8679
7.61471
7
6.21224
7.67059
6.16035
4.83794
4.3243
9.26844
2.32193
1.88935
3.23154
1.78943
1.23386
4.81121
3.71506
1.91009
2.79655
9.04848
9.46877
6.03892
3.20521
4.4435
5.85038
9.32172
5.41504
5.81592
2.54698
1.05907
8.03332
2.40517
3.56544
3.2769
1.26287
2.43957
2.16874
7.6439
4.06544
5.28059
2.79655
4.9603
14.5477
4.71425
8.80413
7
6.70044
6.86697
7.45869
3.82703
7.11209
10.8025
5.27302
3.86578
5.27059
0.751321
3.9381
9.70252
4.45396
5.13852
2.88733
9.70252
8.03892
4.15528
6.93074
2.42513
9.4301
0.0249834
3.79372
3.68841
4.80052
4.70906
3.18709
1.94915
4.0944
2.45503
2.66927
3.24174
9.87267
9.46877
6.03892
6.3507
8.74059
5.72247
14.3657
6.71425
2.02237
10.5638
4.06544
5.28059
2.79655
4.9603
14.5477
4.71425
8.80413
7
6.70044
3.14408
7.71944
3.9874
1.92687
0.937716
2.51917
11.08
5.70506
7.21425
10.007
5.83289
1.1792
6.35206
4.05881
2.7926
5.13852
2.88733
9.70252
4.57949
7.71944
0.865664
11.1039
5.02975
2.21911
5.21747
2.05187
7.80397
2.09543
2.79404
3.04062
1.83627
4.96085
1.09261
4.96175
4.01901
2.50116
5.91897
4.77348
11.4301
4.59694
4.40088
5.1194
10.6439
4.74024
5.24585
4.20076
13.6802
5.5025
4.74147
4.17637
9.64926
2.33065
3.65019
3.7626
1.74641
5.61999
5.31186
6.19619
2.64377
5.13439
4.0568
1.6748
3.53126
16.067
4.78136
4.45943
11.0121
3.52325
4.05704
5.68041
5.2473
3.82927
1.34044
4.66398
0.195363
1.72509
3.93278
1.6412
3.72705
2.08806
2.46935
2.22813
5.18239
3.74471
1.59632
4.64787
2.11806
4.49321
10.4994
2.33065
3.65019
5.18239
13.897
7
8.60251
2.07631
6.95851
7.76951
6.80735
2.43957
2.16874
5.05267
14.3657
6.71425
2.02237
5.3388
0.53779
1.5044
3.27643
3.93596
2.16874
5.61589
0.195363
6.86659
0.0737779
0.35122
4.43299
1.8207
2.3759
12.9903
9.46877
4.86899
10.4994
5.79008
9.13479
10.6439
5.02975
13.897
7
8.60251
4.1023
3.66358
2.52928
2.45673
3.36931
1.86833
1.32293
3.28163
2.10918
3.84872
6.02163
7.09324
3.33298
4.20076
2.45203
3.96907
10.8491
13.4045
6.80735
3.38116
2.16874
12.5794
7.61471
6.6865
15.3042
3.87036
5.81592
5.75274
1.5552
10.5945
11.7022
6.04439
12.3088
1.58913
1.89704
2.16874
2.33571
1.34044
11.9828
7.61471
7
2.1867
2.45203
13.9247
3.74416
6.08513
6.80735
5.23947
12.7561
5.51307
4.848
2.16874
3.84872
0.53779
1.5044
3.23474
2.551
3.06371
10.23
3.87251
2.50788
12.9286
6.19967
12.1098
5.77259
7.40088
2.57032
7.16993
12.2761
6.70044
2.29734
8.14417
8.47978
13.6512
5.87036
4.74147
6.56377
7.29055
7.97071
5.02975
4.3243
7.61443
2.61638
2.5656
5.748
3.60047
1.84536
4.97101
10.4994
5.79008
9.13479
10.6439
4.02975
1.78943
1.47354
1.72509
5.8301
2.02063
2.79655
4.9603
0.70024
12.9286
6.19967
4.06544
5.28059
2.79655
4.9603
7.70853
6.72247
2.70782
4.68182
0.397756
5.05274
3.20521
6.10125
3.31238
3.43657
4.85067
0.687481
4.17221
1.06157
2.00017
2.22224
2.07374
9.56805
9.46877
4.45396
5.13852
2.88733
9.70252
4.45396
5.1194
10.6439
5.02975
6.3507
1
0.584963
3.7626
2.09453
3.73865
7.6591
2.50788
12.9286
5.02975
3.8123
9.01848
7.65821
5.97587
6.02715
4.47213
12.9903
9.46877
6.03892
3.20521
4.4435
5.85038
9.32172
5.41504
5.07895
3.74471
1.59632
4.64787
2.11806
2.93175
1
5.00507
2.09974
0.342234
3.31238
4.64205
13.7481
2.83767
8.90539
3.95693
2.21911
5.21747
2.05187
7.80397
2.09543
2.79404
3.04062
1.83627
13.1897
7.61471
7
7.43463
4.76666
4.85896
4.02983
1.09261
2.79116
4.62009
1.01749
5.00752
5.68041
5.2473
3.82927
3.11958
0.397756
6.51394
1.69016
5.72451
6.35206
4.05881
3.7626
1
1.47354
1.72509
5.8301
2.02063
2.79655
4.9603
0.70024
14.5135
2.46467
6.12538
8.15482
6.71425
2.02237
5.3388
0.53779
1.5044
3.27643
3.93596
2.16874
1
4.3419
7.05652
13.334
10.0439
4.86899
4.13853
2.1867
1.6748
3.14408
1.74641
5.61999
5.31186
6.19619
2.64377
5.13439
4.0568
1.6748
3.53126
5.1194
10.6439
8.19967
3.23522
7
7
7
2.33065
3.65019
7.37403
1.8372
11.66
2.19862
5.29951
12.11
5.78136
7.13955
5.68041
5.2473
3.11306
8.26273
1.45482
7.03154
1.72171
3.60047
5.17886
13.1304
7
0.433444
1.39734
5.24249
7.21425
7.19967
5.44846
10.4994
2.33065
3.65019
4.85067
0.687481
4.17221
1.31384
3.40415
1.8207
2.99103
4.69731
1.92013
4.62696
2.05187
7.80397
2.09543
8.74059
4.58496
5.13852
2.88733
9.70252
4.86899
10.4994
5.79008
9.13479
10.6439
7.19967
14.1102
9.83289
5.17991
2.54698
1.05907
3.62077
1.34044
3.01978
2.45808
13.7359
3.6939
4.48036
7.70853
5.72247
1.51178
3.18371
8.45435
6.70736
1
3.53126
7.03913
4.36761
3.43657
4.85067
0.687481
4.17221
1.06157
2.00017
2.22224
2.07374
9.56805
12.2761
