157
8
8
9.52863
8.29462
5.03562
9.06035
2.48829
1
4.34691
2.37346
3.63341
0.67603
5.92485
0.553875
4.22726
1.16765
3.03918
7.13076
3.16057
1.95797
1.86779
1
4.17535
4.47608
5.12928
3.24317
1.2313
3.87414
5.8925
3.1893
5.33665
1.39707
3.098
3.95929
4.77908
2.3529
2.45712
3.68953
2.69891
8.994
9.88264
5.32193
5.9517
5.52356
6.32193
4.42729
3.03483
1.07055
2.91629
5.72478
7.11894
1
9.91558
5.36037
3.89074
1
5.43342
4.0765
3.46836
2.6239
3.74422
6.98557
4.32893
1.4793
6.50808
5.28765
1
4.21131
3.76291
3.10336
9.20747
1
5.15218
2.3529
1
3.68953
2.69891
8.994
3.97575
4.98868
2.65608
5.18942
3.73148
3.41364
1.41955
4.34691
2.37346
4.94583
0.607748
4.83366
3.10395
8.06747
9.62144
1.8499
9.03462
2.54358
3.95903
2.99978
2.69891
2.47371
1.89689
4.53561
1.04497
3.2133
3.33453
5.76586
4.60244
2.98489
5.21917
3.70364
4.46347
3.69571
1.75794
2.37513
4.88754
2.37346
1
0.67603
1.79087
3.33107
2.53948
11.4407
5.18133
4.74451
1.45775
1.51121
10.4996
3.53374
4.42729
2.97983
5.76641
1
8.39923
4.5482
3.03483
1.07055
2.91629
5.72478
7.11894
1
9.91558
5.44835
2.23107
1.75587
1.86779
2.19972
1.04497
3.51513
3.59704
1
4.21131
8.96241
3.8619
2.00571
2.59535
3.72254
3.38164
3.70536
1.62
1
2.92365
3.95247
5.00451
1.39707
3.098
1.51121
3.05527
6.09481
3.1893
5.33665
1.39707
3.098
3.95929
8.51115
2.07641
4.25182
1.3349
3.76291
2.14207
3.06902
5.48331
2.36862
1
4.17535
4.47608
3.66985
5.08438
1.3349
5.27551
1.32519
3.0786
3.68872
3.40627
3.70536
1.62
1
2.92365
3.95247
5.00451
1.39707
3.098
1.51121
3.05527
3.61728
0.67603
1.79087
4.93641
3.24317
1.2313
3.87414
5.465
3.09875
3.20824
5.9386
4.868
3.44488
3.37341
2.82942
4.14518
0.521732
1.44783
3.31721
2.08711
3.16035
2.89351
1.68314
2.0585
1.86779
2.19972
1.04497
9.26858
3.66525
4.8889
2.79036
1.2313
3.87414
3.79707
0.67603
6.08874
3.31822
1.07055
4.94916
0.716008
2.90696
1.86779
2.19972
1.04497
7.59212
0.379287
4.80652
1.38315
3.464
4.46431
2.81756
8.56099
2.16038
1.46114
3.47118
5.14494
2.54358
4.094
0.67603
1.79087
5.36037
2.47113
2.27672
9.20473
3.67557
5.05799
3.70364
3.30755
3.44149
1.76141
5.26285
1.45775
1.51121
10.4996
3.53374
5.76586
3.09875
5.13078
4.8618
8.4852
3.18626
1
6.36905
2.54358
5.81253
6.39674
4.73997
5.79604
0.607748
4.96045
4.50893
2.4324
1.59229
0.373503
3.01282
1.52864
3.21529
5.98098
1
0.67603
5.92485
0.553875
4.22726
1.16765
3.03918
7.13076
3.16057
1.95797
1
1.02109
7.02098
6.62644
0.0543463
3.5507
7.98492
3.98457
6.71551
2.72186
5.88264
2.54358
5.16045
3.24317
1.2313
3.87414
5.8925
3.1893
5.33665
1.39707
3.098
3.95929
4.77908
2.3529
2.45712
3.68953
2.69891
8.994
3.97575
4.21108
2.19324
3.8444
5.96481
5.16045
3.24317
1.2313
4.81811
6.59169
3.52823
5.77851
3.89074
0.590265
5.43342
4.0765
3.46836
2.6239
3.74422
6.98557
3.37641
5.08438
3.15991
3.85121
1
2.43209
2.90038
5.42429
3.32173
3.26216
1.93179
6.26776
2.61607
7.44431
3.13642
2.54358
2.88392
1
8.9266
0.288657
4.23549
4.78427
5.78136
2.49625
3.46099
2.65795
2.23514
3.01282
1.52864
3.10797
3.32173
9.57968
8.76044
1
3.5507
2.22595
3.31477
9.68135
3.14924
3.41546
2.31548
5.35744
10.9567
3.74798
3.95343
10.9022
4.1964
4.2199
2.15265
7.72792
2.57845
5.20457
9.05901
4.39643
4.60244
2.98489
8.80413
0.935342
3.25653
3.87814
1.3992
2.49625
3.46099
4.70131
3.65447
3.09621
1
3.79388
1.93179
5.19308
3.91964
2.79437
5.60922
2.28132
1
5.84477
2.88772
2.48959
2.87667
2.78184
13.7897
5.39232
6.32193
1.36902
3.61295
1
2.69891
2.47371
1.89689
4.53561
1.04497
3.79807
4.27875
0.67603
1.79087
3.33107
2.53948
11.4407
5.18133
4.74451
1.45775
1.51121
10.4996
3.53374
4.42729
2.97983
5.76641
1
8.39923
4.5482
3.03483
1.07055
2.91629
5.72478
7.11894
1
9.91558
5.44835
2.23107
1.75587
1.86779
2.19972
1.04497
3.51513
3.59704
1
5.90319
1
0.736966
0.584963
3.8444
5.96481
3.95903
1
2.15408
10.2047
3.72559
4.47411
1
2.98489
3.41181
3.24317
1.2313
3.87414
5.42516
2.42897
1.68314
3.00235
5.20118
5.93471
4.16308
1.83076
1.96936
2.19972
1.04497
3.2133
3.33453
5.19308
3.91964
10.4781
2.91157
3.5927
5.35755
4.3414
1.8526
5.14653
3.41435
3.40627
9.34765
3.8619
2.00571
2.59535
3.72254
3.38164
4.51256
1
4.26303
1.67564
6.54595
3.1893
5.33665
1.39707
3.098
3.95929
8.51115
2.07641
4.25182
1.3349
5.27551
1.32519
3.0786
3.68872
3.40627
3.70536
1.62
1
2.92365
3.95247
5.00451
1.39707
3.098
1.51121
4.27962
0.0365067
5.73553
2.28132
9.52863
8.29462
5.03562
9.06035
2.48829
2.28868
4.34691
2.37346
3.76291
3.10336
6.57812
6.24345
10.0818
3.47873
4.8889
2.79036
1.2313
3.87414
3.71291
1.3992
2.49625
3.46099
4.70131
3.65447
3.09621
1
3.79388
1.93179
8.96241
1
3.27383
1
2.52866
5.8925
2.47113
3.87806
6.19909
3.13642
2.54358
4.094
0.67603
1.79087
4.20892
2.69751
2.87416
2.53842
2.15408
3.09621
2.91536
1
3.37341
2.19324
3.8444
5.96481
3.90106
4.6355
1
4.24422
3.4864
5.61643
0.0737452
1
4.75238
6.02063
2.09598
5.35655
4.47608
5.36375
6.31741
3.39556
1.2313
2.57961
2.78184
3.95053
1.3992
8.33217
3.27591
1.22287
4.47077
1.47671
4.75452
3.79388
5.51122
0.0543463
3.48673
1
3.8444
1
3.8298
2.14207
6.97657
2.04066
1.46114
2.71634
4.18982
1
5.46694
1
0.590265
5.43342
4.0765
3.46836
2.6239
3.74422
6.98557
3.37641
5.08438
3.15991
3.85121
1
2.43209
2.90038
5.42429
3.32173
3.26216
1.93179
8.96241
3.8619
3.66107
5.03052
4.15954
2.53948
9.04842
6.24345
4.11027
5.16045
3.24317
1.2313
3.87414
5.8925
3.1893
5.33665
1.39707
3.098
2.4063
3.33453
5.4752
1.71051
6.52299
1.10079
3.90106
4.96355
5.01634
3.76334
4.87688
1
5.42516
4.05731
7.59249
3.79388
1.93179
5.19308
3.91964
2.79437
5.22906
3.24317
1.2313
3.87414
3.71291
4.6355
1.9501
4.24422
3.46836
2.6239
5.01047
2.58285
3.71291
1.3992
2.49625
3.18359
1.34234
1.90199
2.5502
2.08711
3.16035
1.81848
3.49215
2.53948
1.64511
3.21317
7.73706
7.40727
3.39232
12.1927
5.32193
4.23549
5.9542
7.32193
5.76641
2.87416
8.39923
3.18795
4.08217
5.59813
2.56847
2.15807
3.16035
4.49672
1.02109
2.35186
3.56524
1.52864
4.56754
1
3.36806
4.14897
3.40868
3.48098
3.8444
11.9497
5.29768
8.88056
4.67725
3.54504
4.27962
0.0365067
9.67229
2.57845
9.20457
2.71621
5.9517
7.52356
7.30378
3.64081
5.02807
2.95785
8.57851
2.04066
1.46114
2.78184
3.85163
2.14207
9.46596
2.6211
3.95929
3.56883
1
3.76169
1.62
4.08385
2.92365
3.95247
5.00451
1.39707
3.098
1.51121
2.22833
2.87969
4.99669
6.33264
4.76951
2.3529
2.45712
3.68953
2.69891
8.994
3.97575
5.79604
0.607748
4.83366
3.10395
8.06747
9.62144
1.8499
3.64081
5.42516
3.24317
1.2313
3.87414
3.57171
2.22595
3.60188
9.70888
3.11894
5.76586
4.60244
2.98489
5.10369
2.20158
2.09598
2.22986
8.77115
1.85588
5.15218
2.97983
5.76641
1
8.39923
3.18795
2.82942
5.3013
0.829735
1.46114
4.34691
2.75197
3.6722
1.92496
4.75452
3.79388
1.93179
3.37641
4.30375
5.10155
7.78413
3.27591
2.88772
5.96481
5.16045
3.24317
1.2313
3.87414
9.34765
3.35494
2.47573
9.14651
5.92396
5.96723
8.37504
4.1964
4.2199
2.15265
5.72792
3.10336
6.57812
6.24345
4.11027
5.00408
1.88856
6.85524
3.74798
7.44431
2.58285
5.465
6.85109
2.16038
1
4.34691
1.97363
4.54016
5.96008
3.07325
1
3.14061
2.19324
3.8444
5.96481
2.88392
4.25953
3.06721
5.2307
8.33217
3.27591
1.22287
3.51328
5.58433
1
3.14011
1
3.49369
9.40995
3.91541
3.51064
1.3992
2.49625
3.18359
3.40951
3.21927
5.56261
1.77866
11.2368
3.19046
3.71291
4.6355
2.50415
6.57676
4.70156
3.82974
0.716008
2.15408
1
9.22387
1.98048
3.96168
3.24773
5.0408
1.93179
1
1.3992
2.49625
3.14958
1.87725
7.47481
0.129569
8.86898
3.08352
2.59246
1.51121
3.13291
10.7274
6.22435
6.90929
3.28379
1
0.607748
4.96045
4.50893
2.4324
1.59229
0.373503
3.01282
1.52864
3.21529
11.1307
0.921349
5.90351
6.97957
2.79036
1.2313
3.87414
9.34765
2.57845
5.20457
9.05901
4.39643
4.60244
2.98489
6.80413
3.1893
5.33665
1.39707
3.098
3.95929
4.77908
2.3529
2.45712
3.68953
2.69891
8.994
3.97575
3.51064
1.3992
2.49625
3.46099
4.70131
3.65447
3.09621
1
3.79388
5.51122
0.0543463
1
2.1496
3.28356
5.33441
9.62431
11.7678
8.44294
6.11548
0.0543463
9.67229
2.57845
3.27383
1
2.52866
4.3042
1.38315
3.464
4.46431
2.81756
8.56099
2.16038
1.46114
3.47118
5.14494
2.54358
5.81253
6.39674
4.73997
5.79604
0.607748
4.96045
4.50893
2.4324
1.59229
0.373503
3.01282
1.52864
3.21529
5.20118
3.33453
8.96241
3.8619
3.66107
5.03052
4.03859
3.58083
2.81756
8.33217
2.6798
1
5.14494
1
4.86302
3.03483
7.5248
2.6798
3.01805
5.77851
3.1893
5.33665
1.39707
3.098
3.95929
4.77908
2.3529
2.45712
3.68953
2.69891
8.994
3.97575
5.21108
2.47113
2.27672
9.20473
3.67557
3.77259
4.25953
3.06721
5.2307
8.33217
3.27591
1.22287
10.4996
7.96
1.28622
5.05802
3.24317
1.2313
3.87414
3.71291
1.3992
2.49625
3.46099
4.70131
3.65447
3.09621
1
3.79388
1.93179
8.96241
1
3.27383
1
2.52866
6.20587
2.61607
7.44431
3.13642
2.54358
4.094
0.67603
1.79087
8.51115
3.8619
1
0.584963
4.47406
3.61728
0.67603
5.92485
0.553875
4.22726
1.16765
3.03918
7.13076
3.16057
1.95797
1
1.02109
7.02098
2.37346
3.76291
3.10336
9.20747
1
6.98868
2.07641
4.25182
1.3349
3.37641
4.08217
3.66066
1.3992
2.49625
3.46099
2.65795
2.26591
4.7914
1.62868
4.12948
2.20158
2.09598
2.22986
8.77115
7.42066
5.85798
3.46489
4.9172
5.84477
2.88772
2.48959
2.87667
2.6409
4.47621
4.17535
4.47608
4.32193
3.58083
3.22352
3.21418
3.35245
4.93779
4.62863
5.42516
3.24317
3.3348
6.01018
4.47406
5.14926
2.93164
2.41897
8.53457
2.82187
1.40305
3.47118
5.14494
2.54358
3.95903
2.20158
2.09598
2.22986
8.77115
1.85588
4.93806
3.91964
2.79437
5.1578
4.23528
6.21021
3.46836
1.94059
5.8925
3.1893
5.33665
1.39707
3.098
3.95929
4.77908
2.3529
2.45712
3.68953
2.69891
8.994
3.97575
4.98868
2.65608
5.18942
3.73148
3.41364
1.41955
4.34691
6.62644
0.0543463
3.69546
0.67603
3.39527
1
3.58288
3.48816
1.48962
3.77556
4.17535
4.47608
4.32193
3.54992
5.80837
3.14958
4.62863
5.465
4.60244
2.98489
3.41181
3.24317
1.2313
3.87414
3.70536
1.62
1
2.92365
3.95247
5.00451
1.39707
3.098
1.51121
12.2772
2.48239
5.9517
5.52356
6.32193
5.60995
1.92824
0.722296
3.00235
3.8444
13.5347
6.12928
1.9501
2.59535
6.6601
6.50779
3.26036
4.15697
9.43924
3.66525
4.8889
2.79036
1.2313
3.87414
5.10137
2.28132
9.52863
8.29462
5.03562
9.06035
2.48829
2.28868
4.34691
2.37346
4.32893
1.38315
5.7934
4.11027
1
1.10696
4.59777
5.46538
3.49215
1.62
1.36716
3.64852
1.08888
4.2137
1.39707
2.43229
5.60208
1.71051
2.96915
4.87178
1
3.64515
6.88713
1.51336
4.2137
1.39707
3.098
7.32618
3.69312
1
5.42516
3.24317
3.3348
6.01018
4.47406
3.49215
1.62
4.08385
2.92365
3.95247
5.00451
1.39707
3.098
1.51121
3.05527
6.09481
3.1893
5.33665
1.39707
3.098
3.95929
8.51115
2.07641
4.25182
1.3349
1
0.67603
5.92485
5.01051
2.02146
6.69844
1.51278
9.03462
2.54358
4.094
0.67603
1.79087
1
2.19324
10.2047
3.72559
4.47411
1
2.98489
3.41181
3.24317
1.2313
3.87414
5.42516
2.42897
1.68314
3.00235
5.20118
5.93471
4.16308
1.83076
1.96936
2.19972
1.04497
3.2133
5.39414
0.0543463
6.25195
3.89074
4.86392
1.32939
3.81352
3.10336
1
6.24345
4.11027
5.16045
3.24317
1.2313
3.87414
5.8925
3.89074
0.590265
5.43342
4.0765
3.46836
2.6239
3.74422
6.98557
4.32893
1.4793
6.50808
5.28765
1
4.21131
3.63341
0.67603
5.92485
5.01051
2.02146
6.69844
1.51278
9.03462
2.54358
5.00845
2.75685
3.16212
3.23127
3.10797
1.86779
2.19972
1.04497
3.2133
3.33453
8.96241
3.8619
5.39803
2.57961
3.47118
2.52866
4.51256
11.5071
4.26303
1.67564
6.54595
3.1893
5.33665
1.39707
3.098
3.95929
8.51115
2.07641
4.25182
1.3349
9.52667
0.288657
4.23549
6.9542
7.30378
6.0595
5.94251
3.26442
3.77556
4.17535
4.47608
5.12928
3.24317
1.2313
3.87414
6.20587
2.12106
2.5502
3.58741
4.12333
9.57968
2.54358
3.8298
4.14897
3.40868
2.04988
3.32173
3.26216
11.8167
2.13191
5.9517
1
6.32193
2.88011
7.06792
2.43063
5.1416
1.07055
3.08827
6.10384
3.61728
0.67603
1.79087
4.93641
3.24317
1.2313
4.53236
5.01047
2.58285
3.71291
1.3992
8.33217
3.27591
1.22287
4.47077
1.47671
4.75452
3.79388
6.73693
8.91102
3.07529
4.2199
5.63807
6.33092
2.79036
1.2313
3.87414
4.78839
2.93164
2.59099
4.88349
1.7698
3.77556
4.17535
7.22331
4.57289
3.37641
3.75873
7.22896
3.11177
4.46166
4.11415
1.3992
1.56293
3.70307
4.47077
1.68314
5.42631
3.26442
3.2074
4.24933
1
3.81352
4.14897
3.40868
2.04988
3.32173
2.44814
4.93779
1.45775
1.51121
10.4996
3.53374
4.42729
2.97983
5.76641
1
8.39923
5.08226
3.24317
1.2313
3.87414
3.70536
1.62
1
2.92365
3.95247
5.00451
1.39707
3.098
1.51121
4.27962
0.0365067
9.67229
1
3.66107
5.03052
4.03859
3.10336
6.57812
6.24345
4.11027
5.00408
2.56847
2.15807
0.760811
4.42729
2.3529
2.45712
3.68953
2.69891
8.994
3.97575
4.88915
1.38315
5.7934
4.11027
1
1.10696
4.59777
5.46538
5.12518
0.607748
4.83366
3.10395
8.06747
9.62144
1.8499
3.64081
3.22555
2.19324
10.2047
3.72559
4.98868
2.20158
2.09598
2.22986
8.77115
1.85588
5.15218
2.97983
5.76641
1
8.39923
3.70066
4.6355
1.9501
4.24422
3.4864
6.98436
1.44892
4.19268
10.2958
4.26303
1.67564
6.54595
3.1893
5.33665
1.39707
3.098
3.95929
4.82204
1.4793
3.098
1
5.65814
3.79388
1.93179
9.06612
6.32193
4.64386
10.1722
5.19134
2.70266
4.17535
4.47608
3.66985
4.03685
4.29189
5.6515
3.39839
1.32939
5.22887
3.24317
1.2313
3.87414
5.8925
3.89074
0.590265
5.43342
4.0765
3.46836
2.6239
3.74422
6.98557
4.32893
1.4793
6.50808
5.28765
1
4.21131
5.76586
2.1496
3.28356
1
1.71051
6.38869
0.727842
3.36018
4.17535
4.47608
3.66985
2.19324
10.2047
3.72559
4.51064
0.67603
5.92485
5.01051
2.02146
6.69844
1.51278
4.234
4.93779
1.45775
1.51121
1
3.61728
0.67603
1.79087
4.93641
3.24317
1.2313
3.35245
6.36392
1.1193
5.90351
7.3015
1.48543
4.96045
10.4444
2.09433
9.37994
5.27171
4.32793
1
11.0702
2.19771
3.77032
4.82589
3.75263
3.2065
8.99323
0.379287
5.69546
8.52095
2.96083
5.70181
1
5.30402
0.607748
4.96045
4.50893
2.4324
1.59229
0.373503
3.01282
1.52864
3.21529
5.98098
3.56883
2.19324
3.8444
5.96481
5.16045
3.24317
1.2313
3.87414
3.71291
4.6355
2.50415
6.57676
4.70156
3.82974
0.716008
2.15408
1
4.97173
4.60244
2.98489
3.41181
3.24317
1.2313
3.87414
5.60208
1.88856
6.85524
3.74798
7.44431
2.58285
9.87121
2.96505
4.04647
1.48962
3.2074
2.31548
2.90038
4.97936
8.68485
2.2284
3.51064
1.3992
2.49625
3.18359
3.40951
3.21927
5.56261
1.77866
11.2368
5.97473
0.0757709
3.5507
3.10336
6.57812
6.24345
4.11027
5.00845
2.28132
9.52863
8.29462
5.03562
9.06035
2.48829
2.28868
4.34691
2.37346
5.4752
1.71051
6.38869
1
0.584963
5.02807
1.10696
4.59777
5.46538
6.09481
1.97498
8.00892
2.6211
3.95929
3.56883
4.03685
7.3854
4.06805
3.38164
5.42516
3.91964
2.79437
4.59385
1.4793
5.31133
4.70239
1.40305
4.97544
2.56836
1.44783
3.46836
1.94059
9.34765
3.8619
6.98299
5.92035
4.93806
3.24317
1.2313
3.87414
5.8925
3.1893
5.33665
1.39707
3.098
3.95929
4.77908
2.3529
2.45712
3.68953
2.69891
8.994
3.97575
4.21108
2.19324
3.8444
5.96481
5.16045
3.24317
1.2313
4.81811
6.59169
3.52823
3.04322
5.08438
3.15991
3.85121
1
2.43209
2.90038
5.42429
3.32173
3.26216
1.93179
8.96241
1
3.27383
1
2.52866
3.70536
1
1.36716
3.64852
1.08888
4.2137
1.39707
5.72063
2.54358
5.16045
3.24317
1.2313
3.87414
4.51256
2.99978
2.69891
2.47371
1.89689
4.53561
1.04497
3.2133
3.33453
5.76586
4.60244
2.98489
5.21917
3.70364
4.46347
3.69571
1.75794
2.37513
4.88754
2.37346
4.42729
2.97983
5.76641
1
8.39923
4.5482
3.03483
1.07055
2.91629
5.72478
7.11894
1
9.91558
4.17705
5.97292
1.51121
2.22833
4.28519
3.57333
7.59249
3.79388
6.73693
0.953915
12.1927
5.32193
4.23549
6.9542
7.30378
5.39803
6.01018
4.47406
9.94281
2.07641
4.25182
1.3349
5.19308
3.24317
1.2313
3.87414
5.8925
3.89074
0.590265
5.43342
4.0765
3.46836
2.6239
3.74422
6.98557
3.37641
2.19324
3.8444
5.96481
8.56741
3.8619
5.39803
6.01018
4.47406
3.81352
2.14207
3.06902
5.48331
2.36862
3.0786
3.68872
3.40627
4.3042
1.38315
5.7934
4.11027
5.16045
3.24317
1.2313
9.07292
1.85588
4.27248
1
1.36716
3.64852
1.08888
4.2137
1.39707
14.2829
5.35755
7.67243
3.8619
5.39803
6.01018
4.47406
5.13431
2.92221
2.39249
5.82317
6.1307
0.658158
4.3042
1.38315
5.7934
4.11027
5.16045
3.24317
1.2313
9.07292
1.85588
4.21108
2.82942
5.72322
9.2503
6.30378
7.67243
3.8619
5.39803
6.01018
4.47406
4.57824
1.38315
5.7934
4.11027
5.16045
3.24317
1.2313
9.07292
1.85588
4.88915
3.70364
1.92184
5.22906
3.91964
2.79437
8.85477
2.07641
2.42869
1
0.584963
3.00235
0.736966
0.584963
5.12518
0.607748
4.83366
3.10395
8.06747
5.50596
2.09587
10.0607
4.98965
4.60244
2.98489
3.41181
3.24317
1.2313
3.87414
4.51256
2.20158
2.09598
2.22986
8.77115
9.00562
8
6.67243
3.24317
3.3348
6.01018
4.47406
3.61728
6.39485
0.760811
5.19308
3.24317
1.2313
3.87414
4.78839
1.96558
3.25123
2.88772
2.51369
2.51632
3.24773
1.45775
1.51121
3.51328
3.45822
1
6.6764
0.0275554
1.79573
6.58914
1.16765
3.03918
2.19972
1.04497
7.59212
0.379287
1
2.19324
3.8444
5.96481
4.92768
1.10696
1
5.79138
6.78398
2.22986
1.94059
3.57171
2.14207
1
5.97473
10.3807
3.11894
5.19308
3.91964
2.79437
1
1.71051
6.38869
1
0.584963
3.22555
2.19324
1
3.56883
2.19324
5.20118
11.3941
3.80735
3.27383
2.78184
5.38035
3.91964
2.79437
5.22906
3.24317
1
0.584963
4.47406
5.14926
1.96558
3.25123
2.88772
2.51369
2.51632
3.24773
1.45775
1.51121
3.51328
3.45822
1
6.6764
0.0275554
1.79573
6.58914
1.16765
3.03918
2.19972
1.04497
7.59212
9.53916
4.1964
4.2199
2.15265
6.14296
1
4.26303
1.67564
9.37994
2.19771
3.77032
4.82589
3.75263
3.2065
5.98098
3.78185
3.10336
6.57812
6.24345
10.0818
3.47873
4.68488
1.96629
3.00152
4.33907
5.26031
4.38056
2.90775
2.0585
9.64398
3.53374
5.4752
1.71051
6.38869
1
0.584963
4.3042
1.38315
3.464
6.50678
2.01651
3.19256
4.0189
1.6372
3.13642
2.54358
5.16045
3.24317
1.2313
3.87414
3.79707
0.67603
5.92485
0.553875
4.22726
1.16765
3.03918
7.13076
3.16057
1.95797
1.86779
2.19972
1.04497
3.79807
3.56883
2.19324
3.8444
5.96481
3.8298
3.10336
6.57812
6.24345
4.11027
1
4.28611
2.64872
3.61728
6.39485
0.760811
3.37641
9.39483
5.37672
4.01799
3.30041
2.54358
2.88392
4.63474
4.47406
4.57824
4.36467
2.51632
4.868
3.27027
1.85546
2.98606
4.17535
4.47608
4.20328
1.62
4.08385
2.92365
3.95247
5.00451
1.39707
3.098
1.51121
3.05527
6.09481
3.1893
5.33665
1.39707
3.098
3.95929
3.33107
2.54449
2.65098
1.99506
3.49369
3.57333
3.57715
1.52864
4.56754
3.79756
7.73802
7.56071
3.8618
5.90351
7.3015
10.2958
4.26303
1.67564
3.74111
1.3992
2.49625
3.14958
1.87725
2.78184
3.85163
3.10336
6.57812
6.24345
4.11027
5.16045
3.24317
1.2313
3.87414
4.78839
2.3529
2.45712
3.68953
2.69891
8.994
3.97575
5.21108
3.89074
0.590265
5.43342
4.0765
3.46836
2.6239
3.74422
6.98557
4.32893
1.4793
6.50808
5.28765
1
5.90319
0.0543463
9.67229
3.8619
2.00571
3.12704
5.85182
5.13311
3.93587
3.75873
7.22896
3.11177
4.46166
4.15954
1.62
1.36716
3.64852
1.08888
4.2137
1.39707
5.72063
2.54358
3.95903
2.20158
2.09598
2.22986
8.77115
1.85588
4.93806
3.91964
2.79437
1
3.21005
3.1626
1.22287
2.26139
1.40305
2.78184
5.77851
3.1893
5.33665
1.39707
3.098
13.9628
4.54137
5.9517
5.52356
6.32193
5.60995
5.3445
7.71753
9.03919
9.73132
2.59569
2.68784
4.75452
2.16127
3.53602
5.96481
2.88392
2.19324
3.8444
5.96481
8.56741
2.33504
6.76155
3.3026
10.3791
0.0757709
3.46973
2.42226
4.12397
3.23784
2.64395
1.88228
3.45822
0.982834
8.71264
3.59743
5.37006
2.54358
4.52302
6.78398
3.79807
3.99612
11.5071
4.26303
1.67564
6.54595
3.1893
5.33665
1.39707
3.098
13.9628
4.54137
5.9517
5.52356
6.32193
3.91222
4.03197
2.4324
1.59229
0.373503
3.01282
5.59251
5.09568
4.60244
1.56986
1.35291
1.35972
3.68872
3.40627
3.22555
1
3.8444
5.96481
3.88693
4.03197
2.80062
1.32939
5.2167
2.23107
1.75587
1.86779
2.19972
1.04497
3.51513
3.59704
6.33264
3.36806
2.14207
3.52254
2.49751
3.98029
3.30333
3.9163
9.40995
3.91541
4.21108
4.63474
4.47406
1
0.584963
2.61901
11.671
7.43879
3.87699
4.8889
2.79036
1.2313
3.87414
3.70536
2.53948
3.65447
5.33762
6.58496
2.87339
4.1686
6.39485
0.760811
3.37641
12.4305
2.43664
5.1449
5.54956
3.57333
3.59883
4.17535
4.47608
3.66985
4.08217
4.88618
0.607748
2.92365
6.63223
3.42392
3.2908
3.2133
2.79721
2.58285
4.78839
2.97983
5.76641
1
8.39923
5.08226
3.24317
1.2313
3.87414
4.78839
13.3352
6.35755
2.42588
3.4443
6.82757
5.0133
5.18982
1.40305
2.78184
4.51129
11.5071
4.26303
1.67564
3.74111
1.3992
2.49625
3.14958
1.87725
2.78184
4.78974
0.607748
7.4297
0.15677
1.79573
6.58914
1.16765
3.31093
9.57968
2.54358
5.16045
3.24317
3.3348
6.01018
4.47406
5.14926
13.3352
6.35755
2.42588
4.49041
1.38315
7.0013
3.39245
4.83366
1.94906
2.39868
1.02109
3.28356
3.95053
4.6355
1
0.584963
2.61901
3.16035
4.49672
6.52387
3.54247
4.61644
2.57961
2.78184
8.20477
5.58627
5.06609
9.65238
2.49683
1
3.21933
1.91698
5.86986
1
4.97173
6.85109
2.16038
1
2.78184
3.04322
4.08217
9.04618
3.8619
2.00571
2.15807
3.16035
10.4374
1.81885
5.00631
8.05901
5.55785
7.90494
2.72186
3.27383
2.78184
3.95053
1.3992
2.49625
3.46099
2.65795
1.8526
7.45063
3.18626
3.54504
3.05527
6.09481
6.39674
4.73997
6.98868
2.57845
5.88264
10.1528
3.16993
2.6239
10.7525
1.72016
7.62485
6.40372
3.8618
3.06037
4.28611
1
3.14061
3.75873
3.79756
2.68385
3.02934
2.89004
3.46861
1.93179
5.19308
3.24317
3.3348
6.01018
4.47406
3.49215
1.62
4.08385
2.92365
3.95247
5.00451
1.39707
3.098
1.51121
3.05527
6.09481
3.1893
5.33665
1.39707
3.098
3.95929
8.51115
2.07641
4.25182
1.3349
4.3643
2.20158
1.805
2.91629
1
3.79707
0.67603
5.92485
5.01051
2.02146
6.69844
1.51278
9.03462
2.54358
2.88392
2.19324
3.8444
5.96481
2.88392
4.63474
4.47406
4.98965
6.78398
2.22986
1.94059
3.70536
2.54449
8.88056
4.67725
3.54504
3.05527
3.14061
4.25953
3.06721
2.18203
3.28184
1
1.73787
9.57968
2.54358
3.95903
2.20158
2.09598
2.22986
8.77115
1.85588
5.15218
2.97983
5.76641
1
8.39923
3.18795
4.08217
4.74037
3.03483
1.07055
2.91629
5.72478
7.11894
1
9.91558
5.44835
2.23107
1.75587
1.86779
2.19972
1.04497
3.51513
3.59704
6.33264
7.6764
3.8619
2.00571
2.59535
3.72254
3.38164
3.57171
2.14207
3.06902
5.48331
2.36862
1
4.17535
4.47608
3.66985
5.08438
1.3349
5.27551
1.32519
3.0786
3.68872
3.40627
3.70536
1.62
1
2.92365
3.95247
5.00451
1.39707
3.098
1.51121
3.37548
0.838677
4.19268
10.2958
4.26303
1.67564
3.74111
1.3992
2.49625
3.14958
1.87725
2.78184
3.85163
3.10336
6.57812
6.24345
4.11027
5.00408
2.56847
2.15807
0.760811
3.91222
2.53948
3.65447
5.33762
6.58496
2.87339
4.1686
6.39485
0.760811
3.37641
4.63474
4.47406
9.60177
0.288657
4.23549
5.63227
6.33092
1.2313
3.87414
5.8925
1.97498
9.39595
1.16529
2.98606
7.22516
2.56609
6.21021
4.17535
4.47608
4.32193
4.14897
3.40868
7.65231
3.84778
3.46861
5.51122
10.9022
4.1964
4.2199
2.15265
7.72792
4.60244
2.98489
3.41181
3.24317
1.2313
3.87414
3.79707
0.67603
5.92485
0.553875
4.22726
1.16765
3.03918
7.13076
3.16057
1.95797
1.86779
2.19972
1.04497
3.79807
3.56883
2.19324
3.8444
5.96481
5.16045
3.24317
3.3348
6.01018
4.47406
4.68479
9.00429
8.16176
6.77259
3.91964
2.79437
3.57053
4.08217
4.33143
3.70364
10.2501
4.49185
2.85549
3.95929
5.36037
2.47113
2.27672
9.20473
5.26053
4.15131
3.37641
4.30375
3.63318
2.52866
3.79707
1
5.92485
5.01051
2.02146
6.69844
1.51278
9.03462
12.1528
