106
7
7
0.703162
2.20051
1.91358
0.63222
0.27538
4.37123
2.85176
0.571879
1.67372
0.323479
2.61969
0.172898
0.703162
9.03713
2.93638
3.28364
1.7697
5.95909
3.36942
6.33448
2.83807
3.22876
0.27538
2.61969
0.172898
0.703162
4.01878
6.56243
2.37178
2.51941
8.04712
1
2.22359
1
4.10689
0.68536
1.04593
4.96546
4.79881
1.30487
5.33887
2.11193
1.9121
4.41602
0.0192228
2.53831
2.16951
0.304715
3.18667
0.172898
0.703162
4.04143
6.27551
5.78731
2.51941
8.04712
4.94006
0.936017
1
0.584963
0.441297
3.08988
1.91766
1.54872
3.08988
2.16951
0.304715
3.77463
2.85176
0.571879
1.67372
0.323479
1
5.18289
6.37798
1
3.89967
5.0629
3.52286
2.32234
2.16951
0.304715
10.8509
6.21594
6.76818
7
0.994419
0.172898
0.703162
2.20051
1.91358
0.63222
0.27538
3.12039
1.87483
3.85492
0.586549
4.08432
0.928592
1.50884
1.20956
1
1.54872
4.37123
3.18992
3.71969
3.82749
3.62244
4.00654
1.55452
4.04763
1.64733
3.49319
3.33205
4.43164
1
1.60712
1.7403
3.44652
0.172898
0.703162
5.02857
0.643933
3.34491
3.63338
1.33883
2.85237
6.26296
0.204892
2.68005
2.37888
7.40779
2.28205
4.14439
2.11193
1
4.39016
1.91358
0.63222
0.27538
5.43008
1
0.951946
4.06493
2.55708
3.35263
3.46267
1.70733
0.928592
1.50884
2.22919
2.287
0.27538
2.61969
3.91773
3.27978
4.52473
1.92203
3.13171
6.29474
4.45622
1.79705
0.545769
1.35122
4.84589
0.0192228
3.29968
1.73644
3.35005
4.08779
3.18612
0.576921
5.21804
1.51985
4.84261
4.3304
0.227069
0.98724
1.50884
1.20956
1.47134
4.01878
4.69794
1
11.1166
10.7061
9.09408
1.24521
1.3129
0.695051
5.10886
0.134398
4.51207
0.00689095
3.66757
5.24561
1.84247
8.54492
10.3203
2.21673
1
2.6685
9.14732
4.33568
3.36286
5.14539
3.16169
2.32234
1.91766
1.74153
1.50984
2.43382
5.53418
2.34495
2.58844
5.38995
3.12199
4.08638
1.79705
0.545769
3.18577
3.07597
1.91766
1.74153
1.50984
2.56825
7.01384
1.53081
3.00639
3.73697
2.83322
2.13906
1
0.584963
5.53418
3.36942
3.73016
0.928592
3.91351
1
5.03027
0.336056
1
5.13972
0.204892
5.47769
3.11643
1.55441
4.27824
1.58181
2.38011
4.39016
5.87289
6.70485
2.59645
3.09697
4.32276
1.8806
6.40112
10.9779
0.777608
4.28787
0.336056
1.8229
9.96172
3.64803
7.9542
7
0.994419
0.172898
0.703162
3.07597
1.89726
7.13147
1
1.61008
4.97568
5.71137
1.18187
0.27538
4.60591
2.26255
2.34438
1.44393
1.0219
5.47769
2.13665
5.06559
2.98314
9.19947
4.3599
2.87584
2.96674
4.74283
0.996742
2.08284
4.64267
1.8806
0.27538
6.76645
1.89413
5.06559
2.98314
2.25207
1.55452
4.04763
5.21986
1.2912
0.54435
2.02365
4.41602
0.0192228
5.8408
0.420654
3.18612
3.61813
1.30046
3.05314
3.28645
2.38011
5.03777
2.85176
0.571879
1.67372
0.323479
2.61969
0.172898
0.703162
5.03027
0.336056
1.73908
1.51953
3.16558
7.34699
2.1998
4.55713
3.01171
3.12763
2.64084
5.9293
0.0325329
3.57745
2.59312
3.49473
3.7481
4.26406
2.48511
4.86151
1.7861
3.66941
6.33009
1.14981
6.26296
0.204892
2.68005
5.69293
9.20759
1.07298
5.29616
4.62244
2.65875
4.93657
3.00907
2.32234
1.89726
1.55452
5.17363
5.39987
2.03774
3.77952
1.69723
2.5827
3.09697
4.32276
1.8806
0.27538
4.37123
2.85176
4.34068
5.84422
1.01355
2.57218
2.70367
4.14921
0.27538
1
1.91766
1.74153
4.10783
1.01273
2.51941
0.580538
3.86158
3.30612
3.72287
2.1659
1
0.584963
1.9121
4.87011
3.00907
3.72444
0.284453
2.30026
1.61234
1.86795
4.07043
2.6007
1.69386
4.39016
1.91358
1
4.15112
0.68536
1.04593
3.00258
2.55161
4.13372
2.14312
1
0.584963
13.4802
2.81592
3.30693
1.4614
4.05917
1
3.49319
1.73644
1.4568
4.24651
1.599
2.08284
3.76103
2.71161
2.43382
6.29621
0.643933
1.64366
4.73725
0.420654
4.14051
3.3242
5.87296
5.41571
5.20967
4.25196
1.12318
1
2.90349
2.16951
0.304715
3.18667
0.172898
3.65068
4.05917
1
4.55762
1.15835
1
2.67304
0.950127
2.23508
2.36312
0.172898
0.703162
5.03027
0.336056
1.73908
1.51953
6.12408
2.48033
3.63405
4.09272
6.9386
1.73908
1.51953
3.32097
0.68536
1.04593
3.13611
2.93054
0.951946
1.5473
3.25794
2.16951
0.304715
3.23385
6.56243
2.37178
2.51941
8.04712
1
2.22359
1
3.44652
0.172898
0.703162
4.04143
6.27551
5.78731
2.51941
8.04712
4.94006
0.936017
1
0.584963
0.441297
6.5424
1.55738
2.72968
5.42799
3.70846
2.64084
2.25727
3.25794
1.89726
1.55452
4.04763
5.94587
7.54869
11.2107
0.0613759
3.17637
0.619787
0.759402
4.90873
2.36316
2.04378
3.42326
2.96731
1
4.90873
1
8.12898
1.83157
5.05344
4.55713
8.53528
2.3116
1.70638
0.759402
5.09018
0.00689095
0.164202
0.783388
4.04143
3.33205
1.59809
4.97568
2.5827
3.72326
2.82388
4.36527
0.135952
5.31287
4.62678
3.74372
0.936017
4.29943
3.33922
1.7403
2.60626
1.89726
1.55452
5.17363
3.36942
3.73016
2.56582
2.15734
1.89681
4.79802
5.7594
6.16499
3.87866
4.55713
6.95031
5.09717
5.08538
7.04963
6.5481
0.619787
2.3747
0.441297
4.89899
0.420654
6.16791
3.35755
1.48745
2.58694
4.28097
0.187014
2.58654
0.586549
2.31475
0.95461
2.18381
1.20305
1.54872
3.70953
0.68536
1.04593
3.13611
2.93054
0.951946
1.5473
1
0.619787
0.759402
3.32097
0.68536
14.22
1.89648
2.31995
14.0256
4.64992
3.27589
1.91358
0.63222
0.27538
4.87141
0.204892
1.66626
5.40625
3.32638
1.25082
1.32108
2.56825
1.12318
1
0.27538
2.61969
0.172898
0.703162
2.20051
0.619787
2.3747
0.441297
3.12039
1.73644
3.35005
4.11487
2.92261
2.93618
2.6685
3.87189
0.441297
3.12039
1.73644
5.80483
1
6.52011
2.46532
2.72968
0.441297
1
1.89726
1.55452
3.81459
1.87483
3.85492
0.586549
4.08432
0.928592
1.50884
1.20956
1
1.54872
16.7236
3.2854
7
7
7
3.5921
4.1209
6.23703
3.81305
0.441297
10.8656
5.05612
1
4.96083
3.33205
1.59809
4.27824
1.58181
3.02786
2.918
3.81305
0.441297
1
1.89726
1.55452
5.02626
0.336056
1.73908
1.51953
3.49319
1.73644
3.35005
4.11487
2.92261
2.93618
2.6685
1.5473
5.53418
2.37235
2.89937
3.25677
2.73274
2.25727
3.16558
0.172898
0.703162
3.07597
1.89726
5.82915
2.84599
11.3028
1.55136
5.45869
15.8126
7
7
7
7
3.23795
5.75927
5.08804
2.07089
3.14225
2.19859
2.69936
0.172898
1
5.17725
3.54272
1.18187
5.50088
2.72678
0.951946
3.95131
1.7403
6.26296
0.204892
1.66626
5.40625
3.32638
1.25082
1.32108
2.56825
1.12318
1
0.27538
3.12039
1.73644
1.09189
5.14495
2.75369
5.7645
1.94522
6.55791
4.79412
4.00178
3.43722
1.66626
5.2602
3.00907
3.27589
0.619787
1
6.12408
2.48033
3.63405
4.09272
6.9386
1.73908
1.51953
6.29621
0.643933
1.64366
3.32097
0.68536
1.04593
3.00258
2.30484
3.3686
1.599
2.51338
3.02771
2.11193
0.882795
3.42871
3.23795
3.34109
2.06663
2.04584
1.43487
3.5962
1.7403
2.60626
2.16951
0.304715
3.93391
2.59312
3.2619
1.78374
2.52409
4.44448
2.64943
1
4.73725
0.420654
6.16791
3.35755
1.48745
6.98283
1
3.83009
0.172898
0.703162
2.20051
0.619787
0.759402
4.90873
2.36316
3.72326
1.66917
2.56825
2.49453
1.456
0.172898
0.703162
4.04143
1.87483
3.85492
0.586549
4.08432
0.928592
1.50884
1.20956
1
5.2602
3.00907
4.80244
3.46798
5.38731
5.39066
3.2336
2.08284
4.64267
1
0.584963
0.415037
0.321928
0.263034
0.222392
0.192645
0.169925
0.152003
0.137504
0.125531
6.6947
5.88797
3.79494
1.81224
5.47684
0.336056
1.73908
1.51953
4.91232
0.204892
0.938599
0.884523
9.20759
1.07298
5.29616
4.62244
2.25727
1
1.89726
1
2.42911
2.16951
0.304715
4.464
3.36942
3.73016
2.56582
2.15734
1.89681
4.79802
3.88745
0.00689095
0.164202
0.783388
3.83009
6.4603
2.76606
5.64529
4.06788
1
2.2144
2.16951
0.304715
3.71133
1.89726
5.82915
2.84599
11.3028
1.55136
9.91812
0.777608
5.87283
5.1127
2.64909
5.16993
1.78265
5.70251
4.70919
3.76642
5.2602
3.00907
2.32234
1.89726
1.55452
3.86158
3.32356
4.10029
2.04585
0.998201
3.92397
5.29946
0.0206716
5.03345
2.42096
3.25008
1.50161
1
0.27538
5.20736
1.91358
0.63222
0.27538
3.08988
1.89726
7.13147
1
1.61008
4.97568
5.71137
1.18187
0.27538
1
1.89726
1.55452
3.10658
1.91358
0.63222
0.27538
4.54271
0.00689095
0.164202
0.783388
2.20051
0.619787
0.759402
6.12408
2.48033
3.63405
4.09272
6.9386
1.73908
1.51953
5.58178
1.24332
1.14612
3.6362
1
1.09189
6.37753
4.04071
5.28889
8.43301
1.86795
5.31287
6.39232
0.204892
4.29943
4.1599
4.56551
0.305334
1.5125
0.135952
0.230555
0.243391
4.26406
2.48511
4.86151
1.7861
3.66941
4.22389
2.2718
3.48469
4.54485
2.41908
5.13972
0.204892
2.68005
5.69293
9.20759
1.07298
5.29616
4.62244
2.65875
4.93657
0.226875
2.83799
2.27805
0.63222
0.27538
4.87141
0.204892
1.66626
5.40625
3.32638
1.25082
1.32108
2.56825
1.12318
1
0.27538
4.60591
2.26255
3.02786
2.41908
1
5.21986
4.02113
1.10012
0.930943
4.57186
3.18992
2.38009
1.26823
3.93184
1.73644
1.4568
4.90483
5.34894
3.65464
1.84247
3.09697
2.67975
4.1551
1
1.66626
4.84589
0.0192228
3.29968
3.33205
1.59809
3.48469
2.68814
5.03777
2.51954
2.98681
5.49161
1.64574
3.72615
1
5.02626
0.336056
1.8229
5.57333
2.58899
1.58496
1.89681
1.12024
3.22327
1.47638
2.89937
1.9742
1.20956
1.47134
5.02857
4.96821
5.98351
2.38207
1.23935
1
1.89726
1.55452
5.02626
0.336056
1.73908
1.51953
3.32097
3.32356
4.10029
4.53843
1.89681
4.79802
2.90349
1.89726
1.55452
2.42911
2.16951
0.304715
5.40882
0.00689095
0.164202
0.783388
2.20051
1.91358
0.63222
0.27538
5.43008
1
0.951946
4.06493
2.55708
3.35263
3.46267
1.70733
0.928592
1.50884
2.22919
2.287
0.27538
4.28658
0.134398
2.57367
0.619787
0.759402
4.26036
2.48511
2.33872
2.38647
1.59809
4.86533
0.998083
5.06559
2.98314
2.25207
3.59044
0.576921
2.21494
1
3.16558
0.172898
0.703162
2.20051
1.91358
0.63222
0.27538
3.12039
1.87483
3.85492
0.586549
4.08432
0.928592
1.50884
1.20956
1
1.54872
1
3.70618
3.5921
4.1209
6.23703
3.81305
0.441297
6.13859
0.643933
2.79309
2.19859
4.57186
1.78265
4.25663
0.778496
1.60012
3.30106
4.25196
1.12318
1
2.90349
1.89726
1.55452
3.10658
1.91358
0.63222
0.27538
7.79578
1.32575
2.83039
0.326729
2.27713
4.551
3.00149
1.18187
0.27538
13.7236
1
0.584963
4.37412
5.21986
1.2912
0.54435
2.02365
4.87011
12.4479
6.74147
0.703162
2.20051
1.91358
0.63222
0.27538
4.37123
2.85176
0.571879
1.67372
0.323479
2.61969
0.172898
0.703162
9.03713
2.93638
3.28364
1.7697
5.95909
3.36942
6.33448
2.83807
3.22876
0.27538
2.61969
0.172898
0.703162
4.01878
6.56243
2.37178
2.51941
8.04712
1
2.22359
1
4.10689
0.68536
1.04593
4.96546
4.79881
1.30487
5.33887
2.11193
1.9121
4.41602
0.0192228
2.53831
2.16951
0.304715
3.18667
0.172898
0.703162
4.04143
6.27551
5.78731
2.51941
8.04712
4.94006
0.936017
1
0.584963
0.441297
3.08988
1.91766
1.54872
3.08988
2.16951
0.304715
3.77463
2.85176
0.571879
1.67372
0.323479
1
5.18289
6.37798
1
3.89967
5.0629
3.52286
2.32234
2.16951
0.304715
10.8509
6.21594
6.76818
7
0.994419
0.172898
0.703162
2.20051
1.91358
0.63222
0.27538
3.12039
1.87483
3.85492
0.586549
4.08432
0.928592
1.50884
1.20956
1
1.54872
4.37123
3.18992
3.71969
3.82749
3.62244
4.00654
1.55452
4.04763
1.64733
3.49319
3.33205
4.43164
1
1.60712
1.7403
3.44652
0.172898
0.703162
5.02857
0.643933
3.34491
3.63338
1.33883
2.85237
6.26296
0.204892
2.68005
2.37888
7.40779
2.28205
4.14439
2.11193
1
4.39016
1.91358
0.63222
0.27538
5.43008
1
0.951946
4.06493
2.55708
3.35263
3.46267
1.70733
0.928592
1.50884
2.22919
2.287
0.27538
2.61969
3.91773
3.27978
4.52473
1.92203
3.13171
6.29474
4.45622
1.79705
0.545769
1.35122
4.84589
0.0192228
3.29968
1.73644
3.35005
4.08779
3.18612
0.576921
5.21804
1.51985
4.84261
4.3304
0.227069
0.98724
1.50884
1.20956
1.47134
4.01878
4.69794
1
11.1166
10.7061
9.09408
1.24521
1.3129
0.695051
5.10886
0.134398
4.51207
0.00689095
3.66757
5.24561
1.84247
8.54492
10.3203
2.21673
1
2.6685
9.14732
4.33568
3.36286
5.14539
3.16169
2.32234
1.91766
1.74153
1.50984
2.43382
5.53418
2.34495
2.58844
5.38995
3.12199
4.08638
1.79705
0.545769
3.18577
3.07597
1.91766
1.74153
1.50984
2.56825
7.01384
1.53081
3.00639
3.73697
2.83322
2.13906
1
0.584963
5.53418
3.36942
3.73016
0.928592
3.91351
1
5.03027
0.336056
1
5.13972
0.204892
5.47769
3.11643
1.55441
4.27824
1.58181
2.38011
4.39016
5.87289
6.70485
2.59645
3.09697
4.32276
1.8806
6.40112
10.9779
0.777608
4.28787
0.336056
1.8229
9.96172
3.64803
7.9542
7
0.994419
0.172898
0.703162
3.07597
1.89726
7.13147
1
1.61008
4.97568
5.71137
1.18187
0.27538
4.60591
2.26255
2.34438
1.44393
1.0219
5.47769
2.13665
5.06559
2.98314
9.19947
4.3599
2.87584
2.96674
4.74283
0.996742
2.08284
4.64267
1.8806
0.27538
6.76645
1.89413
5.06559
2.98314
2.25207
1.55452
4.04763
5.21986
1.2912
0.54435
2.02365
4.41602
0.0192228
5.8408
0.420654
3.18612
3.61813
1.30046
3.05314
3.28645
2.38011
5.03777
2.85176
0.571879
1.67372
0.323479
2.61969
0.172898
0.703162
5.03027
0.336056
1.73908
1.51953
3.16558
7.34699
2.1998
4.55713
3.01171
3.12763
2.64084
5.9293
0.0325329
3.57745
2.59312
3.49473
3.7481
4.26406
2.48511
4.86151
1.7861
3.66941
6.33009
1.14981
6.26296
0.204892
2.68005
5.69293
9.20759
1.07298
5.29616
4.62244
2.65875
4.93657
3.00907
2.32234
1.89726
1.55452
5.17363
5.39987
2.03774
3.77952
1.69723
2.5827
3.09697
4.32276
1.8806
0.27538
4.37123
2.85176
4.34068
5.84422
1.01355
2.57218
2.70367
4.14921
0.27538
1
1.91766
1.74153
4.10783
1.01273
2.51941
0.580538
3.86158
3.30612
3.72287
2.1659
1
0.584963
1.9121
4.87011
3.00907
3.72444
0.284453
2.30026
1.61234
1.86795
4.07043
2.6007
1.69386
4.39016
1.91358
1
4.15112
0.68536
1.04593
3.00258
2.55161
4.13372
2.14312
1
0.584963
13.4802
2.81592
3.30693
1.4614
4.05917
1
3.49319
1.73644
1.4568
4.24651
1.599
2.08284
3.76103
2.71161
2.43382
6.29621
0.643933
1.64366
4.73725
0.420654
4.14051
3.3242
5.87296
5.41571
5.20967
4.25196
1.12318
1
2.90349
2.16951
0.304715
3.18667
0.172898
3.65068
4.05917
1
4.55762
1.15835
1
2.67304
0.950127
2.23508
2.36312
0.172898
0.703162
5.03027
0.336056
1.73908
1.51953
6.12408
2.48033
3.63405
4.09272
6.9386
1.73908
1.51953
3.32097
0.68536
1.04593
3.13611
2.93054
0.951946
1.5473
3.25794
2.16951
0.304715
3.23385
6.56243
2.37178
2.51941
8.04712
1
2.22359
1
3.44652
0.172898
0.703162
4.04143
6.27551
5.78731
2.51941
8.04712
4.94006
0.936017
1
0.584963
0.441297
6.5424
1.55738
2.72968
5.42799
3.70846
2.64084
2.25727
3.25794
1.89726
1.55452
4.04763
5.94587
7.54869
11.2107
0.0613759
3.17637
0.619787
0.759402
4.90873
2.36316
2.04378
3.42326
2.96731
1
4.90873
1
8.12898
1.83157
5.05344
4.55713
8.53528
2.3116
1.70638
0.759402
5.09018
0.00689095
0.164202
0.783388
4.04143
3.33205
1.59809
4.97568
2.5827
3.72326
2.82388
4.36527
0.135952
5.31287
4.62678
3.74372
0.936017
4.29943
3.33922
1.7403
2.60626
1.89726
1.55452
5.17363
3.36942
3.73016
2.56582
2.15734
1.89681
4.79802
5.7594
6.16499
3.87866
4.55713
6.95031
5.09717
5.08538
7.04963
6.5481
0.619787
2.3747
0.441297
4.89899
0.420654
6.16791
3.35755
1.48745
2.58694
4.28097
0.187014
2.58654
0.586549
2.31475
0.95461
2.18381
1.20305
1.54872
3.70953
0.68536
1.04593
3.13611
2.93054
0.951946
1.5473
1
0.619787
0.759402
3.32097
0.68536
14.22
1.89648
2.31995
14.0256
4.64992
3.27589
1.91358
0.63222
0.27538
4.87141
0.204892
1.66626
5.40625
3.32638
1.25082
1.32108
2.56825
1.12318
1
0.27538
2.61969
0.172898
0.703162
2.20051
0.619787
2.3747
0.441297
3.12039
1.73644
3.35005
4.11487
2.92261
2.93618
2.6685
3.87189
0.441297
3.12039
1.73644
5.80483
1
6.52011
2.46532
2.72968
0.441297
1
1.89726
1.55452
3.81459
1.87483
3.85492
0.586549
4.08432
0.928592
1.50884
1.20956
1
1.54872
16.7236
3.2854
7
7
7
3.5921
4.1209
6.23703
3.81305
0.441297
10.8656
5.05612
1
4.96083
3.33205
1.59809
4.27824
1.58181
3.02786
2.918
3.81305
0.441297
1
1.89726
1.55452
5.02626
0.336056
1.73908
1.51953
3.49319
1.73644
3.35005
4.11487
2.92261
2.93618
2.6685
1.5473
5.53418
2.37235
2.89937
3.25677
2.73274
2.25727
3.16558
0.172898
0.703162
3.07597
1.89726
5.82915
2.84599
11.3028
1.55136
5.45869
15.8126
7
7
7
7
3.23795
5.75927
5.08804
2.07089
3.14225
2.19859
2.69936
0.172898
1
5.17725
3.54272
1.18187
5.50088
2.72678
0.951946
3.95131
1.7403
6.26296
0.204892
1.66626
5.40625
3.32638
1.25082
1.32108
2.56825
1.12318
1
0.27538
3.12039
1.73644
1.09189
5.14495
2.75369
5.7645
1.94522
6.55791
4.79412
4.00178
3.43722
1.66626
5.2602
3.00907
3.27589
0.619787
1
6.12408
2.48033
3.63405
4.09272
6.9386
1.73908
1.51953
6.29621
0.643933
1.64366
3.32097
0.68536
1.04593
3.00258
2.30484
3.3686
1.599
2.51338
3.02771
2.11193
0.882795
3.42871
3.23795
3.34109
2.06663
2.04584
1.43487
3.5962
1.7403
2.60626
2.16951
0.304715
3.93391
2.59312
3.2619
1.78374
2.52409
4.44448
2.64943
1
4.73725
0.420654
6.16791
3.35755
1.48745
6.98283
1
3.83009
0.172898
0.703162
2.20051
0.619787
0.759402
4.90873
2.36316
3.72326
1.66917
2.56825
2.49453
1.456
0.172898
0.703162
4.04143
1.87483
3.85492
0.586549
4.08432
0.928592
1.50884
1.20956
1
5.2602
3.00907
4.80244
3.46798
5.38731
5.39066
3.2336
2.08284
4.64267
1
0.584963
0.415037
0.321928
0.263034
0.222392
0.192645
0.169925
0.152003
0.137504
0.125531
6.6947
5.88797
3.79494
1.81224
5.47684
0.336056
1.73908
1.51953
4.91232
0.204892
0.938599
0.884523
9.20759
1.07298
5.29616
4.62244
2.25727
1
1.89726
1
2.42911
2.16951
0.304715
4.464
3.36942
3.73016
2.56582
2.15734
1.89681
4.79802
3.88745
0.00689095
0.164202
0.783388
3.83009
6.4603
2.76606
5.64529
4.06788
1
2.2144
2.16951
0.304715
3.71133
1.89726
5.82915
2.84599
11.3028
1.55136
9.91812
0.777608
5.87283
5.1127
2.64909
5.16993
1.78265
5.70251
4.70919
3.76642
5.2602
3.00907
2.32234
1.89726
1.55452
3.86158
3.32356
4.10029
2.04585
0.998201
3.92397
5.29946
0.0206716
5.03345
2.42096
3.25008
1.50161
1
0.27538
5.20736
1.91358
0.63222
0.27538
3.08988
1.89726
7.13147
1
1.61008
4.97568
5.71137
1.18187
0.27538
1
1.89726
1.55452
3.10658
1.91358
0.63222
0.27538
4.54271
0.00689095
0.164202
0.783388
2.20051
0.619787
0.759402
6.12408
2.48033
3.63405
4.09272
6.9386
1.73908
1.51953
5.58178
1.24332
1.14612
3.6362
1
1.09189
6.37753
4.04071
5.28889
8.43301
1.86795
5.31287
6.39232
0.204892
4.29943
4.1599
4.56551
0.305334
1.5125
0.135952
0.230555
0.243391
4.26406
2.48511
4.86151
1.7861
3.66941
4.22389
2.2718
3.48469
4.54485
2.41908
5.13972
0.204892
2.68005
5.69293
9.20759
1.07298
5.29616
4.62244
2.65875
4.93657
0.226875
2.83799
2.27805
0.63222
0.27538
4.87141
0.204892
1.66626
5.40625
3.32638
1.25082
1.32108
2.56825
1.12318
1
0.27538
4.60591
2.26255
3.02786
2.41908
1
5.21986
4.02113
1.10012
0.930943
4.57186
3.18992
2.38009
1.26823
3.93184
1.73644
1.4568
4.90483
5.34894
3.65464
1.84247
3.09697
2.67975
4.1551
1
1.66626
4.84589
0.0192228
3.29968
3.33205
1.59809
3.48469
2.68814
5.03777
2.51954
2.98681
5.49161
1.64574
3.72615
1
5.02626
0.336056
1.8229
5.57333
2.58899
1.58496
1.89681
1.12024
3.22327
1.47638
2.89937
1.9742
1.20956
1.47134
5.02857
4.96821
5.98351
2.38207
1.23935
1
1.89726
1.55452
5.02626
0.336056
1.73908
1.51953
3.32097
3.32356
4.10029
4.53843
1.89681
4.79802
2.90349
1.89726
1.55452
2.42911
2.16951
0.304715
5.40882
0.00689095
0.164202
0.783388
2.20051
1.91358
0.63222
0.27538
5.43008
1
0.951946
4.06493
2.55708
3.35263
3.46267
1.70733
0.928592
1.50884
2.22919
2.287
0.27538
4.28658
0.134398
2.57367
0.619787
0.759402
4.26036
2.48511
2.33872
2.38647
1.59809
4.86533
0.998083
5.06559
2.98314
2.25207
3.59044
0.576921
2.21494
1
3.16558
0.172898
0.703162
2.20051
1.91358
0.63222
0.27538
3.12039
1.87483
3.85492
0.586549
4.08432
0.928592
1.50884
1.20956
1
1.54872
1
3.70618
3.5921
4.1209
6.23703
3.81305
0.441297
6.13859
0.643933
2.79309
2.19859
4.57186
1.78265
4.25663
0.778496
1.60012
3.30106
4.25196
1.12318
1
2.90349
1.89726
1.55452
3.10658
1.91358
0.63222
0.27538
7.79578
1.32575
2.83039
0.326729
2.27713
4.551
3.00149
1.18187
0.27538
13.7236
1
0.584963
4.37412
5.21986
1.2912
0.54435
2.02365
4.87011
1
6.78136
1.55452
2.42911
1.91766
1.74153
2.52409
1.47134
4.01878
0.68536
1.87224
2.5783
1.74361
1.97079
6.3641
0.778496
1
2.90349
1.89726
5.82915
2.84599
11.3028
1.55136
1
0.584963
5.44196
5.55412
0.370908
5.39485
2.38502
2.98478
2.70367
1
5.57414
3.97465
3.32726
5.29943
2.59735
3.88745
0.00689095
0.164202
0.783388
6.05354
2.69078
5.37803
4.36738
3.99574
4.08357
1.09755
3.40555
1.7403
3.86508
0.336056
1.73908
1.51953
6.12408
2.48033
3.63405
4.09272
6.9386
1.73908
1.51953
3.49319
1.87483
0.68328
2.12499
1.5473
3.32097
3.32356
3.12763
2.64084
2.25727
3.49319
1.87483
3.85492
0.586549
4.08432
0.928592
1.50884
1.20956
6.00762
4.3599
4.7029
1.80979
0.951946
3.87189
0.441297
3.08988
4.5441
1.63307
2.78936
4.54817
12.7015
6.06609
0.68328
1.7403
2.43001
1.91358
0.63222
0.27538
5.43008
6.6947
7.58187
5.51948
6.6215
3.43722
1.66626
1.54872
2.61969
0.172898
3.38145
0.304715
1
5.57488
10.386
6.82018
7.35161
2.75369
0.98724
1.55452
2.69936
0.172898
1
2.20051
1.91358
0.63222
0.27538
10.8656
5.05612
1
4.96083
1.87483
0.68328
3.90613
2.25826
2.13906
1.97685
5.21804
1.51985
6.6408
1.9742
1.20956
3.41229
4.84589
0.0192228
3.17637
1.91358
0.63222
0.27538
4.89899
0.420654
4.14679
0.341652
3.18452
1.74153
2.83322
4.90008
1.95982
4.2261
1.12318
4.00178
3.43722
1.66626
1.54872
4.60591
1.40086
4.23228
3.52619
1.59397
4.26514
3.59044
0.576921
2.21494
4.59195
6.03671
4.54485
2.41908
4.26406
2.48511
2.05797
5.74205
2.04709
0.672278
6.15377
4.04266
4.79509
2.30895
3.25794
7.16951
4.80009
5.47651
2.74596
4.8457
1.50884
4.12919
6.0561
0.5468
1.13855
1.09755
3.40555
6.03671
4.54485
2.41908
6.87668
0.643933
3.90637
5.396
1.50984
2.43382
8.06593
0.410146
3.39199
7.39966
2.55218
7.48788
12.0987
9.29921
1.9742
7.08602
2.90382
9.71253
3.47131
0.672278
6.15377
1.8806
4.87011
3.00907
3.27589
5.87289
5.24542
8.27132
3.33701
1.65617
4.15112
3.74372
0.936017
4.29943
3.33922
6.03671
4.54485
2.41908
6.50416
2.48033
3.63405
4.09272
6.9386
1.73908
3.81305
0.441297
2.61969
0.172898
0.703162
3.87007
5.94587
7.54869
11.2107
5.57038
0.00689095
0.164202
0.783388
4.01878
0.68536
1.04593
3.13611
1.20956
2.6127
8.82676
2.6033
1.3129
3.12737
2.19859
3.10658
0.619787
0.759402
4.91232
0.204892
2.68005
2.70504
10.4085
2.48235
1
3.49319
1.87483
0.68328
2.12499
1.5473
5.09018
0.00689095
0.164202
0.783388
4.01878
3.32356
3.12763
2.64084
2.25727
4.28399
0.336056
4.64267
1.14612
4.06466
2.59312
3.49473
2.73306
1.20956
13.124
1.58549
5.03813
0.187014
4.42417
5.43773
1
3.07597
1.89726
1.55452
4.26406
2.48511
2.05797
4.6657
2.82649
1
1.74085
1
4.12411
3.69019
3.42326
0.459214
1
4.39016
0.619787
2.3747
0.441297
4.37123
3.54272
8.12898
1.83157
5.05344
4.55713
8.53528
2.3116
1.70638
2.3747
0.441297
1
1.91766
4.102
1.09944
2.94391
6.3013
1.42633
5.34878
0.433118
1.13855
1.09755
1
0.441297
2.61969
0.172898
0.703162
3.9049
2.48511
2.05797
4.72646
6.6947
7.58187
5.51948
6.6215
7.37386
0.447459
1.92674
1.75025
1.55452
2.42911
1.91766
1.74153
2.52409
1.47134
4.04143
4.31811
3.8504
3.76103
2.22919
1
4.06466
1.40086
1.47285
2.20051
5.18289
1.35122
1.54872
3.71846
4.35248
6.56033
0.471848
3.09697
4.02906
3.69019
1.78374
2.72678
5.69879
4.06788
5.31287
2.78351
6.29734
2.02211
11.3166
8.3443
10.5118
3.87104
3.01439
11.8634
6.97728
2.12627
9.46083
11.971
2.58496
5.96541
0.336056
1.8229
6.22218
6.56924
3.0072
5.66656
6.37504
1.16967
3.65755
5.88615
4.06835
2.36312
0.172898
0.703162
4.80009
0.420654
6.16791
3.35755
1.48745
4.64267
7.3781
2.21673
2.58844
2.6685
9.14732
4.33568
3.36286
4.10074
0.0325329
5.96541
0.336056
1.73908
1.51953
3.16558
6.23199
1.9121
5.05441
3.2619
4.12996
2.61969
0.172898
0.703162
5.96347
2.48033
3.63405
4.09272
6.9386
1.73908
1.51953
5.10886
4.80643
0.168976
3.29968
2.15133
1.12024
1.66005
7.21075
1.32575
2.83039
0.326729
2.27713
4.551
3.00149
5.22398
0.0206716
5.31459
9.8131
7.2384
12.526
9.98188
7.02237
4.14374
4.68471
4.08779
1
13.7875
1
0.736966
5.96541
0.336056
1.8229
5.17363
3.36942
6.33448
2.83807
4.79802
2.36312
0.172898
0.703162
5.20352
0.00689095
3.66757
5.24561
1.84247
8.54492
10.3203
2.21673
1
2.6685
9.14732
4.33568
3.36286
5.14539
3.16169
3.27589
5.87289
5.24542
8.27132
3.33701
1.65617
2.36312
3.91773
4.41238
2.2718
3.48469
4.54485
2.41908
5.02626
0.336056
1.73908
1.51953
3.16558
6.23199
1.9121
5.05441
3.2619
4.12996
2.61969
0.172898
0.703162
5.04272
0.204892
2.68005
3.52619
1
0.584963
4.37248
1.20163
5.60783
3.46928
2.87584
4.35248
3.23698
5.44031
4.40954
0.571879
1.67372
0.323479
2.61969
0.172898
0.703162
2.20051
1.91358
0.63222
0.27538
4.87141
0.204892
1.66626
5.40625
3.32638
1.25082
1.32108
2.56825
1.12318
1
0.27538
3.12039
1
3.22876
5.05441
3.61417
2.82388
2.04584
1.51322
2.04239
0.27538
3.08988
1.89726
1.55452
2.42911
2.16951
0.304715
9.74126
1.78319
1
0.584963
0.994419
0.172898
0.703162
4.04143
1.87483
3.85492
0.586549
4.08432
0.928592
1.50884
1.20956
1
1.54872
4.28658
4.71246
0.706231
4.90873
1.78265
0.98724
3.59044
0.576921
2.31475
0.95461
2.918
3.77019
1.12318
1.9121
4.41602
0.0192228
3.17637
1.91358
0.63222
0.27538
4.89899
0.420654
4.14679
0.341652
3.18452
1.74153
2.83322
4.90008
1.95982
4.2261
1.12318
4.00178
3.43722
1.66626
1.54872
5.71443
1.91457
3.83686
2.22551
3.24714
4.86533
1.96213
3.5962
6.03671
4.54485
2.41908
5.57038
0.00689095
0.164202
0.783388
3.87007
4.84426
2.09658
1.41232
0.98724
1.50884
2.71161
2.43382
1
1.89726
1.55452
4.26406
2.48511
2.05797
4.6657
2.82649
1
1.74085
1
4.12411
3.69019
3.42326
0.459214
1
4.39016
0.619787
1
3.32097
3.32356
3.72615
1.9742
4.12919
4.60877
0.814292
1.36536
2.49453
1.456
0.172898
0.703162
2.20051
5.54546
6.28831
3.17271
0.599495
7.77112
1.30487
6.48422
2.38207
2.287
0.27538
1
4.16664
5.43773
3.76642
4.33408
3.49473
4.32276
1.8806
4.41602
0.0192228
3.17637
1.91358
1
3.88745
0.00689095
0.164202
0.783388
4.04143
1
1.09189
4.32868
3.06073
6.798
1.83145
0.545769
3.61922
3.57613
0.98724
1.50884
1.20956
1.47134
3.07597
1.91766
1.74153
4.10783
2.03774
2.76849
3.44541
0.172898
7.25278
4.44567
5.69879
1.45451
1.67372
0.323479
2.61969
0.172898
0.703162
2.20051
0.619787
0.759402
1
4.84426
2.57933
5.78975
3.46327
3.59044
0.576921
2.21494
1
3.16558
0.172898
0.703162
5.04272
0.204892
2.68005
5.69293
9.20759
1.07298
5.29616
4.62244
2.65875
4.93657
3.00907
7.69226
1.55738
4.1285
1
4.89571
9.59958
2.00492
2.79309
3.25677
5.14324
4.42511
2.99515
2.19859
2.42911
4.5441
2.07874
2.14211
1.38296
2.19572
1.09755
2.29576
5.09018
0.00689095
0.164202
0.783388
1
1.91766
1
0.736966
0.584963
2.6685
2.99515
2.19859
3.86158
0.68536
1.87224
2.75369
0.98724
9.46525
0.222182
1.61601
1.7403
14.9318
3.2854
7
7
7
1.09189
4.54485
3.13611
2.22919
14.6547
7
5.88264
5.74147
5.74147
8.08366
0.588629
1.8673
3.76103
2.22919
1
3.42871
1.64733
7.13899
2.67877
3.92397
0.95461
3.13611
1.20956
5.50008
3.20713
8.11221
2.37851
3.17637
0.619787
0.759402
4.26036
1.40086
3.3686
1.599
2.08284
3.71182
2.73274
2.25727
5.11346
2.69078
3.7848
5.43773
1
3.83009
0.172898
0.703162
4.04143
1.73644
5.80483
1
6.52011
2.46532
2.72968
0.441297
4.37123
2.85176
0.571879
1.67372
0.323479
2.61969
0.172898
7.25278
2.48235
1
5.99933
2.36214
6.35228
2.64084
2.65875
1
4.28658
0.134398
3.75257
0.68536
1.04593
2.41908
4.57186
2.85176
0.571879
1.67372
0.323479
3.12039
1.87483
3.85492
0.586549
4.08432
0.928592
1.50884
1.20956
1
4.84589
0.0192228
3.64348
2.96674
4.74283
2.52846
1.65617
2.90349
1.91766
4.70919
3.46327
3.59044
0.576921
2.21494
2.36542
1.54395
2.56451
1.87483
0.68328
2.12499
1.5473
3.25794
1.91766
6.01293
8.27321
1.53243
4.30137
4.85774
2.68005
2.70504
2.22359
2.85237
2.43001
0.619787
0.759402
3.25794
6.40505
1.69045
1.73382
2.22897
2.06663
2.04584
2.86527
2.31995
0.814292
1.36536
2.49453
6.5939
0.204892
4.29943
2.77851
1.54395
3.18667
0.172898
0.703162
2.20051
0.619787
0.759402
6.12408
2.48033
3.63405
4.09272
6.9386
1.73908
7.31353
0.234094
13.8534
7
7
7
7
1.74153
3.1575
2.287
0.27538
4.87141
0.204892
1.66626
5.40625
3.32638
1.25082
1.32108
2.56825
1.12318
1
0.27538
4.60591
2.26255
3.02786
2.41908
4.57186
3.18992
2.38009
1.26823
3.93184
1.73644
1.09189
5.14495
2.75369
5.7645
1.94522
6.55791
4.79412
4.00178
3.43722
1.66626
1.54872
4.28658
0.134398
3.96923
2.59312
5.0397
0.928592
1.50884
2.71161
2.89937
2.19859
3.10658
0.619787
0.759402
7.13899
1.55738
2.72968
5.43773
1.47285
4.04143
1.87483
0.68328
2.12499
1.5473
4.28399
0.336056
1.73908
1.51953
4.26036
1.40086
3.3686
1.599
2.08284
3.71182
2.73274
2.25727
5.11346
2.69078
3.7848
5.43773
1
3.83009
0.172898
0.703162
3.07597
1.89726
5.82915
2.84599
11.3028
1.55136
5.45869
0.27538
3.70953
5.44196
5.55412
0.370908
5.39485
2.38502
2.98478
2.70367
4.14921
15.8126
7
5.88264
5.74147
5.74147
6.25245
0.204892
1.66626
4.05917
4.15812
5.26166
1.32108
2.89937
2.19859
4.04763
5.20462
3.67243
2.39361
3.25677
2.73274
2.25727
6.29621
3.97465
9.66711
7.77479
5.26053
4.06609
0.134398
5.3955
2.55218
1
9.31288
5.5025
1.64366
9.04823
5.68494
12.4242
6.01681
5.37811
12.2154
0.918257
5.8408
0.420654
4.14679
0.341652
3.18452
1.74153
2.83322
4.90008
1.95982
4.2261
1.12318
4.00178
3.30106
3.87189
0.441297
2.61969
0.172898
0.703162
2.20051
0.619787
0.759402
4.28399
0.336056
2.58694
4.05679
2.98314
1.55441
4.27824
2.58707
2.90354
0.814292
1.36536
2.49453
7.05625
5.51772
11.7899
7.1918
7.16993
11.5337
6.13859
3.79686
10.4625
13.4213
7
6.82018
4.14051
11.5337
8.85319
3.39357
1
2.65467
5.03027
13.165
7
5.23522
5.07895
0.00689095
0.164202
0.783388
5.3796
1.24332
1.14612
5.57414
0.643933
2.79309
2.19859
3.81459
1.87483
0.68328
3.90613
2.25826
2.13906
1.97685
5.21804
1.51985
7.17685
1.12318
1
2.90349
1.89726
1.55452
2.42911
2.16951
0.304715
3.71133
1.91766
1.74153
6.79076
3.69205
2.71294
3.63674
5.29946
0.0206716
2.53831
1.89726
1.55452
5.02626
0.336056
1.8229
3.86158
0.68536
1.87224
2.75369
0.98724
1.50884
2.71161
2.76572
3.42664
2.10376
2.39831
5.01207
1
3.35263
2.04585
0.998201
1.98834
3.73465
1.54969
0.258413
3.81459
4.31811
5.74022
2.61493
2.41631
2.19572
1.09755
1
1.12318
1
5.57414
1
3.42908
5.76692
2.01792
2.32234
1.91766
1.74153
1.50984
3.67623
0.441297
1
1.91766
4.102
1.09944
2.94391
2.37888
2.21494
2.36542
3.10625
4.50998
1.78374
1.50984
3.67623
0.441297
1
1.89726
1.55452
6.50416
2.48033
3.63405
4.09272
6.9386
1.73908
3.81305
0.441297
5.71443
8.45992
4.94725
4.33556
5.29816
1.83157
3.77013
7.01429
0.642767
3.03139
1.09755
2.95687
0.441297
4.87141
0.204892
1.66626
4.05917
4.15812
5.26166
1.32108
2.89937
2.19859
5.02626
0.336056
1.73908
1.51953
1
1.91457
3.83686
2.22551
3.24714
4.86533
1.96213
3.63405
0.586549
1.5125
0.135952
0.230555
0.243391
4.26406
2.26255
1
7.81927
2.30055
1.4568
4.00654
4.22478
2.67684
4.8457
1.50884
1.20956
6.00762
4.3599
5.99836
0.336056
4.64267
1.14612
2.36312
0.172898
0.703162
2.20051
1.91358
0.63222
0.27538
3.12039
1.87483
3.85492
0.586549
4.08432
0.928592
1.50884
1.20956
1
1.54872
4.54271
0.00689095
0.164202
0.783388
5.04272
0.204892
1.66626
4.102
1.92203
3.13171
4.32185
2.41612
4.41238
2.2718
3.48469
4.54485
2.41908
4.04763
1.64733
3.25934
0.619787
0.759402
6.12408
2.48033
3.63405
4.09272
6.9386
1.73908
1.51953
5.53418
2.34495
2.6127
8.82676
2.6033
1.3129
0.695051
3.25934
5.54546
6.28831
3.17271
0.599495
7.77112
1.30487
6.48422
2.38207
2.287
0.27538
1
4.16664
5.43773
3.76642
4.33408
3.49473
4.32276
1.8806
0.27538
4.98335
1.24332
1.14612
4.06466
2.26255
2.70843
3.0046
2.23508
2.90349
1.89726
1.55452
4.26406
2.48511
2.05797
2.44225
6.27551
5.78731
2.51941
8.04712
4.94006
0.936017
1
0.584963
0.415037
0.321928
3.57745
2.59312
3.49473
0.847997
0.736966
5.01207
0.777608
3.35263
2.04585
0.998201
1.98834
3.73465
1.54969
0.258413
2.42911
1.89726
1.55452
2.42911
2.16951
0.304715
6.38114
5.89721
1.35397
9.71253
4.60881
4.2261
1.12318
4.57258
0.0206716
4.08817
0.00689095
0.164202
0.783388
3.87007
3.70618
2.81284
0.68328
4.85774
4.00654
1.50884
1.20956
4.44448
3.57613
0.98724
1.50884
1.20956
1.47134
3.07597
1.91766
1.74153
1.50984
4.62691
2.07089
4.21303
4.26036
4.63245
4.54123
4.25087
6.59767
0.0206716
7.97932
0.284453
2.67698
1.39626
1.12024
1.66005
4.56443
0.00689095
5.32309
0.882533
9.02745
3.54844
4.63662
2.96674
1.54395
2.56451
1.87483
0.68328
4.85774
2.68005
2.70504
2.22359
2.85237
5.17696
2.34495
2.6127
8.82676
2.6033
1.3129
0.695051
4.28399
0.336056
1.73908
1.51953
3.25934
5.18289
1.35122
4.33408
2.23723
0.135952
0.230555
0.243391
5.81023
1.24332
1.14612
4.15112
3.32356
3.72615
3.15546
3.70044
2.22359
4.18712
1.05023
9.71253
3.47131
0.672278
6.23703
1.51953
3.32097
3.32356
3.40555
2.12499
3.75142
3.34109
5.49726
2.58844
3.74903
5.43034
0.187014
2.86958
2.64084
2.25727
3.49319
2.15133
1.12024
1.66005
3.86508
0.336056
1.73908
1.51953
4.90873
3.18992
5.25131
2.49491
4.63399
0.586549
1.5125
0.135952
0.230555
0.243391
2.42911
1.89726
1.55452
2.42911
2.16951
0.304715
5.87723
2.04709
0.672278
1.55452
5.17363
14.121
6.74147
7
6.74147
1.47393
4.08817
0.00689095
0.164202
0.783388
1
1.91766
1.54872
5.20736
0.619787
1
4.90873
2.36316
2.04378
3.42326
2.96731
1
5.09018
0.00689095
0.164202
0.783388
5.02857
0.643933
3.34491
6.07619
2.08676
1.3129
1
3.25794
1.89726
1.55452
4.26406
2.48511
2.05797
2.96641
6.56243
2.37178
2.51941
8.04712
1
2.22359
1
3.44652
0.172898
0.703162
4.04143
6.27551
5.78731
2.51941
8.04712
4.94006
0.936017
1
0.584963
4.93657
0.736966
2.32234
1.91766
1.74153
3.1575
1
5.57414
1
2.55725
3.70905
1
4.04143
3.33205
4.1209
5.82915
2.84599
1.60712
1.7403
4.56443
0.00689095
0.164202
0.783388
1
2.16951
0.304715
3.93391
2.59312
3.2619
1.78374
2.52409
4.44448
2.64943
1
4.73725
0.420654
6.16791
3.35755
1.48745
6.98283
1
3.87007
3.23795
3.34109
2.06663
2.04584
1.43487
3.92809
1.12318
0.882795
3.6362
2.15133
1.12024
1.66005
2.43001
0.619787
0.759402
6.12408
2.48033
3.63405
4.09272
6.9386
1.73908
1.51953
3.49319
2.15133
4.10134
3.6819
0.63563
1.05023
1.3129
0.695051
3.32097
0.68536
1.87224
4.77496
3.38553
3.31168
1.57385
4.54817
1.14981
6.20053
1.24332
1.14612
4.06466
2.26255
2.70843
3.0046
2.23508
2.90349
2.16951
0.304715
4.464
6.6947
7.58187
5.51948
6.6215
1.66005
4.21075
1
3.35005
4.11487
3.4269
2.98681
3.42664
2.10376
5.29946
0.0206716
3.57745
2.59312
3.49473
4.32276
1.14612
5.01207
2.37235
3.35263
2.04585
0.998201
1.98834
3.73465
1.54969
0.258413
3.10658
0.619787
0.759402
4.90873
1.78265
5.7645
8.31821
1.01273
1.67372
5.79655
1.50984
3.67623
5.34167
3.2619
4.12996
3.08988
1.89726
1.55452
6.59315
2.7909
1.72868
2.41244
2.77185
0.27538
7.79578
4.71967
7.45943
2.30079
1.74085
2.66087
1
1.8806
4.87011
0.226875
7.76594
4.45943
2.89327
1.96499
3.25532
0.586549
2.31475
2.39831
5.03777
1.78265
11.2741
4.51638
7.02707
3.48469
6.15003
0.0206716
2.53831
4.5441
2.07874
1.94243
1.59809
4.46363
4.01557
1
2.90349
1.89726
1.55452
5.57333
0.420654
6.16791
3.35755
1.48745
4.64267
7.3781
2.21673
2.58844
2.6685
9.14732
4.33568
3.36286
1.55195
3.16558
0.172898
0.703162
2.20051
0.619787
0.759402
3.32097
5.44196
5.55412
0.370908
5.39485
2.38502
2.98478
1.09755
2.29576
4.28399
0.336056
2.58694
4.05679
2.98314
1.55441
4.27824
2.58707
2.90354
0.814292
1.36536
2.49453
1.456
0.172898
0.703162
5.3796
3.45104
7.79896
2.89101
3.5962
4.55762
3.28784
6.23613
0.0325329
4.11173
0.172898
3.65068
1.74153
1.50984
4.63399
5.75927
1
3.25794
2.16951
0.304715
4.04489
7.15984
2.89101
3.87614
3.15546
3.70044
9.01615
4.3599
11.7797
3.2854
7
7
7
2.54038
2.50392
3.25677
1.25381
0.882795
2.90349
2.16951
0.304715
3.23385
4.69794
1
11.1166
9.70606
4.98351
2.86026
1
1.14612
2.90349
4.5441
1.63307
2.78936
4.54817
12.7015
6.06609
4.36655
3.25794
1.91766
1.74153
3.1575
2.287
0.27538
5.43008
6.6947
7.58187
5.51948
6.6215
3.43722
1.66626
1.54872
4.60591
2.48511
6.31872
6.56328
4.51638
1
5.20352
0.00689095
0.164202
4.63143
2.8264
4.11233
1.7403
2.60626
1.89726
7.13147
1
1.61008
4.97568
1.6113
3.0646
2.8264
1.36536
2.49453
6.5939
0.204892
1.66626
4.33408
2.90354
5.8064
4.88674
1.42196
5.0629
3.52286
2.32234
1.91766
1.74153
3.1575
2.287
0.27538
4.87141
0.204892
1.66626
5.40625
3.32638
1.25082
1.32108
2.56825
1.12318
1
0.27538
4.98335
1.24332
1.8806
0.27538
4.37123
3.18992
3.71969
2.82699
1.74153
2.72678
0.951946
2.99515
2.19859
5.57038
0.00689095
0.164202
0.783388
4.04143
4.31811
0.413149
4.63143
2.33684
1
4.76518
2.34495
2.6127
3.91351
2.48649
2.85237
1
1.40086
3.46327
1.50884
4.12919
4.60877
2.11193
1
3.42871
5.21986
1.2912
1.89293
2.29688
5.39041
3.29359
1.14981
2.60626
1.91766
1.74153
1.50984
2.43382
6.12408
2.48033
3.63405
4.09272
6.9386
1.73908
6.47703
0.0325329
4.08817
0.00689095
0.164202
0.783388
1
1.91766
1.54872
5.20736
0.619787
1
3.49319
1.73644
3.35005
4.11487
2.92261
2.93618
2.6685
1.5473
3.16558
0.172898
0.703162
3.87007
5.94587
7.54869
11.2107
5.57038
0.00689095
0.164202
0.783388
5.02857
0.643933
1
4.90873
3.54272
1.18187
5.50088
2.72678
0.951946
4.25196
1.12318
1
5.7594
0.204892
1.66626
5.40625
3.32638
1.25082
1.32108
2.56825
1.12318
1
0.27538
3.12039
1
3.22876
5.05441
3.61417
2.82388
2.04584
1.51322
2.04239
0.27538
3.08988
1.89726
1.55452
2.42911
2.16951
0.304715
2.56451
6.27551
5.78731
2.51941
8.04712
4.94006
0.936017
1
0.584963
0.415037
0.321928
3.64348
1.64733
3.25934
0.847997
0.63222
0.27538
5.43008
1
0.951946
4.06493
2.55708
3.35263
3.46267
1.70733
0.928592
1.50884
2.22919
2.287
0.27538
3.70953
0.68536
1.04593
6.06273
1
2.25207
3.59044
0.576921
2.31475
0.95461
2.918
2.58994
2.28963
1.35122
5.2602
3.00907
5.99836
0.336056
1.73908
1.51953
4.26036
2.48511
2.33872
2.38647
1.59809
4.86533
0.998083
5.06559
2.86527
4.15539
0.928592
3.59044
0.576921
2.21494
1
3.16558
0.172898
0.703162
9.03713
5.1127
2.64909
5.16993
1.78265
5.70251
4.70919
3.76642
1
4.60591
2.59312
3.49473
3.7481
5.13972
0.204892
2.68005
5.69293
9.20759
1.07298
5.29616
4.62244
2.25727
1
1.91766
1
5.99478
0.336056
1.8229
5.17363
3.36942
3.73016
2.56582
2.15734
1.89681
4.79802
5.03777
3.18992
2.38009
1.26823
4.99876
0.204892
1.66626
4.102
1.09944
3.88984
2.48235
4.62691
1.83145
0.545769
14.0715
7
5.88264
5.74147
5.74147
6.25245
0.204892
1.66626
4.05917
4.15812
5.26166
1.32108
7.76684
3.16169
3.68696
3.33205
1.59809
3.48469
2.68814
2.90349
2.16951
0.304715
1
0.584963
4.94725
6.83878
1.86795
6.91561
3.58081
4.96493
3.95664
1.65617
5.01207
2.37235
3.35263
2.04585
0.998201
1.98834
3.73465
1.54969
0.258413
4.04763
4.35248
9.10782
4.32193
4.15539
2.2718
4.46363
2.0313
1.47134
3.83009
0.172898
0.703162
5.20352
0.00689095
0.164202
5.09529
0.0385721
3.29968
2.15133
1.12024
1.66005
1
6.41656
0.394718
2.36623
3.30106
6.23613
0.0325329
13.9905
3.2854
7.71425
7
7
0.759402
5.53418
2.34495
5.50008
6.65766
1.1878
6.02594
3.0046
4.96493
3.72076
1.24521
1.3129
0.695051
3.49319
1.87483
0.68328
2.12499
1.5473
3.16558
0.172898
3.65068
4.05917
1
4.55762
1.15835
1
2.67304
2.36214
4.30137
1.7403
1
1.91766
1.74153
1.50984
3.67623
0.441297
6.76645
2.48033
3.63405
4.09272
6.9386
1.73908
3.81305
0.441297
1
1.91766
1.54872
4.37123
3.18992
2.38009
1.26823
3.75257
0.68536
1.87224
2.5783
1.74361
1.97079
6.3641
3.36613
6.92801
0.0325329
2.53831
1.91766
4.102
1.09944
2.94391
2.37888
2.21494
2.36542
4.3304
0.227069
0.98724
1.50884
1.20956
1.47134
4.04143
2.15133
1.12024
5.26883
0.155278
0.164202
0.783388
5.02857
0.643933
3.35019
2.48168
4.51207
0.00689095
0.164202
0.783388
5.02857
0.643933
2.55725
3.70905
2.22359
2.85237
3.86508
0.336056
1.73908
1.51953
3.49319
2.15133
1.12024
1.66005
4.21075
1.87483
3.85492
0.586549
4.08432
0.928592
1.50884
1.20956
15.124
7
5.88264
6.74147
7
2.87584
4.84426
2.85971
6.35137
0.415037
0.164202
0.783388
1
2.16951
0.304715
4.464
6.6947
7.58187
5.51948
6.6215
1.66005
3.44652
0.172898
0.703162
4.04143
6.27551
5.78731
2.51941
8.04712
4.94006
0.936017
1
0.584963
0.441297
4.98335
1.24332
1.14612
2.90349
1.91766
1.54872
5.99478
0.336056
4.64267
1.14612
2.36312
0.172898
0.703162
2.20051
1.91358
0.63222
0.27538
4.37123
2.85176
0.571879
1.67372
0.323479
3.70953
0.68536
1.87224
4.2473
1.48745
6.98283
1.20305
4.84589
0.0192228
3.57745
2.26255
2.70843
3.0046
2.23508
2.90349
1.89726
1.55452
7.83361
0.410146
2.76354
0.59561
3.39199
5.68345
1
1.47285
3.83009
3.91773
3.32365
10.4365
6.64939
2.70636
1.8806
5.50088
2.83322
2.13906
1
3.40555
6.03671
4.54485
2.41908
4.57186
2.85176
0.571879
1.67372
0.323479
2.61969
0.172898
0.703162
12.5814
7.0607
5.98489
3.52356
2.53625
1.7697
5.8147
3.32356
2.95687
5.1628
2.86937
1
3.08988
1.89726
1.55452
2.42911
1.91766
4.102
2.91631
3.54708
1.2912
1.89293
6.64265
0.234094
3.8747
5.09516
4.70907
1.51953
5.11346
5.00396
1.61008
1
5.88874
3.93059
2.51941
3.33976
2.67684
9.52856
6.64386
6.88264
5.05528
4.97168
3.13611
1.20956
3.41229
4.84589
0.0192228
3.29968
2.15133
1.12024
3.22327
1.47638
9.43426
1.41794
6.87385
2.22844
2.06437
0.172898
0.703162
2.20051
0.619787
0.759402
4.26036
2.26255
3.19279
1.30487
4.08432
5.51844
2.8264
1.36536
2.49453
3.12183
1.91766
4.102
2.91631
3.54708
1.2912
0.54435
6.59046
3.26764
0.759402
3.16558
0.172898
0.703162
1
8.45992
4.94725
4.33556
5.29816
3.0046
4.96493
3.72076
1.24521
1.3129
0.695051
4.90873
2.85176
4.34068
5.84422
1.01355
2.57218
1.09755
5.45585
0.0325329
3.74618
3.74372
0.936017
7.15276
2.65467
5.20352
0.00689095
0.164202
0.783388
1
1.91766
1.74153
1.50984
2.43382
3.25794
1.91766
1.54872
5.99478
0.336056
1
1.51953
16.7277
3.2854
7
7
7
2.20246
1.09189
8.69153
0.987509
1.80986
3.4269
3.65755
0.586549
1.5125
0.135952
0.230555
0.243391
4.57186
3.18992
2.38009
1.26823
2.79751
1.91766
4.102
1.09944
1.59809
2.6685
2.99515
4.92698
0.222182
2.86958
1.12318
4.00178
3.30106
15.2134
7
5.88264
6.74147
7
11.7797
3.2854
7
7
7
3.34491
1.83145
3.61186
4.44246
2.67105
1.18187
0.27538
2.61969
0.172898
0.703162
5.03027
0.336056
1
5.17363
6.6947
7.58187
5.51948
6.6215
1.66005
4.56443
0.00689095
0.164202
0.783388
4.76518
1.80979
0.951946
3.87189
0.441297
5.99478
0.336056
1
1.51953
3.32097
1
5.51708
11.1166
10.7061
9.09408
1.24521
1.3129
0.695051
4.26036
2.26255
2.70843
3.0046
2.23508
3.6362
4.31811
0.413149
4.63143
2.33684
1
5.04272
0.204892
2.68005
2.37888
7.40779
2.28205
5.88596
1.14981
4.56443
0.00689095
3.66757
5.24561
1.84247
8.54492
10.3203
2.21673
1
2.6685
9.14732
4.33568
3.36286
1.55195
3.49319
1.87483
0.68328
2.12499
1.5473
3.25794
6.34172
2.13665
3.87191
1.66917
2.76572
1.7403
6.26296
0.204892
2.68005
5.69293
9.20759
1.07298
5.29616
4.62244
2.65875
4.36548
0.0192228
5.03345
1.80979
0.951946
4.06493
2.55708
3.35263
3.46267
1.70733
0.928592
1.50884
2.22919
1.23935
3.42871
1
4.26036
2.48511
2.05797
4.74205
1.78457
3.95471
1.2489
5.24531
0.68536
1.04593
2.41908
5.02626
0.336056
1.8229
2.42911
2.16951
4.51638
4.83067
1.24984
3.92809
1.12318
0.882795
8.39375
6.44549
5.39485
4.4021
2.41612
2.57218
5.53902
2.99907
3.83009
0.172898
0.703162
6.05354
1
2.19058
3.75142
5.75927
2.95687
5.1628
2.86937
1
4.28658
0.134398
3.75257
0.68536
1.04593
2.41908
5.02626
0.336056
1.73908
1.51953
5.53418
2.42096
9.06973
0.987509
4.82749
1.97685
5.33887
0.814292
1.36536
2.49453
1
3.18992
2.38009
1.26823
6.89848
2.58899
1.58496
1.89681
1.12024
3.22327
1.47638
2.89937
1.9742
1.20956
15.124
7
5.88264
5.74147
5.74147
2.53831
4.5441
2.07874
2.14211
1.38296
2.19572
1.09755
6.13014
3.16169
11.7797
3.2854
7
7
7
1.74153
2.52409
1.47134
4.76518
1.80979
0.951946
4.06493
2.55708
3.35263
3.46267
1.70733
0.928592
1.50884
2.22919
1.23935
2.90349
1.91766
1.54872
5.99478
0.336056
1.8229
6.87668
4.96821
5.98351
2.38207
1.23935
1
1.89726
1.55452
3.10658
1.91358
0.63222
0.27538
3.12039
1.87483
3.85492
0.586549
4.08432
0.928592
1.50884
1.20956
1
1.54872
3.08988
1.89726
1.55452
3.10658
1.91358
0.63222
0.27538
4.54271
0.00689095
0.164202
0.783388
3.9049
1.40086
1.47285
4.01878
0.68536
1.04593
3.00258
2.55161
4.13372
2.14312
1
0.783388
3.07597
1.91766
1.74153
2.83322
4.551
6.83289
3.33209
1.70638
4.30137
1.7403
1
2.16951
0.304715
6.75009
5.54546
6.28831
3.17271
0.599495
7.77112
1.30487
6.48422
2.38207
1
5.01207
14.121
4.49185
2.32234
1.91766
1.74153
1.50984
3.35263
2.67105
1.18187
0.27538
3.70953
0.68536
1.04593
6.06273
3.09175
1
0.584963
2.25826
3.73016
0.928592
4.22478
1.25381
0.882795
5.47684
0.336056
1
5.17363
6.6947
7.58187
5.51948
6.6215
1.66005
6.13095
1
7.224
1.05023
5.26083
6.09049
0.0206716
4.08817
0.00689095
0.164202
0.783388
5.3796
1.24332
1.14612
5.7594
0.204892
1.66626
4.102
1.92203
3.13171
4.32185
1
0.703162
3.87007
1.64733
4.73725
0.420654
6.16791
3.35755
1.48745
4.64267
7.3781
2.21673
2.58844
2.6685
9.14732
4.33568
3.36286
4.10074
0.0325329
2.53831
1.89726
1.55452
5.02626
0.336056
4.64267
1.14612
4.15112
3.32356
4.20229
3.10625
6.50489
0.928592
1.50884
1.20956
4.26987
0.0385721
4.08817
0.00689095
0.164202
0.783388
4.04143
2.15133
6.4501
2.21673
2.6127
3.59044
0.576921
2.21494
2.36542
4.3304
0.227069
0.98724
1.50884
1.20956
1.47134
3.9049
6.52348
0.522306
3.74742
4.16622
1.91358
2.23508
5.57414
0.643933
4.97262
4.45781
1.45451
13.4931
7
5.88264
5.74147
5.74147
1
5.21986
1.2912
1.89293
2.29688
3.23698
11.824
0.203931
8.568
2.65635
4.1285
5.14503
4.89571
9.59958
2.00492
2.79309
3.25677
5.14324
4.42511
2.99515
2.19859
6.87668
0.643933
3.34491
1.83145
3.61186
0.759402
4.26036
2.26255
2.34438
1.44393
1.0219
2.99949
2.20051
0.619787
2.3747
0.441297
5.20736
5.54546
3.65464
1.84247
3.72326
1.66917
4.63399
0.586549
2.31475
0.95461
2.18381
1.20305
1.54872
2.61969
0.172898
0.703162
3.9049
2.48511
2.05797
4.72646
1
0.951946
4.46773
2.07089
2.0248
1.27164
4.65039
3.46928
11.7797
3.2854
7
7
7
1.54872
2.61969
3.91773
3.92081
3.9372
0.801386
3.9671
2.40514
6.43893
1
3.23385
0.68536
1.87224
2.5783
3.7397
0.68328
2.12499
3.95131
1.7403
1
1.91358
2.23508
3.88745
0.00689095
0.164202
0.783388
5.96347
1
7.00307
1.92771
1.18187
0.27538
1
1.89726
1.55452
3.10658
1.91358
0.63222
0.27538
3.12039
1.87483
3.85492
0.586549
4.08432
0.928592
1.50884
1.20956
1
1.54872
6.76645
2.48033
3.63405
4.09272
6.9386
1.73908
3.77019
1.12318
1.9121
0.27538
3.70953
0.68536
1.04593
2.41908
1
1.91358
2.23508
3.88745
0.00689095
0.164202
0.783388
5.96347
1.89413
5.5778
3.00149
1.18187
0.27538
1
1.89726
1.55452
3.10658
1.91358
0.63222
0.27538
4.60591
2.48511
2.33872
2.38647
1.59809
4.86533
0.998083
5.06559
2.86527
4.15539
0.928592
1.50884
1.20956
1
1.54872
1
1.64733
3.25934
0.619787
4.30137
5.25024
1.80306
1
3.6362
5.47053
2.25055
7.09765
1.69789
4.42429
0.0206716
3.29968
3.33205
1.59809
3.48469
2.68814
4.06466
6.52348
0.522306
3.74742
4.51616
4.63245
3.50837
3.63338
2.99024
1.92771
1.18187
0.27538
4.54271
0.00689095
0.164202
0.783388
1
2.16951
0.304715
4.464
3.36942
6.33448
2.83807
4.79802
2.36312
0.172898
0.703162
4.01878
6.56243
4.28431
5.20302
6.51833
10.5793
1.70638
2.3747
0.441297
4.89899
0.420654
6.16791
3.35755
1.48745
6.98283
1.20305
1.54872
4.54271
0.00689095
0.164202
0.783388
3.9049
1.40086
1.47285
3.87007
3.23795
3.34109
2.06663
2.04584
1.43487
3.87614
2.19859
4.26406
2.26255
3.02786
2.41908
3.10658
0.619787
2.3747
0.441297
4.37123
2.36316
2.04378
3.42326
2.96731
2.59893
9.44753
0.546827
2.79103
1.91358
0.63222
0.27538
5.20736
5.54546
6.28831
3.17271
0.599495
7.77112
1.30487
6.48422
2.38207
2.287
0.27538
1
4.16664
5.43773
3.76642
4.33408
3.49473
4.32276
1.8806
0.27538
5.43008
14.121
4.81592
11.5863
7.35755
7
7
7
5.88264
5.74147
5.74147
2.53831
4.5441
2.07874
2.14211
1.38296
2.19572
1.09755
6.13014
3.16169
2.32234
2.16951
0.304715
3.77463
2.85176
4.34068
5.84422
1.01355
2.57218
2.70367
1
2.36312
3.91773
2.57218
5.53902
2.99907
5.20352
0.00689095
0.164202
0.783388
5.02857
0.643933
3.35019
2.48168
4.51207
0.00689095
0.164202
0.783388
3.9049
1.40086
3.3686
1.599
2.51338
2.08268
1.14981
2.60626
1.91766
1.74153
6.79076
3.69205
2.71294
3.32365
4.01279
3.25677
1.25381
0.882795
2.90349
1.91766
1.74153
1.50984
2.43382
6.12408
2.48033
3.63405
4.09272
6.9386
1.73908
1.51953
3.25794
4.5441
2.07874
1.94243
1.59809
3.74903
4.11487
2.92261
0.98724
1.50884
2.71161
3.89967
1.54395
3.77463
3.54272
4.37305
3.93068
3.92081
0.5468
1.13855
1.09755
3.72615
3.25677
1.25381
0.882795
4.39016
5.54546
4.36923
3.10701
3.78218
2.6685
4.7924
1.41698
0.98724
1.50884
1.20956
1.47134
2.20051
1.91358
0.63222
0.27538
5.43008
3.36942
3.73016
2.56582
2.15734
1.89681
3.22876
0.27538
2.61969
0.172898
0.703162
4.01878
0.68536
1.87224
4.77496
0.998201
6.96911
2.67975
3.25532
0.586549
1.5125
0.135952
0.230555
0.243391
3.86158
0.68536
1.04593
2.41908
1
0.619787
0.759402
5.09018
0.00689095
3.66757
5.24561
1.84247
8.54492
1
0.584963
0.415037
0.321928
0.263034
0.759402
4.73725
0.420654
6.16791
3.35755
1.48745
4.64267
7.3781
2.21673
2.58844
2.6685
9.14732
4.33568
3.36286
1.55195
3.49319
1.87483
0.68328
2.12499
1.5473
6.12408
1.78457
1.55441
2.85237
4.30796
2.59312
4.12283
5.69215
1.78265
4.25663
0.778496
1.60012
3.30106
1
3.25934
0.619787
0.759402
3.25794
6.40505
1.69045
1.73382
2.22897
2.06663
2.04584
2.86527
2.31995
0.814292
1.36536
6.44194
4.64992
4.7029
2.37235
3.35263
2.04585
0.998201
1.98834
3.73465
1.54969
0.258413
5.17363
2.34495
2.6127
4.22478
5.14324
0.63563
1.45451
2.51941
0.580538
5.57038
0.00689095
0.164202
0.783388
5.04272
0.204892
1.66626
4.102
1.92203
3.13171
4.32185
1
4.60353
2.85237
3.42158
1.64733
3.25934
0.619787
0.759402
3.49319
1.73644
1.4568
4.24651
1.599
2.08284
3.76103
2.71161
2.43382
4.90873
2.85176
0.571879
1.67372
0.323479
3.71846
3.23795
4.09272
5.23458
1.36073
2.21494
4.01279
1.9742
1.20956
9.63211
1.074
3.82552
0.284453
2.67698
1.39626
1.12024
1.66005
4.56443
0.00689095
5.32309
0.882533
2.76849
1
2.26255
1
0.736966
0.584963
4.39016
0.619787
0.759402
4.90873
2.36316
3.72326
1.66917
2.56825
2.49453
1.456
0.172898
0.703162
4.04143
1.87483
3.85492
0.586549
4.08432
0.928592
1.50884
1.20956
1
1.54872
4.87141
0.204892
4.29943
4.1599
4.56551
0.305334
2.31475
0.95461
2.918
3.30142
2.19859
4.04763
1.64733
3.25934
0.619787
0.759402
6.12408
2.48033
3.63405
4.09272
6.9386
1.73908
11.9689
