169
8
8
7.50779
7.53138
7.48382
7.41785
7.44294
7.53916
7.57743
6.5157
6.42626
7.40939
7.53916
5.61471
7.50779
7.53138
4.1964
5.02975
3.73471
7.78136
6.59246
7.41785
7.42626
6.42626
7.44294
7.53916
5.61471
7.50779
7.53138
7.73471
7.42626
7.42626
8
7.40939
7.43463
7.54689
7.45121
5.41278
7.48382
7.53138
7.42626
8
7.43463
7.41785
7.41785
7.44294
8
9.29692
5.5157
5.94642
7.47573
5.61471
7.50779
7.53138
6.63662
7.43463
7.42626
8
7.40939
8
6.49185
7.43463
7.43463
7.53916
7.5157
7.50779
7.53916
5.5157
5.94642
7.47573
7.57743
6.5157
6.42626
7.40939
7.53916
6.48382
7.49185
6.45943
7.46761
7.45943
7.40939
13.1485
5.5157
5.94642
7.47573
7.53138
7.43463
8
7.82018
5.61471
7.50779
7.53138
7.48382
7.41785
7.44294
7.53916
6.63662
7.44294
7.42626
7.43463
8
7.49185
6.41785
7.48382
7.50779
7.53916
7.57743
7.40939
7.40939
6.54689
7.49185
6.49185
6.53138
3.41709
7.71425
7.63662
7.43463
5.92283
5.89885
7.5157
7.45121
5.61471
7.50779
7.53138
6.53138
7.40939
7.49185
6.45121
7.54689
7.45121
5.94642
7.49185
7.43463
7.43463
8
7.48382
7.41785
7.41785
7.48382
7.48382
7.41785
7.44294
7.53916
5.59246
7.42626
7.5157
7.49185
5.88264
6.50779
7.45121
8
7.49185
7.41785
8
7.44294
7.53916
6.61471
7.45121
7.47573
7.45121
7.42626
7.53138
7.43463
8
8
6.49185
7.50779
8
9.29692
6.05166
7.44294
7.45943
7.47573
7.40939
7.43463
7.42626
7.44294
7.45943
7.42626
6.48382
7.49185
6.41785
7.48382
7.53138
6.14975
7.43463
7.56224
7.40939
8
7.42626
6.41785
7.40939
7.71425
4.67646
7.49985
7.40939
8
8
7.41785
7.45121
7.42626
7.42626
7.48382
6.54689
6.5157
7.41785
8
7.44294
6.45121
13.1485
7.5157
6.50779
5.42626
7.46761
7.71425
7.59246
7.48382
5.96193
7.46761
7.45943
8
8
7.49185
7.53138
7.5157
6.50779
5.42626
7.46761
6.42626
6.49185
7.41785
8
7.42626
7.41785
6.42626
6.46761
7.71425
6.59246
7.41785
8
5.90689
6.55459
7.53138
4.88264
6.46761
7.53138
5.94642
7.49185
7.43463
7.42626
7.54689
7.41785
7.44294
7.48382
7.48382
8
8
7.45121
7.47573
7.42626
7.44294
7.44294
8
9.91663
4.88264
6.46761
7.53138
6.00375
6.50779
6.40939
7.82018
5.61471
7.50779
7.53138
7.5157
7.49185
7.42626
7.43463
7.54689
6.40939
7.49985
7.44294
7.53916
6.59246
7.44294
7.41785
7.42626
7.49185
7.43463
7.43463
6.43463
7.42626
6.42626
12.1485
7.87652
7.45943
7.42626
7.40939
7.46761
7.42626
7.44294
7.53916
5.14568
7.43463
6.43463
7.42626
6.49185
6.53138
7.87652
6.40939
6.41785
7.40939
7.44294
8
9.29692
6.59991
7.47573
7.40939
7.42626
8
7.42626
7.44294
7.48382
7.57743
6.5157
6.42626
7.40939
7.53916
5.61471
7.50779
7.53138
4.88264
7.46761
4.42253
7.71425
6.61471
7.49185
7.41785
8
7.46761
7.42626
7.45943
8
9.29692
5.00749
5.53138
7.47573
7.53138
7.59246
7.40939
8
7.40939
7.45943
5.56224
7.45121
5.94642
7.49185
7.43463
7.46761
7.40939
7.41785
8
7.45943
7.43463
8
13.1485
7.5157
6.49185
6.53138
6.59246
7.50779
7.41785
8
7.40939
7.45121
7.47573
7.42626
7.44294
7.53916
7.57743
7.5157
7.41785
8
7.45121
6.42626
5.89885
7.44294
7.53916
7.5157
6.50779
7.42626
7.50779
7.42626
8
7.53138
7.73471
7.43463
7.43463
6.5157
7.42626
7.41785
7.44294
8
9.34112
9.79279
8
8
7.42626
7.42626
8
6.49985
7.48382
7.48382
7.41785
7.48382
5.41278
7.48382
7.53138
7.44294
7.53138
8
7.40939
7.40939
8
8
8
8
5.92283
7.48382
7.71425
6.05166
7.44294
6.49185
7.44294
7.40939
7.46761
7.41785
7.46761
7.71425
6.53138
7.40939
7.71425
6.59991
7.47573
7.44294
7.45121
8
5.56224
6.5157
7.42626
7.41785
7.48382
5.5157
5.94642
7.47573
5.61471
6.50779
1
0.584963
6.5157
6.46761
7.50779
6.45121
6.52356
7.41785
7.48382
5.61471
7.50779
7.53138
4.88264
7.46761
4.42253
7.71425
7.46761
7.43463
7.42626
7.43463
7.46761
4.42253
7.71425
5.41278
7.48382
7.53138
7.41785
7.42626
6.5157
7.71425
5.5157
5.94642
6.47573
1
0.584963
7.42626
8.71425
7.40939
7.43463
7.54689
7.45121
5.61471
7.50779
7.53138
6.63662
7.43463
7.42626
8
7.40939
8
6.49185
7.43463
7.43463
7.53916
7.66534
7.49185
7.43463
7.48382
7.42626
6.45943
7.71425
7.5157
6.49185
6.53138
7.87652
7.5157
7.45121
8
9.29692
6.48382
7.53916
7.71425
7.57743
7.45121
7.47573
7.43463
6.45943
7.71425
5.99247
7.49985
6.45121
7.5157
7.41785
8
7.43463
7.41785
7.53916
7.71425
7.40939
8
7.40939
7.53138
7.63662
6.43463
7.54689
7.40939
6.45121
7.40939
7.41785
7.43463
6.42626
11.8021
7.73471
8
6.49185
7.43463
7.5157
7.45121
7.5157
6.49185
6.53138
6.59246
7.41785
8
7.46761
7.42626
7.42626
7.48382
7.53138
7.53138
7.41785
8
7.48382
7.43463
6.45121
7.54689
6.48382
7.53916
7.43463
7.53916
6.59991
7.47573
7.40939
7.40939
7.46761
7.43463
7.41785
7.42626
7.42626
7.43463
7.42626
6.53138
5.96963
7.50779
7.53916
5.41278
7.48382
7.53138
7.41785
7.42626
6.5157
7.71425
6.48382
7.53916
7.71425
5.41278
7.48382
8
7.43463
7.41785
7.41785
13.1485
7.48382
7.41785
7.44294
7.53916
5.94642
6.49185
7.50779
7.40939
7.41785
7.41785
7.46761
7.42626
7.41785
7.44294
7.53916
5.61471
7.50779
7.53138
6.48382
7.53916
7.43463
7.53916
6.05166
7.44294
7.45943
7.41785
6.48382
6.54689
7.5157
7.43463
7.53916
6.05166
7.44294
7.40939
7.40939
7.42626
7.49185
7.43463
7.53916
7.5157
6.49185
6.53138
6.63662
7.44294
7.42626
7.43463
8
7.49185
6.41785
7.48382
7.50779
7.53916
0.474948
11.0548
7.47573
8
6.41785
7.43463
7.49185
7.59246
7.43463
7.53916
6.58871
5.45943
7.53916
7.63662
6.43463
7.54689
7.41785
7.44294
7.53138
7.59246
7.43463
7.53916
7.5157
6.49185
7.53138
4.88264
7.46761
4.42253
7.71425
6.05166
7.44294
7.45943
7.41785
6.48382
6.54689
6.5157
7.71425
6.59246
6.46761
5.43962
7.47573
6.45943
7.71425
5.61471
7.50779
7.53138
7.5157
7.49185
7.44294
7.48382
7.47573
8
7.44294
8
11.0548
5.15381
7.48382
6.87652
7.42626
7.46761
7.49185
6.49185
5.43962
7.53138
5.61471
7.50779
7.53138
5.99247
7.49985
7.44294
7.42626
7.42626
7.5157
7.5157
7.45121
5.94642
6.49185
7.50779
7.40939
7.41785
7.41785
7.46761
7.42626
7.41785
7.44294
7.53916
6.05166
5.85798
7.50779
5.85798
6.48382
7.45943
7.48382
7.40939
7.41785
7.43463
6.49185
7.50779
8
13.1485
6.48382
7.53916
7.71425
7.46761
7.43463
7.42626
7.43463
7.46761
4.42253
7.71425
6.53138
7.40939
7.71425
5.41278
7.48382
7.53138
7.44294
7.50779
7.44294
7.40939
8
7.41785
7.41785
7.48382
6.87652
7.42626
8
7.41785
7.43463
7.43463
7.5157
7.45121
5.5157
5.94642
7.47573
5.00749
7.53138
7.47573
7.42626
6.48382
7.46761
6.45943
7.71425
6.59991
7.47573
7.40939
7.40939
7.46761
6.55459
6.53138
5.61471
7.50779
7.53138
6.48382
7.53916
7.71425
7.57743
6.45121
7.40939
7.46761
6.42626
7.54689
5.61471
7.50779
7.53138
6.63662
7.44294
7.42626
7.43463
8
7.49185
6.41785
7.48382
7.50779
8
13.1485
6.61471
7.43463
7.47573
7.43463
7.40939
7.46761
7.42626
7.48382
5.61471
7.50779
7.53138
5.5157
4.94642
6.52356
7.41785
7.44294
7.53916
6.00749
7.42626
8
7.40939
7.48382
4.88264
7.46761
4.42253
7.71425
5.94642
7.49185
7.43463
7.46761
7.40939
7.41785
8
6.45943
7.71425
7.5157
6.49185
7.53138
5.5157
5.94642
7.47573
6.59246
7.41785
8
7.46761
7.42626
7.42626
7.48382
7.40939
8
7.40939
6.53138
7.61471
7.40939
7.43463
6.53138
6.42626
11.8021
5.5157
5.94642
7.47573
7.5157
7.49185
7.44294
7.48382
7.47573
8
8
9.91663
4.1964
5.59246
7.57743
7.57743
7.48382
5.18587
7.50779
7.50779
8
13.1485
7.5157
6.49185
7.53138
5.73471
6.46761
6.50779
7.43463
7.48382
7.42626
8
9.29692
7.59246
8
7.41785
7.41785
7.44294
7.53916
7.48382
7.41785
7.44294
7.53916
7.5157
7.49185
7.42626
7.43463
7.54689
6.40939
7.49985
7.44294
7.53916
7.5157
6.49185
7.53138
7.48382
7.41785
7.44294
7.53916
7.40939
8
7.40939
7.53138
6.48382
7.53916
7.71425
7.46761
7.43463
7.42626
7.43463
7.46761
4.42253
7.71425
6.02975
7.42626
7.48382
6.05166
5.85798
7.50779
8
7.40939
8
7.42626
6.42626
11.8021
5.94642
6.49185
7.43463
7.42626
8
7.43463
7.43463
7.42626
8
7.53138
7.59246
7.40939
8
7.40939
7.45943
8
5.96193
4.70044
5.94642
7.53138
5.94642
7.49185
7.43463
7.46761
7.40939
7.41785
8
7.45943
7.43463
8
13.9204
8
7.41785
7.44294
7.53916
5.94642
6.49185
7.50779
7.40939
7.41785
7.41785
7.46761
7.42626
7.41785
7.44294
7.53916
6.59246
7.44294
5.94642
6.53138
7.87652
7.40939
7.40939
8
7.53138
7.57743
7.40939
8
7.49985
6.05166
7.44294
7.49185
7.53138
8
7.41785
7.45121
5.47573
7.59246
7.5157
6.49185
7.50779
8
9.29692
7.63662
6.43463
5.96193
6.50779
7.48382
6.57743
7.45943
6.5157
7.40939
5.14568
5.43962
7.53138
4.88264
6.46761
7.53138
7.59991
7.41785
7.42626
7.42626
7.43463
7.45121
6.46761
6.76155
6.41785
7.48382
7.53138
5.94642
7.42626
7.40939
8
7.48382
7.5157
6.49185
7.53138
4.88264
7.46761
4.42253
7.71425
5.73471
6.46761
6.50779
7.42626
7.42626
7.48382
7.5157
6.49185
7.53138
5.5157
5.94642
7.47573
7.40939
8
7.40939
7.53138
7.48382
7.41785
7.44294
7.53916
5.59246
7.42626
7.5157
7.49185
5.88264
6.50779
7.45121
8
7.49185
7.41785
8
7.44294
7.53916
4.67646
7.49985
6.48382
7.53916
7.71425
7.59246
7.40939
7.40939
6.43463
7.54689
8
7.43463
6.43463
7.42626
6.49185
7.40939
5.43463
5.85798
7.71425
5.61471
7.50779
7.53138
7.48382
7.41785
7.44294
7.53916
6.63662
7.44294
7.42626
7.43463
8
7.49185
6.41785
7.48382
7.50779
7.53916
7.87652
6.41785
7.43463
7.49185
7.59246
7.43463
7.53916
6.53138
7.40939
5.43962
7.53138
7.57743
7.48382
7.40939
7.40939
7.43463
6.5157
7.42626
7.41785
7.48382
7.5157
6.49185
7.53138
7.48382
7.41785
7.44294
7.53916
7.44294
7.40939
8
7.41785
7.41785
7.41785
7.49985
7.44294
7.53916
5.56224
5.88264
7.78136
7.87652
6.40939
6.41785
7.40939
7.44294
8
7.40939
7.50779
7.53138
7.48382
7.41785
7.44294
7.53916
7.57743
6.5157
6.42626
7.40939
7.53916
5.61471
7.50779
7.53138
4.1964
5.02975
1
7.78136
6.59246
7.41785
7.42626
6.42626
7.44294
7.53916
5.61471
7.50779
7.53138
7.73471
7.42626
7.42626
8
7.40939
7.43463
7.54689
7.45121
5.41278
7.48382
7.53138
7.42626
8
7.43463
7.41785
7.41785
7.44294
8
9.29692
5.5157
5.94642
7.47573
5.61471
7.50779
7.53138
6.63662
7.43463
7.42626
8
7.40939
8
6.49185
7.43463
7.43463
7.53916
7.5157
7.50779
7.53916
5.5157
5.94642
7.47573
7.57743
6.5157
6.42626
7.40939
7.53916
6.48382
7.49185
6.45943
7.46761
7.45943
7.40939
13.1485
5.5157
5.94642
7.47573
7.53138
7.43463
8
7.82018
5.61471
7.50779
7.53138
7.48382
7.41785
7.44294
7.53916
6.63662
7.44294
7.42626
7.43463
8
7.49185
6.41785
7.48382
7.50779
7.53916
7.57743
7.40939
7.40939
6.54689
7.49185
6.49185
6.53138
3.41709
7.71425
7.63662
7.43463
5.92283
5.89885
7.5157
7.45121
5.61471
7.50779
7.53138
6.53138
7.40939
7.49185
6.45121
7.54689
7.45121
5.94642
7.49185
7.43463
7.43463
8
7.48382
7.41785
7.41785
7.48382
7.48382
7.41785
7.44294
7.53916
5.59246
7.42626
7.5157
7.49185
5.88264
6.50779
7.45121
8
7.49185
7.41785
8
7.44294
7.53916
6.61471
7.45121
7.47573
7.45121
7.42626
7.53138
7.43463
8
8
6.49185
7.50779
8
9.29692
6.05166
7.44294
7.45943
7.47573
7.40939
7.43463
7.42626
7.44294
7.45943
7.42626
6.48382
7.49185
6.41785
7.48382
7.53138
6.14975
7.43463
7.56224
7.40939
8
7.42626
6.41785
7.40939
7.71425
4.67646
7.49985
7.40939
8
8
7.41785
7.45121
7.42626
7.42626
7.48382
6.54689
6.5157
7.41785
8
7.44294
6.45121
13.1485
7.5157
6.50779
5.42626
7.46761
7.71425
7.59246
7.48382
5.96193
7.46761
7.45943
8
8
7.49185
7.53138
7.5157
6.50779
5.42626
7.46761
6.42626
6.49185
7.41785
8
7.42626
7.41785
6.42626
6.46761
7.71425
6.59246
7.41785
8
5.90689
6.55459
7.53138
4.88264
6.46761
7.53138
5.94642
7.49185
7.43463
7.42626
7.54689
7.41785
7.44294
7.48382
7.48382
8
8
7.45121
7.47573
7.42626
7.44294
7.44294
8
9.91663
4.88264
6.46761
7.53138
6.00375
6.50779
6.40939
7.82018
5.61471
7.50779
7.53138
7.5157
7.49185
7.42626
7.43463
7.54689
6.40939
7.49985
7.44294
7.53916
6.59246
7.44294
7.41785
7.42626
7.49185
7.43463
7.43463
6.43463
7.42626
6.42626
12.1485
7.87652
7.45943
7.42626
7.40939
7.46761
7.42626
7.44294
7.53916
5.14568
7.43463
6.43463
7.42626
6.49185
6.53138
7.87652
6.40939
6.41785
7.40939
7.44294
8
9.29692
6.59991
7.47573
7.40939
7.42626
8
7.42626
7.44294
7.48382
7.57743
6.5157
6.42626
7.40939
7.53916
5.61471
7.50779
7.53138
4.88264
7.46761
4.42253
7.71425
6.61471
7.49185
7.41785
8
7.46761
7.42626
7.45943
8
9.29692
5.00749
5.53138
7.47573
7.53138
7.59246
7.40939
8
7.40939
7.45943
5.56224
7.45121
5.94642
7.49185
7.43463
7.46761
7.40939
7.41785
8
7.45943
7.43463
8
13.1485
7.5157
6.49185
6.53138
6.59246
7.50779
7.41785
8
7.40939
7.45121
7.47573
7.42626
7.44294
7.53916
7.57743
7.5157
7.41785
8
7.45121
6.42626
5.89885
7.44294
7.53916
7.5157
6.50779
7.42626
7.50779
7.42626
8
7.53138
7.73471
7.43463
7.43463
6.5157
7.42626
7.41785
7.44294
8
9.34112
9.79279
8
8
7.42626
7.42626
8
6.49985
7.48382
7.48382
7.41785
7.48382
5.41278
7.48382
7.53138
7.44294
7.53138
8
7.40939
7.40939
8
8
8
8
5.92283
7.48382
7.71425
6.05166
7.44294
6.49185
7.44294
7.40939
7.46761
7.41785
7.46761
7.71425
6.53138
7.40939
7.71425
6.59991
7.47573
7.44294
7.45121
8
5.56224
6.5157
7.42626
7.41785
7.48382
5.5157
5.94642
7.47573
5.61471
6.50779
1
0.584963
6.5157
6.46761
7.50779
6.45121
6.52356
7.41785
7.48382
5.61471
7.50779
7.53138
4.88264
7.46761
4.42253
7.71425
7.46761
7.43463
7.42626
7.43463
7.46761
4.42253
7.71425
5.41278
7.48382
7.53138
7.41785
7.42626
6.5157
7.71425
5.5157
5.94642
6.47573
1
0.584963
7.42626
8.71425
7.40939
7.43463
7.54689
7.45121
5.61471
7.50779
7.53138
6.63662
7.43463
7.42626
8
7.40939
8
6.49185
7.43463
7.43463
7.53916
7.66534
7.49185
7.43463
7.48382
7.42626
6.45943
7.71425
7.5157
6.49185
6.53138
7.87652
7.5157
7.45121
8
9.29692
6.48382
7.53916
7.71425
7.57743
7.45121
7.47573
7.43463
6.45943
7.71425
5.99247
7.49985
6.45121
7.5157
7.41785
8
7.43463
7.41785
7.53916
7.71425
7.40939
8
7.40939
7.53138
7.63662
6.43463
7.54689
7.40939
6.45121
7.40939
7.41785
7.43463
6.42626
11.8021
7.73471
8
6.49185
7.43463
7.5157
7.45121
7.5157
6.49185
6.53138
6.59246
7.41785
8
7.46761
7.42626
7.42626
7.48382
7.53138
7.53138
7.41785
8
7.48382
7.43463
6.45121
7.54689
6.48382
7.53916
7.43463
7.53916
6.59991
7.47573
7.40939
7.40939
7.46761
7.43463
7.41785
7.42626
7.42626
7.43463
7.42626
6.53138
5.96963
7.50779
7.53916
5.41278
7.48382
7.53138
7.41785
7.42626
6.5157
7.71425
6.48382
7.53916
7.71425
5.41278
7.48382
8
7.43463
7.41785
7.41785
13.1485
7.48382
7.41785
7.44294
7.53916
5.94642
6.49185
7.50779
7.40939
7.41785
7.41785
7.46761
7.42626
7.41785
7.44294
7.53916
5.61471
7.50779
7.53138
6.48382
7.53916
7.43463
7.53916
6.05166
7.44294
7.45943
7.41785
6.48382
6.54689
7.5157
7.43463
7.53916
6.05166
7.44294
7.40939
7.40939
7.42626
7.49185
7.43463
7.53916
7.5157
6.49185
6.53138
6.63662
7.44294
7.42626
7.43463
8
7.49185
6.41785
7.48382
7.50779
7.53916
0.474948
11.0548
7.47573
8
6.41785
7.43463
7.49185
7.59246
7.43463
7.53916
6.58871
5.45943
7.53916
7.63662
6.43463
7.54689
7.41785
7.44294
7.53138
7.59246
7.43463
7.53916
7.5157
6.49185
7.53138
4.88264
7.46761
4.42253
7.71425
6.05166
7.44294
7.45943
7.41785
6.48382
6.54689
6.5157
7.71425
6.59246
6.46761
5.43962
7.47573
6.45943
7.71425
5.61471
7.50779
7.53138
7.5157
7.49185
7.44294
7.48382
7.47573
8
7.44294
8
11.0548
5.15381
7.48382
6.87652
7.42626
7.46761
7.49185
6.49185
5.43962
7.53138
5.61471
7.50779
7.53138
5.99247
7.49985
7.44294
7.42626
7.42626
7.5157
7.5157
7.45121
5.94642
6.49185
7.50779
7.40939
7.41785
7.41785
7.46761
7.42626
7.41785
7.44294
7.53916
6.05166
5.85798
7.50779
5.85798
6.48382
7.45943
7.48382
7.40939
7.41785
7.43463
6.49185
7.50779
8
13.1485
6.48382
7.53916
7.71425
7.46761
7.43463
7.42626
7.43463
7.46761
4.42253
7.71425
6.53138
7.40939
7.71425
5.41278
7.48382
7.53138
7.44294
7.50779
7.44294
7.40939
8
7.41785
7.41785
7.48382
6.87652
7.42626
8
7.41785
7.43463
7.43463
7.5157
7.45121
5.5157
5.94642
7.47573
5.00749
7.53138
7.47573
7.42626
6.48382
7.46761
6.45943
7.71425
6.59991
7.47573
7.40939
7.40939
7.46761
6.55459
6.53138
5.61471
7.50779
7.53138
6.48382
7.53916
7.71425
7.57743
6.45121
7.40939
7.46761
6.42626
7.54689
5.61471
7.50779
7.53138
6.63662
7.44294
7.42626
7.43463
8
7.49185
6.41785
7.48382
7.50779
8
13.1485
6.61471
7.43463
7.47573
7.43463
7.40939
7.46761
7.42626
7.48382
5.61471
7.50779
7.53138
5.5157
4.94642
6.52356
7.41785
7.44294
7.53916
6.00749
7.42626
8
7.40939
7.48382
4.88264
7.46761
4.42253
7.71425
5.94642
7.49185
7.43463
7.46761
7.40939
7.41785
8
6.45943
7.71425
7.5157
6.49185
7.53138
5.5157
5.94642
7.47573
6.59246
7.41785
8
7.46761
7.42626
7.42626
7.48382
7.40939
8
7.40939
6.53138
7.61471
7.40939
7.43463
6.53138
6.42626
11.8021
5.5157
5.94642
7.47573
7.5157
7.49185
7.44294
7.48382
7.47573
8
8
9.91663
4.1964
5.59246
7.57743
7.57743
7.48382
5.18587
7.50779
7.50779
8
13.1485
7.5157
6.49185
7.53138
5.73471
6.46761
6.50779
7.43463
7.48382
7.42626
8
9.29692
7.59246
8
7.41785
7.41785
7.44294
7.53916
7.48382
7.41785
7.44294
7.53916
7.5157
7.49185
7.42626
7.43463
7.54689
6.40939
7.49985
7.44294
7.53916
7.5157
6.49185
7.53138
7.48382
7.41785
7.44294
7.53916
7.40939
8
7.40939
7.53138
6.48382
7.53916
7.71425
7.46761
7.43463
7.42626
7.43463
7.46761
4.42253
7.71425
6.02975
7.42626
7.48382
6.05166
5.85798
7.50779
8
7.40939
8
7.42626
6.42626
11.8021
5.94642
6.49185
7.43463
7.42626
8
7.43463
7.43463
7.42626
8
7.53138
7.59246
7.40939
8
7.40939
7.45943
8
5.96193
4.70044
5.94642
7.53138
5.94642
7.49185
7.43463
7.46761
7.40939
7.41785
8
7.45943
7.43463
8
13.9204
8
7.41785
7.44294
7.53916
5.94642
6.49185
7.50779
7.40939
7.41785
7.41785
7.46761
7.42626
7.41785
7.44294
7.53916
6.59246
7.44294
5.94642
6.53138
7.87652
7.40939
7.40939
8
7.53138
7.57743
7.40939
8
7.49985
6.05166
7.44294
7.49185
7.53138
8
7.41785
7.45121
5.47573
7.59246
7.5157
6.49185
7.50779
8
9.29692
7.63662
6.43463
5.96193
6.50779
7.48382
6.57743
7.45943
6.5157
7.40939
5.14568
5.43962
7.53138
4.88264
6.46761
7.53138
7.59991
7.41785
7.42626
7.42626
7.43463
7.45121
6.46761
6.76155
6.41785
7.48382
7.53138
5.94642
7.42626
7.40939
8
7.48382
7.5157
6.49185
7.53138
4.88264
7.46761
4.42253
7.71425
5.73471
6.46761
6.50779
7.42626
7.42626
7.48382
7.5157
6.49185
7.53138
5.5157
5.94642
7.47573
7.40939
8
7.40939
7.53138
7.48382
7.41785
7.44294
7.53916
5.59246
7.42626
7.5157
7.49185
5.88264
6.50779
7.45121
8
7.49185
7.41785
8
7.44294
7.53916
4.67646
7.49985
6.48382
7.53916
7.71425
7.59246
7.40939
7.40939
6.43463
7.54689
8
7.43463
6.43463
7.42626
6.49185
7.40939
5.43463
5.85798
7.71425
5.61471
7.50779
7.53138
7.48382
7.41785
7.44294
7.53916
6.63662
7.44294
7.42626
7.43463
8
7.49185
6.41785
7.48382
7.50779
7.53916
7.87652
6.41785
7.43463
7.49185
7.59246
7.43463
7.53916
6.53138
7.40939
5.43962
7.53138
7.57743
7.48382
7.40939
7.40939
7.43463
6.5157
7.42626
7.41785
7.48382
7.5157
6.49185
7.53138
7.48382
7.41785
7.44294
7.53916
7.44294
7.40939
8
7.41785
7.41785
7.41785
7.49985
7.44294
7.53916
5.56224
5.88264
7.78136
7.87652
6.40939
6.41785
7.40939
7.44294
8
8
6.49185
7.53138
7.5157
6.50779
7.42626
7.48382
7.53138
5.41278
6.48382
7.44294
7.42626
7.41785
7.49185
7.40939
7.40939
7.48382
7.5157
7.49185
7.44294
7.48382
7.47573
8
7.48382
6.14975
6.42626
7.5157
7.41785
8
7.43463
6.42626
7.48382
7.48382
7.53138
8
7.40939
7.42626
7.48382
7.40939
8
7.40939
7.53138
5.94642
7.43463
7.49185
6.42626
7.45943
6.42626
7.46761
7.5157
7.45121
4.88264
7.46761
4.42253
7.71425
7.46761
7.43463
7.42626
7.43463
7.46761
4.42253
7.71425
6.63662
7.44294
7.5157
6.5157
7.71425
5.73471
7.46761
7.42626
6.45943
7.71425
6.63662
7.44294
7.42626
7.43463
8
7.49185
6.41785
7.48382
6.42626
13.1485
5.59246
7.42626
7.5157
7.43463
7.53916
7.5157
6.42626
7.40939
7.41785
7.56224
7.47573
7.44294
7.5157
7.45121
7.48382
7.41785
7.44294
7.53916
6.00749
7.42626
8
7.49985
7.43463
6.49185
7.50779
7.53916
5.61471
6.50779
5.94642
7.47573
4.55459
6.49185
7.41785
7.41785
5.85798
6.48382
6.49185
7.53138
5.61471
7.50779
7.53138
7.48382
7.41785
7.44294
7.53916
6.58871
5.45943
7.53916
6.63662
7.44294
7.5157
7.45121
7.41785
7.42626
7.43463
7.42626
7.44294
6.76155
6.41785
7.48382
7.50779
8
9.29692
7.48382
7.41785
7.44294
7.53916
6.59991
7.47573
8
6.42626
6.50779
7.42626
7.41785
8
7.45943
7.42626
7.41785
7.43463
6.49185
7.50779
7.53916
6.59246
6.50779
5.84967
7.43463
7.40939
6.49185
7.40939
5.43463
6.44294
7.5157
4.70044
5.94642
7.53138
7.59246
7.40939
8
6.56224
6.45121
6.49185
7.42626
6.44294
6.45943
7.71425
4.93074
7.53138
6.01495
7.41785
6.50779
7.49185
7.41785
6.41785
7.42626
7.40939
6.42626
7.46761
7.5157
4.70044
5.94642
7.53138
6.53138
7.40939
7.43463
5.42626
7.46761
7.71425
2.75803
5.12928
7.78136
6.02975
7.55459
7.41785
8
6.76155
7.41785
7.50779
7.41785
8
6.45121
6.49185
7.42626
7.44294
8
13.1485
7.48382
8
7.40939
7.44294
5.86625
7.48382
7.73471
8
6.49185
7.43463
7.5157
4.70044
5.94642
7.53138
7.46761
7.43463
7.42626
7.43463
7.46761
7.59246
7.43463
7.53916
5.61471
7.50779
7.53138
7.87652
7.5157
7.45121
7.53138
7.40939
8
7.40939
7.53138
5.41278
7.48382
7.53138
6.41785
7.48382
6.49185
7.53916
6.41785
7.40939
5.43962
7.53138
6.48382
7.53916
7.71425
5.94642
7.49185
7.43463
7.43463
6.45943
7.46761
7.71425
6.63662
7.44294
7.5157
6.5157
7.71425
7.40939
8
7.40939
7.53138
5.73471
7.46761
7.42626
6.45943
7.71425
4.88264
7.46761
7.42626
7.48382
5.00749
5.53138
7.47573
6.41785
7.48382
7.45943
7.41785
7.41785
7.42626
7.43463
6.50779
7.53138
7.5157
6.49185
7.53138
7.59246
7.40939
8
6.45943
5.84967
6.49185
7.45943
6.76155
5.84967
7.47573
7.43463
6.49985
7.48382
6.48382
7.53916
7.43463
7.53916
5.99247
7.49985
6.45121
7.5157
7.41785
8
7.43463
7.41785
7.53916
7.43463
7.53916
7.5157
6.50779
7.45121
7.43463
7.43463
7.42626
7.41785
8
7.40939
6.42626
7.46761
7.43463
7.53916
5.61471
7.50779
7.53138
7.59246
7.40939
8
6.00749
7.42626
8
7.49985
7.43463
8
13.9204
8
6.49185
7.53138
7.5157
6.50779
7.42626
7.48382
7.53138
5.63662
5.8413
7.46761
7.41785
8
7.48382
6.59246
6.50779
7.53138
6.48382
6.49185
7.50779
7.53916
6.87652
7.42626
8
7.45121
7.47573
5.84967
7.47573
7.42626
7.42626
6.53138
6.42626
10.8021
5.87652
5.16993
7.48382
7.42626
8
7.45121
8
7.41785
8
8
7.45943
7.49185
8
9.29692
4.88264
6.46761
7.53138
7.53138
7.40939
6.42626
7.40939
7.40939
7.45943
7.42626
7.48382
7.48382
5.61471
7.50779
7.53138
6.59991
7.47573
7.40939
7.40939
7.46761
7.42626
7.42626
7.48382
6.54689
6.5157
7.41785
8
7.44294
8
9.29692
4.88264
7.46761
4.42253
7.71425
6.61471
7.41785
6.44294
7.53138
5.47573
7.53916
5.61471
7.50779
7.53138
7.46761
7.43463
7.42626
7.43463
7.46761
4.42253
7.71425
7.48382
8
9.29692
5.63662
7.42626
7.43463
7.45121
7.44294
7.40939
8
7.41785
7.41785
7.41785
7.49985
8
9.29692
7.57743
8
7.40939
7.45121
8
7.40939
7.56224
7.45943
7.47573
6.42626
7.42626
8
9.29692
4.88264
6.46761
6.53138
6.59246
7.41785
7.42626
7.42626
7.48382
5.61471
7.50779
7.53138
7.40939
8
8
7.41785
7.45121
7.42626
7.42626
7.48382
6.54689
6.5157
7.41785
8
7.44294
6.45121
13.1485
7.48382
8
7.40939
7.44294
5.86625
7.48382
6.61471
7.45121
8
5.96193
4.70044
5.94642
7.53138
4.88264
7.46761
4.42253
7.71425
6.61471
7.41785
6.44294
7.53138
5.47573
7.53916
5.61471
7.50779
7.53138
5.94642
7.49185
5.84967
7.43463
7.40939
5.96193
7.45121
7.41785
8
12.1485
6.87652
7.42626
7.50779
5.88264
6.5157
6.42626
7.40939
7.53916
5.61471
7.50779
7.53138
7.48382
7.41785
7.44294
7.53916
5.94642
6.49185
7.50779
7.40939
7.41785
7.41785
7.46761
7.42626
7.41785
7.44294
7.53916
5.63662
6.42626
6.44294
7.53138
7.40939
7.41785
6.43463
7.40939
7.44294
7.53916
7.5157
6.49185
7.53138
5.5157
5.94642
7.47573
5.47573
7.5157
5.42626
7.82018
5.61471
7.50779
7.53138
6.63662
7.44294
7.42626
7.43463
8
7.49185
6.41785
7.48382
7.50779
7.53916
7.48382
7.44294
7.71425
7.57743
6.48382
6.49185
7.40939
7.43463
7.42626
7.53138
7.59246
7.42626
7.41785
7.44294
8
9.29692
7.48382
7.41785
7.44294
7.53916
6.59991
7.47573
8
6.42626
6.50779
7.42626
7.41785
8
7.45943
7.42626
7.41785
7.43463
6.49185
7.50779
7.53916
6.45943
7.41785
7.41785
5.50779
7.54689
8
7.43463
7.5157
4.70044
5.94642
7.53138
7.40939
8
7.40939
7.53138
6.87652
7.40939
8
6.48382
7.49185
7.41785
7.46761
7.71425
7.5157
6.49185
7.53138
7.59246
7.40939
8
6.45943
5.84967
6.49185
7.45943
6.76155
5.84967
7.47573
7.43463
6.49985
7.48382
6.48382
7.53916
7.71425
5.73471
5.14568
6.76155
7.41785
7.41785
7.41785
7.45943
6.42626
7.54689
5.61471
7.50779
7.53138
7.48382
8
6.47573
6.42626
7.40939
8
7.43463
7.40939
8
7.44294
7.53916
6.87652
7.43463
7.50779
7.50779
5.53138
7.47573
7.42626
7.44294
8
9.29692
7.48382
7.41785
7.48382
7.40939
8
7.40939
7.53138
6.05166
5.85798
7.50779
7.41785
7.49185
7.49185
8
7.49185
6.46761
6.48382
7.49185
6.41785
7.48382
7.53138
7.5157
6.50779
7.42626
7.50779
7.41785
13.7527
5.61471
7.50779
7.45943
7.42626
7.53138
6.42626
7.40939
7.53916
5.61471
7.50779
7.53138
6.48382
7.53916
7.71425
6.87652
7.40939
5.8413
6.50779
6.49185
7.40939
5.43463
5.85798
7.71425
5.61471
7.50779
7.53138
5.94642
7.49185
7.43463
7.46761
7.40939
7.41785
8
7.45943
7.43463
8
13.1485
7.66534
7.49185
5.87447
7.53916
7.42626
7.44294
7.40939
5.43962
7.47573
7.40939
5.93074
5.43962
7.53138
7.5157
7.42626
8
7.41785
8
6.42626
6.46761
7.71425
7.40939
8
7.40939
7.53138
7.5157
6.50779
7.45121
6.43463
6.54689
5.93074
5.43962
7.53138
5.41278
6.48382
5.85798
6.48382
7.49185
8
7.42626
7.5157
7.45121
0.474948
9.24745
7.66534
8
5.85798
4.70044
7.53138
7.41785
8
7.40939
8.70431
7.77479
8
9.29692
7.42626
8
7.46761
7.41785
8
7.48382
3.41709
7.71425
5.66534
7.48382
7.42626
7.53138
6.41785
7.48382
7.43463
7.44294
7.41785
9.29692
6.48382
7.53916
7.71425
6.59246
7.50779
7.44294
7.40939
5.88264
7.47573
6.45943
7.71425
5.94642
7.43463
7.43463
6.50779
6.53138
5.61471
7.50779
7.53138
6.05166
7.44294
7.40939
7.40939
7.42626
7.49185
7.43463
7.53916
7.57743
6.5157
6.42626
7.40939
7.53916
5.61471
7.50779
6.45943
7.46761
5.87447
4.9386
7.53916
7.42626
7.45943
7.43463
7.53916
4.67646
7.49985
5.41278
7.48382
5.94642
7.53138
7.57743
6.5157
6.42626
7.40939
7.53916
6.63662
7.44294
7.42626
7.43463
8
7.49185
6.41785
7.48382
7.50779
8
9.29692
7.87652
7.45943
7.42626
5.86625
7.48382
7.5157
5.18587
6.50779
6.49185
7.40939
5.43463
7.44294
7.45943
7.47573
6.63662
7.44294
7.5157
6.5157
7.71425
7.5157
7.50779
8
7.42626
7.53916
7.5157
7.49185
7.43463
7.43463
7.54689
7.45121
6.48382
7.53916
7.71425
7.5157
7.43463
7.43463
7.43463
8
7.41785
7.43463
7.43463
7.41785
7.45943
6.42626
7.54689
5.94642
6.49185
6.43463
7.45943
7.47573
5.61471
7.50779
7.53138
6.48382
7.53916
7.71425
7.46761
7.43463
7.42626
7.43463
7.46761
6.59246
5.86625
10.0135
3.53138
9.24745
7.66534
8
6.50779
7.42626
8
7.44294
7.53916
5.94642
6.49185
7.50779
7.40939
7.41785
7.41785
7.46761
7.42626
7.41785
7.44294
7.53916
6.59246
7.44294
5.94642
7.53138
7.57743
7.40939
8
7.49985
6.05166
5.85798
7.50779
5.85798
6.48382
7.45943
7.48382
7.40939
7.41785
7.43463
6.49185
7.50779
7.53916
4.67646
7.49985
5.00749
7.53138
8
7.49185
7.41785
6.46761
5.43962
7.53138
6.48382
7.53916
7.71425
7.66534
7.49185
7.43463
6.50779
7.53138
6.63662
7.44294
7.5157
6.5157
7.71425
4.88264
7.46761
4.42253
7.71425
6.59246
7.50779
7.44294
7.40939
5.88264
7.47573
6.45943
7.71425
5.94642
7.43463
7.43463
6.50779
6.53138
5.61471
7.50779
7.53138
7.5157
7.49185
7.44294
7.48382
7.47573
8
7.44294
7.53916
6.14975
6.42626
7.5157
7.41785
8
7.43463
6.42626
5.89885
7.44294
8
8.70431
7.77479
8
9.29692
5.94642
6.49185
5.92283
6.48382
7.45943
7.41785
6.46761
5.43962
6.53138
5.29155
6.50779
5.87447
5.43962
7.47573
6.45943
7.71425
7.53138
8
8
7.40939
7.45121
4.67646
7.49985
6.02975
7.55459
7.42626
8
7.40939
7.71425
7.47573
7.42626
7.41785
7.41785
7.45121
8
9.29692
6.59991
7.47573
8
6.42626
6.50779
7.42626
7.41785
8
7.45943
7.42626
7.41785
7.43463
7.5157
7.43463
7.53916
5.61471
7.50779
7.53138
6.48382
7.53916
7.71425
4.88264
7.46761
7.43463
6.43463
7.42626
7.54689
7.41785
7.53138
7.41785
7.45943
6.42626
7.54689
7.42626
7.40939
7.41785
8
6.44294
7.53916
5.94642
7.43463
8
8
7.41785
7.47573
6.44294
7.53916
8.68065
7.5157
6.42626
7.53138
7.46761
8
5.45121
12.1827
7.40939
8
7.40939
7.53138
6.02975
7.42626
7.48382
6.53138
7.40939
5.43962
6.53138
6.63662
7.44294
7.5157
7.45121
7.41785
7.42626
7.43463
7.42626
7.44294
7.42626
7.41785
7.48382
7.5157
6.49185
7.53138
5.5157
5.94642
7.47573
7.5157
6.50779
7.42626
6.42626
7.40939
7.45121
7.42626
8
9.29692
7.5157
6.49185
7.53138
4.88264
6.46761
7.53138
5.41278
6.48382
5.85798
6.48382
7.49185
7.41785
6.46761
7.5157
7.45943
7.42626
7.48382
6.59246
5.88264
6.50779
7.43463
6.48382
7.43463
7.41785
8
6.53138
5.63662
7.42626
7.40939
8
8
6.42626
7.46761
7.42626
7.41785
7.48382
5.94642
7.43463
8
8
13.1485
7.5157
6.50779
5.42626
7.46761
7.43463
7.53916
7.5157
6.50779
7.45121
7.43463
7.43463
5.43463
7.44294
7.45943
8
7.47573
5.42626
7.46761
7.43463
7.53916
7.5157
6.49185
7.53138
7.46761
7.43463
7.42626
7.43463
7.46761
7.59246
7.43463
7.53916
7.45943
7.53138
7.40939
7.48382
6.45121
7.5157
7.42626
8
7.45121
6.42626
7.46761
7.43463
7.53916
5.94642
6.49185
5.92283
6.48382
7.45943
7.41785
6.46761
5.43962
7.53138
4.88264
7.46761
4.42253
7.71425
6.45943
7.41785
7.41785
5.50779
7.54689
8
7.43463
7.42626
7.43463
7.43463
7.42626
8
7.53138
6.59246
7.44294
7.43463
7.47573
7.44294
7.49185
7.49185
5.89077
6.50779
7.49185
6.41785
7.48382
6.42626
13.1485
4.88264
7.46761
7.42626
7.48382
5.61471
7.50779
7.53138
7.48382
7.41785
7.44294
7.53916
6.63662
7.44294
7.42626
7.43463
8
7.49185
6.41785
7.48382
7.50779
7.53916
7.40939
8
7.40939
7.53138
5.94642
6.49185
6.50779
7.45121
7.42626
7.53138
6.47573
7.45121
8
5.96193
4.70044
5.94642
6.53138
3.41709
7.71425
6.48382
7.53916
7.71425
7.46761
7.43463
7.42626
7.43463
7.46761
4.42253
7.71425
7.59246
7.48382
6.49185
7.53916
6.41785
7.40939
7.71425
7.48382
8
6.47573
6.42626
7.40939
8
7.43463
7.40939
8
7.44294
7.53916
6.87652
7.43463
7.50779
7.50779
5.53138
7.47573
7.42626
7.44294
7.53916
6.02975
7.42626
7.48382
6.59246
5.85798
6.45121
7.41785
7.48382
7.5157
6.49185
7.53138
7.59246
7.40939
8
6.63662
7.43463
7.42626
8
7.40939
8
6.49185
7.43463
7.43463
8
9.29692
5.00749
5.53138
7.47573
7.42626
7.48382
6.59246
5.88264
6.50779
7.43463
6.48382
7.43463
7.41785
8
7.53138
7.5157
6.49185
7.53138
5.5157
5.94642
7.47573
7.53138
7.43463
7.41785
8
7.45943
7.42626
7.41785
8
9.29692
7.40939
8
7.40939
7.53138
7.87652
7.41785
7.44294
7.5157
7.49185
7.49185
6.41785
6.48382
6.46761
6.48382
7.49185
6.41785
7.48382
7.53138
7.5157
6.50779
5.42626
7.46761
7.49185
6.49185
7.71425
6.00749
5.89885
7.76155
7.42626
8
9.29692
9.79279
8
8
7.42626
7.43463
7.45121
7.40939
8
8
8
8
8
7.87652
7.45943
7.47573
6.63662
7.44294
7.5157
7.49185
7.43463
7.43463
7.54689
7.45121
7.59246
7.48382
6.49185
7.53916
6.41785
7.40939
7.71425
4.88264
7.46761
4.42253
7.71425
6.48382
6.49185
7.50779
7.53138
7.43463
7.42626
8
7.53138
6.02975
7.42626
7.48382
5.73471
5.14568
7.76155
7.40939
7.43463
5.22497
7.53138
7.41785
8
6.45121
7.49185
4.42253
7.71425
5.73471
7.46761
7.5157
7.5157
7.42626
8
7.48382
7.54689
6.45943
7.41785
6.42626
7.42626
6.45943
7.71425
5.63662
7.42626
7.43463
7.45121
4.88264
7.46761
4.42253
7.71425
7.57743
7.40939
8
7.46761
7.42626
7.43463
7.43463
7.42626
8
7.53138
7.5157
6.49185
7.53138
5.5157
5.94642
7.47573
6.56224
6.45121
6.49185
6.53138
7.59246
7.47573
8
7.43463
8
9.29692
7.40939
8
7.40939
7.53138
7.5157
7.50779
7.53916
6.48382
7.53916
7.71425
7.57743
7.45121
7.47573
7.43463
6.45943
7.71425
7.40939
8
7.40939
7.53138
6.53138
7.40939
7.49185
7.41785
6.41785
7.40939
7.71425
7.5157
6.49185
7.53138
7.59246
7.40939
8
7.73471
7.42626
7.42626
8
7.40939
7.43463
7.54689
7.45121
5.61471
7.50779
7.53138
6.63662
7.43463
7.42626
8
7.40939
8
6.49185
7.43463
7.43463
8
13.1485
7.5157
6.50779
7.42626
8
7.48382
6.53138
7.40939
7.42626
7.43463
7.53138
7.63662
7.43463
7.49185
7.44294
5.89885
7.5157
7.45121
7.40939
8
7.40939
7.53138
5.5157
5.94642
7.47573
5.00749
7.53138
7.47573
7.42626
6.48382
7.46761
6.45943
7.71425
6.59991
7.47573
7.40939
7.40939
7.46761
6.55459
7.53138
6.87652
7.42626
8
7.41785
7.43463
7.43463
7.42626
7.41785
7.48382
5.63662
7.42626
7.43463
7.45121
6.48382
7.53916
7.71425
7.46761
7.43463
7.42626
7.43463
7.46761
4.42253
7.71425
5.63662
7.42626
7.41785
7.40939
7.53138
6.41785
7.40939
7.71425
5.41278
6.48382
7.44294
7.43463
7.49185
7.49185
7.41785
5.56224
7.45121
6.02975
7.42626
7.48382
6.59246
5.85798
6.45121
7.41785
7.48382
5.5157
5.94642
7.47573
6.00749
7.42626
8
7.49985
7.43463
7.45121
6.05166
7.44294
7.45943
7.41785
7.45943
7.5157
7.45943
7.42626
8
9.29692
5.00749
5.53138
7.47573
7.42626
7.48382
6.59246
5.88264
6.50779
7.43463
6.48382
7.43463
7.41785
8
7.53138
6.48382
7.53916
7.71425
7.57743
6.48382
5.45943
7.50779
6.42626
7.40939
5.42626
7.46761
6.43463
7.53138
5.47573
7.53916
7.5157
6.49185
7.53138
7.45943
7.42626
7.42626
7.50779
7.44294
7.53916
7.44294
7.42626
8
6.49185
7.45943
7.76155
7.42626
7.44294
8
13.9204
8
8
8
7.59246
7.42626
7.43463
7.42626
7.48382
7.57743
5.89885
5.53138
6.49185
5.96193
7.50779
8
9.29692
7.5157
7.42626
8
6.43463
7.54689
7.45121
8
7.48382
7.5157
6.49185
7.53138
6.59991
7.47573
7.40939
7.40939
7.46761
7.42626
7.42626
7.48382
6.54689
6.5157
7.41785
8
5.85798
7.71425
5.61471
7.50779
7.53138
6.48382
7.53916
7.71425
6.14975
6.42626
7.5157
7.41785
8
7.43463
6.42626
6.46761
7.71425
4.88264
7.46761
7.43463
6.43463
7.42626
7.54689
7.41785
7.53138
7.41785
7.45943
6.42626
7.54689
5.61471
7.50779
7.53138
6.02975
7.59246
5.44294
7.43463
6.5157
6.46761
7.5157
8
9.29692
5.61471
6.50779
6.50779
5.42626
7.46761
7.42626
6.46761
7.71425
5.5157
5.94642
7.47573
6.29155
5.44294
7.43463
7.76155
7.40939
7.43463
6.42626
9.68904
0.474948
9.24745
7.66534
8
7.43463
8
5.43962
7.47573
7.41785
7.48382
5.5157
5.94642
6.47573
6.14975
7.43463
7.56224
7.40939
8
5.86625
7.76155
7.42626
7.48382
7.5157
6.42626
7.40939
7.41785
7.56224
7.47573
7.44294
7.71425
7.5157
6.50779
7.42626
8
7.44294
7.53916
6.00749
7.42626
8
7.49985
7.43463
6.49185
7.50779
7.53916
7.59246
7.40939
7.40939
5.53138
7.49185
7.53138
7.40939
8
7.40939
7.40939
7.45943
7.5157
7.45121
7.5157
7.49185
7.42626
7.43463
7.54689
7.40939
7.48382
7.40939
7.45943
6.42626
7.54689
5.94642
6.49185
7.50779
7.53138
7.41785
7.40939
8
7.45943
7.40939
13.1485
7.5157
6.50779
7.42626
8
7.44294
7.53916
5.94642
6.49185
7.50779
7.40939
7.41785
7.41785
7.46761
7.42626
7.41785
7.44294
7.53916
6.02975
7.42626
7.44294
7.53916
7.57743
7.40939
7.40939
6.50779
7.42626
7.42626
5.93074
5.43962
7.53138
7.40939
8
7.40939
7.53138
5.63662
7.42626
7.40939
7.40939
7.50779
7.53138
7.59246
7.48382
5.90689
7.55459
7.54689
7.45121
6.59246
6.50779
7.49185
7.41785
7.41785
7.41785
7.41785
7.48382
7.87652
6.40939
6.41785
7.40939
7.42626
5.45121
5.56224
7.45121
7.5157
6.50779
5.42626
7.46761
7.71425
7.46761
7.43463
7.42626
7.43463
7.46761
7.59246
8
9.29692
7.40939
8
7.40939
7.53138
7.5157
7.50779
7.53916
6.48382
7.53916
7.71425
6.05166
7.44294
7.45943
7.41785
6.48382
6.54689
6.5157
7.71425
5.61471
7.50779
7.53138
7.87652
7.5157
7.45121
7.53138
7.40939
8
7.40939
7.53138
6.53138
7.40939
7.71425
5.99247
7.49985
7.44294
7.42626
7.42626
6.5157
7.42626
7.41785
7.48382
5.94642
6.49185
7.50779
7.40939
7.41785
7.41785
7.46761
7.42626
7.41785
7.44294
7.53916
5.63662
6.42626
6.44294
7.53138
7.40939
7.41785
6.43463
7.40939
7.44294
7.53916
7.5157
6.49185
7.53138
5.5157
5.94642
7.47573
6.63662
7.43463
7.42626
8
7.40939
8
6.49185
7.43463
7.43463
8
9.29692
3.41709
7.71425
7.48382
7.41785
7.44294
7.53916
5.59246
7.42626
7.5157
7.49185
5.88264
6.50779
7.45121
8
7.49185
7.41785
8
7.44294
7.53916
5.41278
7.48382
7.53138
8
7.42626
6.49185
7.40939
7.43463
7.42626
7.53138
7.59246
7.45943
6.49185
7.50779
8
13.1485
4.88264
7.46761
4.42253
7.71425
7.59246
7.40939
7.40939
6.43463
7.54689
8
7.43463
7.43463
7.43463
8
6.49185
7.40939
5.43463
5.85798
7.71425
5.61471
7.50779
7.53138
4.1964
5.59246
7.57743
7.57743
7.48382
5.18587
7.50779
7.50779
7.53916
5.00749
5.53138
7.47573
7.53138
5.94642
7.49185
7.43463
7.46761
7.40939
7.41785
8
6.45943
7.71425
7.5157
7.50779
7.53916
4.88264
6.46761
6.53138
6.59246
7.41785
8
7.46761
7.42626
7.42626
7.48382
7.57743
7.40939
8
7.49985
5.94642
6.49185
6.50779
7.45121
7.43463
6.45943
7.46761
7.49185
8
7.49185
8
8.70431
7.77479
8
9.29692
5.94642
6.49185
5.92283
6.48382
7.45943
7.41785
7.46761
6.45121
12.1485
7.63662
6.43463
5.96193
6.50779
7.48382
5.5157
5.94642
7.47573
7.45943
7.53138
6.40939
7.42626
7.42626
8
7.41785
8
5.86625
7.48382
6.59246
5.88264
6.50779
7.43463
6.48382
7.43463
7.41785
8
6.53138
6.87652
7.42626
8
7.43463
8
7.54689
7.45121
7.48382
6.53138
5.61471
7.50779
7.53138
7.40939
8
7.40939
8
9.29692
5.63662
7.42626
7.43463
7.45121
7.87652
7.40939
7.43463
7.43463
7.5157
8
9.29692
0.474948
9.24745
7.66534
8
7.53916
7.71425
7.59246
7.48382
7.43463
7.42626
7.42626
6.45121
7.41785
8
7.42626
6.41785
7.40939
7.71425
6.63662
7.44294
7.5157
6.5157
7.71425
5.61471
6.50779
1
0.584963
6.5157
6.46761
7.50779
6.45121
4.9386
7.53916
7.5157
7.45121
7.5157
6.50779
5.42626
7.46761
7.43463
7.53916
7.46761
7.43463
7.42626
7.43463
7.46761
7.59246
7.43463
7.53916
7.5157
7.50779
7.53916
7.57743
7.40939
8
7.49985
5.41278
6.48382
7.44294
7.42626
7.41785
7.49185
7.40939
7.45121
8
9.29692
7.5157
6.50779
7.45121
7.43463
7.43463
5.43463
7.44294
7.45943
7.42626
6.48382
7.49185
6.41785
7.48382
7.53138
5.63662
7.42626
7.43463
7.40939
8
7.40939
7.53138
6.53138
7.40939
7.47573
7.49985
7.40939
8
7.40939
7.53138
6.53138
7.40939
7.42626
7.43463
7.54689
7.45121
4.88264
7.46761
4.42253
7.71425
5.63662
7.42626
7.43463
7.45121
6.63662
7.44294
7.42626
7.43463
8
7.49185
6.41785
7.48382
8
8.70431
6.18982
7.41785
12.1485
6.87652
7.40939
7.46761
7.40939
8
7.40939
7.53138
5.5157
5.94642
7.47573
6.00749
7.42626
8
7.49985
7.43463
7.45121
5.61471
7.50779
7.53138
6.63662
7.43463
7.42626
8
7.40939
8
6.49185
7.43463
7.43463
7.53916
6.02975
7.42626
7.48382
7.5157
7.50779
7.53916
4.88264
7.46761
7.42626
7.48382
5.61471
7.50779
7.53138
7.48382
7.41785
7.44294
7.53916
7.57743
6.5157
6.42626
7.40939
7.53916
5.41278
6.48382
7.44294
7.40939
7.46761
5.96963
7.50779
8
9.29692
6.59246
5.85798
6.45121
7.41785
7.48382
7.5157
6.49185
7.53138
2.75803
6.71425
7.40939
5.12928
7.78136
6.59246
6.50779
6.53138
6.61471
7.45121
6.44294
7.43463
8
7.42626
7.44294
7.42626
7.41785
6.42626
7.46761
7.5157
4.70044
5.94642
7.53138
7.57743
6.5157
6.42626
7.40939
7.53916
5.61471
7.50779
7.53138
7.47573
7.40939
7.40939
4.73471
3.73471
7.78136
5.73471
7.46761
7.43463
7.44294
7.44294
7.53916
7.5157
6.49185
7.53138
7.5157
6.50779
6.45121
6.44294
6.40939
6.41785
7.40939
5.86625
13.9204
8
6.17659
4.42253
7.71425
5.94642
7.43463
7.54689
7.45121
7.53916
7.42626
8
5.89077
7.50779
7.42626
8
8
4.49985
7.53138
6.41785
7.48382
7.50779
8
9.29692
5.63662
7.42626
7.43463
7.45121
7.46761
7.44294
7.40939
6.43463
7.43463
5.61471
7.50779
7.53138
6.48382
7.53916
7.71425
6.59246
7.44294
8
7.43463
8
7.40939
7.45943
6.42626
7.54689
7.5157
6.50779
6.45121
6.44294
6.40939
6.41785
7.40939
6.45121
7.53916
7.71425
5.61471
7.50779
7.53138
7.45943
7.53138
7.40939
7.48382
6.45121
7.41785
8
7.42626
6.41785
7.40939
7.71425
7.57743
7.5157
7.41785
8
7.45121
6.42626
7.46761
8
9.29692
7.73471
8
7.49185
6.42626
7.53138
7.40939
8
7.40939
7.53138
7.5157
6.50779
5.42626
7.46761
7.71425
7.5157
7.50779
7.53916
4.88264
7.46761
4.42253
6.71425
0.474948
9.24745
7.66534
8
7.41785
5.85798
7.50779
7.42626
7.41785
7.41785
7.45943
7.42626
7.43463
7.43463
7.42626
8
7.53138
7.57743
7.40939
8
7.49985
7.5157
6.50779
7.45121
6.43463
6.54689
5.93074
7.76155
8
6.42626
7.42626
7.41785
7.43463
7.5157
8
8.70431
6.18982
7.41785
9.68904
0.474948
9.24745
7.66534
8
7.40939
7.49185
8
6.53916
7.50779
7.49985
7.44294
7.53916
5.61471
7.50779
7.53138
4.88264
6.46761
6.53138
6.00749
7.42626
8
7.49985
7.43463
7.45121
7.40939
8
7.40939
7.53138
5.59246
7.42626
7.5157
7.43463
7.53916
4.88264
7.46761
4.42253
7.71425
6.14975
7.43463
7.56224
7.40939
8
7.42626
6.41785
7.40939
7.71425
6.59246
5.85798
6.45121
7.41785
7.48382
5.63662
7.42626
7.40939
7.40939
7.50779
7.53138
5.94642
7.49185
7.43463
7.43463
8
5.48382
5.56224
7.45121
7.40939
8
8
7.41785
7.45121
7.42626
7.42626
7.48382
6.54689
6.5157
7.41785
8
5.85798
7.71425
6.63662
7.44294
7.5157
6.5157
7.71425
6.5157
7.43463
7.43463
7.40939
6.46761
7.5157
7.45121
5.94642
7.49185
7.43463
7.46761
7.40939
7.41785
8
7.45943
7.43463
8
9.29692
5.59246
7.42626
7.5157
7.49185
5.88264
6.50779
7.45121
8
7.49185
7.41785
8
7.48382
3.41709
7.71425
7.59246
7.40939
8
7.46761
7.42626
7.42626
7.43463
5.41278
7.48382
5.94642
7.53138
4.88264
6.46761
7.53138
5.5157
5.53138
7.49185
6.43463
7.43463
7.42626
7.41785
7.48382
7.44294
7.41785
8
6.47573
7.45121
7.42626
7.43463
6.53138
5.61471
7.50779
7.53138
7.53138
7.40939
7.5157
7.42626
7.46761
7.43463
7.44294
7.44294
7.53916
4.67646
7.49985
5.41278
7.48382
5.94642
7.53138
4.88264
7.46761
4.42253
7.71425
7.59246
8
7.42626
7.41785
7.42626
7.43463
7.41785
7.45943
6.42626
7.54689
7.57743
7.40939
8
7.49985
7.59991
7.41785
7.42626
7.42626
7.43463
7.45121
6.46761
6.76155
6.41785
7.48382
8
8.70431
7.77479
8
9.29692
7.5157
7.42626
8
7.41785
8
6.42626
7.46761
6.45121
9.68904
0.474948
9.24745
7.66534
8
6.50779
7.42626
7.48382
7.53138
5.59246
7.42626
7.5157
7.49185
5.88264
6.50779
7.45121
8
7.49185
7.41785
8
7.48382
7.5157
7.50779
7.53916
4.88264
6.46761
7.53138
5.94642
7.42626
7.40939
8
7.48382
7.5157
6.49185
7.53138
7.48382
7.41785
7.44294
7.53916
6.63662
7.44294
7.42626
7.43463
8
7.49185
6.41785
7.48382
7.50779
7.53916
7.5157
6.49185
7.53138
7.48382
7.41785
7.44294
7.53916
7.40939
8
7.40939
7.53138
6.59246
6.50779
7.53138
5.41278
7.48382
7.53138
7.44294
7.53138
8
7.40939
7.40939
7.53138
7.5157
6.50779
7.42626
7.41785
7.41785
7.40939
7.41785
7.53916
7.5157
7.45121
5.5157
5.94642
1
7.48382
8.39232
6.47573
6.42626
7.40939
8
7.43463
7.40939
8
7.48382
7.59246
8
13.1485
7.5157
6.50779
5.42626
5.88264
7.50779
7.49985
7.44294
7.53916
5.41278
7.48382
7.53138
8
5.43463
5.97728
7.45121
7.41785
8
7.49185
7.47573
7.41785
7.48382
4.88264
6.46761
6.53138
6.00749
7.42626
8
7.49985
7.43463
7.45121
7.53138
7.40939
7.53138
7.41785
8
8
9.29692
7.40939
8
7.40939
7.53138
6.02975
7.42626
7.48382
5.94642
6.49185
6.50779
7.45121
7.42626
7.53138
5.89077
7.50779
7.53138
3.41709
7.71425
6.59991
7.47573
7.40939
7.40939
7.46761
7.42626
7.42626
7.48382
6.54689
6.5157
7.41785
8
7.44294
8
9.29692
7.5157
6.49185
7.53138
4.88264
7.46761
7.42626
7.48382
5.73471
7.46761
7.45943
8
8
7.49185
6.41785
7.48382
8
9.29692
7.40939
8
7.40939
7.53138
5.63662
7.42626
7.42626
7.48382
6.49185
7.40939
5.43463
7.44294
7.45943
7.42626
6.48382
7.49185
6.41785
7.48382
7.53138
7.59246
7.49985
7.41785
8.8392
7.48382
7.41785
7.48382
6.53138
6.40939
4.70834
7.53138
7.42626
1.63807
8.70431
7.77479
8
9.29692
7.87652
6.40939
6.41785
7.40939
7.42626
7.50779
5.8413
13.9204
8
7.49185
5.87447
7.53916
7.42626
7.44294
7.40939
5.43962
7.47573
7.40939
5.93074
5.43962
7.53138
6.53138
7.40939
7.49185
8
7.53916
7.71425
6.59246
7.44294
7.41785
7.42626
7.49185
7.53138
6.48382
7.53916
7.43463
7.53916
7.48382
8
7.41785
6.45121
7.40939
7.46761
7.42626
7.43463
7.42626
6.53138
5.96963
7.50779
7.53916
5.61471
7.50779
7.53138
7.59246
7.40939
8
5.59246
7.42626
7.5157
7.49185
7.49185
7.40939
7.40939
8
9.68904
0.474948
9.24745
7.66534
8
7.50779
7.53916
6.61471
7.45121
7.42626
7.40939
7.41785
8
7.43463
6.45943
6.47573
5.41278
6.48382
7.44294
7.42626
7.44294
7.5157
7.5157
7.5157
7.45121
7.48382
7.41785
7.48382
7.40939
8
7.40939
7.53138
7.46761
7.42626
7.46761
7.49985
7.44294
7.53916
7.5157
6.49185
7.53138
7.48382
7.41785
7.44294
7.53916
6.63662
7.44294
7.42626
7.43463
8
7.49185
6.41785
7.48382
7.50779
7.53916
7.46761
7.43463
7.42626
7.43463
7.46761
7.59246
7.42626
7.41785
7.44294
7.53916
5.41278
7.48382
5.94642
7.53138
7.48382
7.41785
7.48382
7.40939
8
7.40939
7.53138
5.14568
7.43463
7.41785
7.49985
7.44294
7.53916
7.5157
6.49185
7.53138
7.48382
7.41785
7.44294
7.53916
7.59246
7.40939
7.40939
6.43463
7.54689
8
7.43463
7.43463
7.43463
8
7.49185
6.41785
7.48382
7.50779
7.53916
3.41709
7.71425
6.48382
7.53916
7.5157
7.49185
5.86625
7.48382
7.63662
7.41785
6.53916
7.44294
8
8
9.29692
7.63662
6.43463
5.96193
6.50779
7.48382
7.59246
7.49985
7.41785
8.8392
6.00749
7.48382
7.49185
7.45121
7.46761
7.49985
7.44294
7.53916
7.40939
8
7.40939
7.53138
5.5157
5.94642
7.47573
6.59246
7.41785
7.42626
7.42626
7.48382
5.61471
7.50779
7.53138
7.73471
7.42626
7.41785
8
8
7.41785
7.53916
7.43463
7.53916
6.59991
7.47573
7.40939
7.40939
7.46761
5.96963
7.50779
7.53916
7.40939
8
7.40939
7.53138
6.59246
6.50779
7.53138
6.87652
7.42626
8
7.41785
7.43463
7.43463
5.43962
7.53138
6.59246
7.44294
5.94642
7.53138
6.48382
7.53916
7.43463
7.53916
7.57743
7.45121
7.47573
7.43463
7.45943
7.43463
8
10.9166
7.48382
7.41785
7.44294
7.53916
7.48382
8
6.47573
6.42626
7.40939
8
7.43463
7.40939
8
7.44294
7.53916
6.87652
7.43463
7.50779
7.50779
5.53138
7.47573
7.42626
7.44294
7.53916
5.59246
7.49985
5.73471
7.42626
8
8
8
8.70431
7.77479
8
9.29692
7.5157
7.42626
8
7.41785
8
6.42626
7.46761
6.45121
13.1485
5.5157
5.94642
7.47573
7.57743
7.5157
7.41785
8
7.45121
6.42626
7.48382
7.48382
6.61471
7.45121
7.42626
7.43463
7.53138
7.40939
8
7.40939
7.53138
6.53138
7.40939
7.47573
7.49985
7.40939
8
7.40939
7.53138
6.59246
7.50779
7.44294
7.40939
8
5.56224
7.45121
7.5157
6.50779
7.42626
6.42626
7.40939
7.45121
7.44294
5.43962
7.47573
7.41785
7.48382
7.5157
6.50779
5.42626
7.46761
7.71425
7.46761
7.43463
7.42626
7.43463
7.46761
4.42253
7.71425
7.5157
7.42626
8
6.43463
7.54689
7.45943
7.41785
6.48382
7.49185
7.41785
7.46761
7.45943
7.47573
5.99247
7.49985
7.41785
7.45121
7.42626
7.40939
6.42626
5.14568
5.43962
7.47573
7.41785
7.48382
7.48382
8
8
6.45121
6.54689
6.5157
6.50779
6.48382
7.49185
6.41785
7.48382
7.53138
7.48382
7.41785
7.44294
7.53916
6.59246
7.41785
8
7.46761
7.42626
6.42626
7.44294
7.53916
5.61471
7.50779
7.53138
5.41278
6.48382
7.44294
7.43463
5.89885
5.47573
7.59246
7.42626
7.43463
7.43463
7.42626
8
7.53138
5.41278
7.48382
5.94642
7.53138
6.48382
7.53916
7.71425
7.40939
8
8
7.41785
7.45121
7.42626
7.48382
4.67646
7.49985
6.48382
7.53916
7.71425
6.59991
7.47573
7.40939
7.40939
7.46761
7.42626
7.42626
7.48382
6.54689
6.5157
7.41785
8
5.85798
7.71425
6.63662
7.44294
7.5157
6.5157
7.71425
7.46761
7.42626
7.54689
7.45121
5.00749
5.94642
7.55459
7.57743
7.48382
7.40939
7.40939
7.43463
6.5157
7.71425
6.48382
7.53916
7.71425
7.5157
7.43463
7.43463
7.43463
8
7.41785
7.43463
7.43463
7.41785
7.45943
7.42626
7.41785
13.1485
6.59246
5.88264
6.50779
7.43463
6.48382
7.43463
7.41785
8
6.53138
7.59246
7.48382
7.49185
7.47573
7.40939
7.53138
7.42626
8
7.53138
7.40939
8
7.40939
7.53138
5.94642
6.49185
6.50779
7.45121
7.42626
7.53138
5.89077
5.50779
7.54689
7.45121
3.41709
7.71425
6.48382
7.53916
7.71425
6.05166
7.44294
6.49185
7.44294
7.40939
7.46761
7.41785
7.46761
7.71425
7.57743
6.5157
6.42626
7.40939
7.53916
6.87652
7.42626
7.43463
8
5.43463
7.44294
6.76155
6.41785
7.48382
8
5.2442
9.79279
8
8
7.42626
7.43463
7.45121
7.40939
8
8
7.41785
13.7527
6.59246
5.85798
6.45121
7.41785
7.48382
6.48382
7.53916
7.71425
7.57743
6.45121
7.40939
7.46761
6.42626
7.54689
5.61471
7.50779
7.53138
6.63662
7.44294
7.42626
7.43463
8
7.49185
6.41785
7.48382
7.50779
7.53916
5.94642
6.49185
7.43463
7.42626
8
7.43463
7.42626
7.53138
6.00749
5.43962
6.53138
3.41709
7.71425
6.48382
7.53916
7.71425
7.46761
7.43463
7.42626
7.43463
7.46761
8
