43
6
6
2.18763
4.15571
3.0614
4.35755
3.24793
4.54019
6
6
6
6
6.12516
3
2.18763
9.24317
6
4.45943
4.49185
5.45943
6.0954
6.52356
5.64386
4.45943
3.24793
6.12516
3
2.18763
4.71961
6
6
6
6
1.97728
6.24793
1.70044
4.65208
2.03562
3.26679
7.16993
5.39232
5.61471
5.02237
6.44294
5.85798
5.24793
1.17932
6.88264
5.52356
4.75489
6.37504
3
2.18763
4.92125
6
6
6
6
5.97728
3.36923
3.26849
3.51307
1
5.86212
5.52356
2.21573
5.86212
5.52356
4.75489
6.37504
6
6
6
6
4.54019
3.33703
6.15987
3.89077
3.07039
6.80735
3.96963
5.18587
5.52356
4.75489
6
6
6
6
6
3
2.18763
4.15571
3.0614
4.35755
3.24793
4.98765
2.21412
6.26679
5.30378
6.02237
3.45943
3.22239
2.89077
4.80735
1
4.54019
4.06609
5.72792
5.64386
2.34136
5.14296
1.32193
3.18322
2.1803
5.13955
2.61005
6.58496
7.16993
6.18982
4.38466
5.1375
3
2.18763
3.75132
2.07039
6.24793
5.80735
4.36457
1.70044
4.87447
2.71786
4.92057
3.43741
6.02237
5.58496
5.61471
6.44294
4.27302
4.91648
3.0614
4.35755
3.24793
3.44708
4.23742
1.9027
4.43741
7.36632
6.39232
3.45943
6.24793
3.45943
3.22239
3.30581
6.16993
3.24793
6.12516
2.34792
3.20945
4.87774
2.9386
6.04439
5.58496
6.24793
5.58496
3.3505
3.57491
4.16993
1.17932
5.29768
4.05063
3.88264
3.35755
7.91289
4.97728
6.02237
5.64386
6.26679
5.22239
5.49185
3.67807
3.22239
2.89077
3.34792
4.71961
5.94251
5.02237
1
5.67243
6.39232
6
6
6
6.13955
5.80735
6.91886
3.90689
3.58496
5.64386
6.40939
6.24793
6.12928
5.56986
2.34792
5.90207
5.02237
4.43741
5.67243
5.64386
3.05889
5.18587
5.52356
3.08246
2.82782
6.39232
3.55459
6.77347
2.34792
6.63904
1
4.35755
5.58496
3.3505
2.35252
5.65821
5.52356
3.08246
2.82782
6.39232
6
6
6
6
3.97982
5.52356
4.24793
6.18982
3.55459
6.0954
5.52356
3.45943
4.80735
3.92057
6.65821
2.70044
5.32193
5.76818
2.71786
7.72792
1.39486
1.26497
3.36602
6.2854
3.34239
4.91648
6
5.61471
2.88264
2.66297
7.91289
6.39232
6.24793
6.14975
6
5.49185
2.70044
5.32193
7.76818
6
6
6
6
3
2.18763
5.65821
3.35364
7.12928
6
4
6.63904
5.78136
3.32193
3.24793
3.98765
3.61599
6.14975
5.52356
3.53605
7.72792
5.14975
5.78136
0.895303
6.21917
1.76553
4.18587
3.54019
6.80735
6
5.55459
6.32193
6.39232
3.24793
6.86212
3.05063
5.78136
0.895303
3.41181
1.32193
3.18322
6.39232
6
6
6
5.24793
1.17932
4.56071
1.70722
7.91289
5.97728
4.78136
3.61471
6.37504
3.34239
5.2384
6
6
6
6
6.12516
3
2.18763
6.65821
2.70044
5.32193
3.09954
4.55459
6
6
6
6
6.18982
6.94251
5.9542
2.80735
3.79518
3.96963
4.32193
2.38933
4.18322
3.61599
6.02237
6
3.80735
6.94251
2.2854
4.87447
2.71786
4.92057
3.70044
6
6
6
6
5.9542
6.46761
1.49304
5.18587
3.35364
1.32193
2.12433
6.39232
6
6
6
4.1964
2.66297
7.91289
6.39232
3.24793
4.54019
6
6
6
6
5.20945
5.83289
6.26679
3.24793
5.86212
5.52356
3.08246
6
6
6
6
6.76818
5.94251
5.55459
6
3.85244
5.35755
5.85798
5.24793
1.49304
6.39232
6
6
6
6
6
6
6.12928
4.91648
3.0614
6.35755
4.91648
2.03562
3.26679
4.58496
5.78136
4.32193
6.24793
4.55459
5.64386
7.12928
6
6
5.45943
7.16993
6.18982
5.13955
4.05063
3.07529
6.72792
5.67243
5.55459
3.73697
4.89077
6.39232
4.55459
2.07039
1
7.13955
1.70722
5.59096
5.78136
4.52356
4.67243
6.2854
3.85244
5.35755
4.27302
4.65344
5.52356
4.75489
6.37504
3
4.62059
7.16993
6.18982
5.55459
5.61471
6.84549
5.88264
5.61471
6.35755
4.43105
3
2.18763
6.65821
2.70044
5.32193
3.09954
7.13955
4.27302
5.52356
6.30378
5.55459
5.32193
3.09954
4.55459
2.03562
3.26679
5.16993
5.47573
1.9027
3.32193
6.13955
5.52356
4.75489
5.37504
6
6
6
6
1.97728
6.24793
1.70044
5.1375
3
2.18763
4.92125
6
6
6
6
5.97728
3.36923
3.26849
3.51307
1
4.44708
3.59352
5.85798
7.46761
6.18982
6.94251
5.9542
6.13955
3.35364
1.32193
3.18322
4.74664
6.55459
5.75489
2.5025
3.71272
1.51887
7.36632
3.55459
3.36565
4.24793
7.19967
3.70044
5.50779
3.55459
2.54253
6.12928
6
6
6
6
3.96963
5.22882
1
6.13955
3.90689
4
5.64386
4.92125
2.61005
2.67807
6.63904
4.1964
6.24793
5.02237
6
6
6
6
3.13516
3.36923
3.26849
2.29068
4.38466
4.87447
3.35364
1.32193
2.12433
6.0954
5.52356
6.04439
5.04439
4.29768
4.04439
5.2384
6.39232
6
6
6
6.26679
4.41954
2.974
4.25154
1.51887
5.04439
1
4.35962
1.70722
7.91289
6
4.72792
4.32193
4.24793
5.55459
6
5.30378
4.43741
2.04182
3.71049
3.02748
1
4.74664
2.03562
3.26679
5.16993
5.47573
1.9027
3.32193
4.81762
1.51887
7.36632
4.55459
2.03562
6.26679
4.14296
4.78136
6.44294
1.58496
4.18587
3.0614
4.35755
3.24793
6.44708
2.71786
3.92057
7.16993
6.02237
6.22882
5.88264
6.39232
5.35755
5.85798
3.24793
6.12516
3
2.18763
4.15571
1.51887
5.04439
1
4.98765
4.05063
3.88264
6.94251
2.60204
4.67807
5.90207
5.02237
1.04134
4.98765
4.05063
5.88264
5.67243
5.64386
6
5.85798
1.04134
5.86212
3.35364
1.32193
5.76818
2.21412
6.26679
5.30378
6.02237
3.45943
3.22239
2.89077
4.80735
1
7.44708
2.80735
3.20387
4.80735
5.45943
3.70044
3.77761
7.12928
5.90689
1.04134
8.44708
6
6
6
2.61005
2.67807
3.36602
6.2854
4.14975
7.16993
5.90689
1.04134
5.86212
3.35364
1.32193
6.18322
2.70044
5.32193
3.09954
5.13955
4.05063
3.88264
6.94251
2.60204
4.67807
5.90207
3.32193
3.55459
5.63597
3.07039
1.05184
7.65105
5.9542
4.55459
3
2.18763
5.65821
3.35364
1
5.78136
4.18982
6.16993
5.70044
6.24793
3.52356
3.20387
5.80735
6
5.86212
6.30378
6.18982
5.80735
2.68806
3.08746
6.76818
3
2.18763
4.71961
2.54253
3.32193
3.078
3.24286
1.9027
7.02237
4.38466
4.87447
2.71786
3.92057
7.16993
6.02237
6.22882
5.88264
6.39232
5.35755
5.85798
3.24793
4.98765
4.05063
3.07529
2.75803
1.9027
3
4.89077
2.34792
7.71425
5.85798
2.83458
3.92057
3.71049
1.49304
4.18587
1.51887
7.36632
7.13955
4.27302
5.52356
6.30378
5.55459
5.32193
3.09954
4.55459
2.07039
1
4.55459
2.03562
3.26679
4.58496
4.1964
6.94251
5.67243
3.96963
4.05889
6.44294
4.27302
4.06848
5.86212
4.30378
4.67243
6.52356
6.53916
5.52356
4.38466
4.87447
5.52356
4.75489
4.79008
3.96963
6.32193
3.87774
3.82782
5.80735
6.04439
5.50779
7.13955
1.70722
7.91289
6
4.72792
5.32193
3.92057
4.59932
3
2.18763
4.15571
1.51887
7.36632
3.55459
3.36565
6.24793
5.43741
6.39232
1.3278
5.47393
1
2.18763
4.92125
2.21412
6.26679
5.30378
6.02237
3.45943
3.22239
2.89077
4.80735
3.71049
1.49304
4.50779
4.35755
3.24793
1.52057
6.35755
5.55459
6.32193
3.58496
4.43105
3
2.18763
5.65821
5.52356
3.5325
5.61471
4.35755
3.24793
3.44708
6.77347
5.90689
6
5.55459
7.2384
2.70044
5.32193
3.09954
3.96963
2.71786
4.92057
3.70044
6
6
6
6
5.9542
6.13955
3.35364
1.32193
5.76818
5.52356
4.75489
2.6746
6.0954
5.52356
6.04439
5.04439
4.29768
4.04439
7.2384
3.90689
4
5.64386
4.59932
6.80735
6
6
6
6
6
5.52356
4.75489
5.37504
3.35364
5.54432
5.78136
4.18982
6.16993
5.70044
6
5.49185
6
6
6
3.06609
2.91254
5.16993
4.13516
3.71049
1.49304
5.18587
3.35364
1.32193
6.76818
2.62059
3.38247
6.26679
5.61471
5.61471
6.12928
2.8365
2.71272
2.70308
1
5.9542
1
3.24793
4.54019
3.0614
4.35755
3.24793
5.86212
3.35364
7.12928
6
4
6.63904
5.78136
3.32193
3.24793
5.86212
3.35364
1.32193
4.59826
3.0614
4.35755
3.24793
8.44708
3.90689
4
5.64386
4.15571
1.51887
7.36632
7.13955
4.27302
5.52356
6.30378
5.55459
5.32193
3.09954
5.13955
1.89812
3.58496
5.65344
4.05063
3.07529
5.84549
5.72792
5.55459
6
6
6
6
2.71786
3.26849
3.7761
6.30378
5.45943
6
6
6
6
4.18322
3.61599
6.02237
6
3.80735
3.24207
4.04439
6.63904
4.52356
2.12553
5.76818
2.71786
4.92057
3.70044
6
6
6
6
5.9542
6.46761
3.44057
3.8413
5.61471
4.35755
3.24793
6.44708
2.71786
3.92057
7.16993
6.02237
6.22882
5.88264
6.39232
5.35755
5.85798
3.24793
3.98765
3.61599
4.14975
2.12553
3.18322
6.39232
6
6
6
5.44626
4.06609
5.72792
6
4.3339
4.05063
3.07529
5.72792
4.01792
5.70044
6.40939
2.66297
4.74296
5.90689
3.85415
3.92057
4.16993
1.17932
5.29768
2.61005
2.67807
6.63904
6.84549
5.2384
1.89616
4.92283
7.55459
5.55459
4.60486
3.08746
6.18322
2.70044
5.32193
4.76818
4.152
3.40939
4.29768
4.45943
3.57154
4.9542
3.07039
4.53492
2.89077
1
3.75132
1.97728
5.76377
7.02237
0.866144
4.65344
3.35364
1.32193
6.18322
2.70044
5.32193
3.09954
4.55459
2.62059
3.38247
3.68182
4.29768
4.04439
4.65344
3.35364
1.32193
5.76818
5.52356
4.75489
6.37504
3.90689
4
5.64386
4.15571
3.0614
4.35755
3.24793
3.44708
4.23742
1.9027
4.43741
7.36632
6.39232
3.45943
6.24793
3.45943
3.22239
3.30581
6.16993
3.24793
7.44708
5.80735
4.91886
1.51887
7.36632
3.23266
3.61599
1
5.90689
2.67807
6.63904
4.52356
5.78136
0.895303
3.41181
5.12928
4.97728
5.02237
5.64386
4.55459
3
2.18763
4.15571
3.0614
4.35755
3.24793
4.98765
2.21412
6.26679
5.30378
6.02237
3.45943
3.22239
2.89077
4.80735
1
2.95523
5.63973
3.70044
3.77761
7.12928
5.90689
1.04134
4.05477
2.07039
3.44057
3.08746
5.44626
3.06609
7
6
5.52356
6.74147
3.85244
5.35755
4.27302
4.65344
3.35364
1.32193
4.59826
3.0614
4.35755
3.24793
6
6
6
6
5.88264
2.9386
6.40939
3.32193
3.24793
6
6
6
5.45943
6
6
6
6
5.24793
6.24793
6
2.18763
4.15571
3.0614
4.35755
3.24793
4.54019
6
6
6
6
6.12516
3
2.18763
9.24317
6
4.45943
4.49185
5.45943
6.0954
6.52356
5.64386
4.45943
3.24793
6.12516
3
2.18763
4.71961
6
6
6
6
1.97728
6.24793
1.70044
4.65208
2.03562
3.26679
7.16993
5.39232
5.61471
5.02237
6.44294
5.85798
5.24793
1.17932
6.88264
5.52356
4.75489
6.37504
3
2.18763
4.92125
6
6
6
6
5.97728
3.36923
3.26849
3.51307
1
5.86212
5.52356
2.21573
5.86212
5.52356
4.75489
6.37504
6
6
6
6
4.54019
3.33703
6.15987
3.89077
3.07039
6.80735
3.96963
5.18587
5.52356
4.75489
6
6
6
6
6
3
2.18763
4.15571
3.0614
4.35755
3.24793
4.98765
2.21412
6.26679
5.30378
6.02237
3.45943
3.22239
2.89077
4.80735
1
4.54019
4.06609
5.72792
5.64386
2.34136
5.14296
1.32193
3.18322
2.1803
5.13955
2.61005
6.58496
7.16993
6.18982
4.38466
5.1375
3
2.18763
3.75132
2.07039
6.24793
5.80735
4.36457
1.70044
4.87447
2.71786
4.92057
3.43741
6.02237
5.58496
5.61471
6.44294
4.27302
4.91648
3.0614
4.35755
3.24793
3.44708
4.23742
1.9027
4.43741
7.36632
6.39232
3.45943
6.24793
3.45943
3.22239
3.30581
6.16993
3.24793
6.12516
2.34792
3.20945
4.87774
2.9386
6.04439
5.58496
6.24793
5.58496
3.3505
3.57491
4.16993
1.17932
5.29768
4.05063
3.88264
3.35755
7.91289
4.97728
6.02237
5.64386
6.26679
5.22239
5.49185
3.67807
3.22239
2.89077
3.34792
4.71961
5.94251
5.02237
1
5.67243
6.39232
6
6
6
6.13955
5.80735
6.91886
3.90689
3.58496
5.64386
6.40939
6.24793
6.12928
5.56986
2.34792
5.90207
5.02237
4.43741
5.67243
5.64386
3.05889
5.18587
5.52356
3.08246
2.82782
6.39232
3.55459
6.77347
2.34792
6.63904
1
4.35755
5.58496
3.3505
2.35252
5.65821
5.52356
3.08246
2.82782
6.39232
6
6
6
6
3.97982
5.52356
4.24793
6.18982
3.55459
6.0954
5.52356
3.45943
4.80735
3.92057
6.65821
2.70044
5.32193
5.76818
2.71786
7.72792
1.39486
1.26497
3.36602
6.2854
3.34239
4.91648
6
5.61471
2.88264
2.66297
7.91289
6.39232
6.24793
6.14975
6
5.49185
2.70044
5.32193
7.76818
6
6
6
6
3
2.18763
5.65821
3.35364
7.12928
6
4
6.63904
5.78136
3.32193
3.24793
3.98765
3.61599
6.14975
5.52356
3.53605
7.72792
5.14975
5.78136
0.895303
6.21917
1.76553
4.18587
3.54019
6.80735
6
5.55459
6.32193
6.39232
3.24793
6.86212
3.05063
5.78136
0.895303
3.41181
1.32193
3.18322
6.39232
6
6
6
5.24793
1.17932
4.56071
1.70722
7.91289
5.97728
4.78136
3.61471
6.37504
3.34239
5.2384
6
6
6
6
6.12516
3
2.18763
6.65821
2.70044
5.32193
3.09954
4.55459
6
6
6
6
6.18982
6.94251
5.9542
2.80735
3.79518
3.96963
4.32193
2.38933
4.18322
3.61599
6.02237
6
3.80735
6.94251
2.2854
4.87447
2.71786
4.92057
3.70044
6
6
6
6
5.9542
6.46761
1.49304
5.18587
3.35364
1.32193
2.12433
6.39232
6
6
6
4.1964
2.66297
7.91289
6.39232
3.24793
4.54019
6
6
6
6
5.20945
5.83289
6.26679
3.24793
5.86212
5.52356
3.08246
6
6
6
6
6.76818
5.94251
5.55459
6
3.85244
5.35755
5.85798
5.24793
1.49304
6.39232
6
6
6
6
6
6
6.12928
4.91648
3.0614
6.35755
4.91648
2.03562
3.26679
4.58496
5.78136
4.32193
6.24793
4.55459
5.64386
7.12928
6
6
5.45943
7.16993
6.18982
5.13955
4.05063
3.07529
6.72792
5.67243
5.55459
3.73697
4.89077
6.39232
4.55459
2.07039
1
7.13955
1.70722
5.59096
5.78136
4.52356
4.67243
6.2854
3.85244
5.35755
4.27302
4.65344
5.52356
4.75489
6.37504
3
4.62059
7.16993
6.18982
5.55459
5.61471
6.84549
5.88264
5.61471
6.35755
4.43105
3
2.18763
6.65821
2.70044
5.32193
3.09954
7.13955
4.27302
5.52356
6.30378
5.55459
5.32193
3.09954
4.55459
2.03562
3.26679
5.16993
5.47573
1.9027
3.32193
6.13955
5.52356
4.75489
5.37504
6
6
6
6
1.97728
6.24793
1.70044
5.1375
3
2.18763
4.92125
6
6
6
6
5.97728
3.36923
3.26849
3.51307
1
4.44708
3.59352
5.85798
7.46761
6.18982
6.94251
5.9542
6.13955
3.35364
1.32193
3.18322
4.74664
6.55459
5.75489
2.5025
3.71272
1.51887
7.36632
3.55459
3.36565
4.24793
7.19967
3.70044
5.50779
3.55459
2.54253
6.12928
6
6
6
6
3.96963
5.22882
1
6.13955
3.90689
4
5.64386
4.92125
2.61005
2.67807
6.63904
4.1964
6.24793
5.02237
6
6
6
6
3.13516
3.36923
3.26849
2.29068
4.38466
4.87447
3.35364
1.32193
2.12433
6.0954
5.52356
6.04439
5.04439
4.29768
4.04439
5.2384
6.39232
6
6
6
6.26679
4.41954
2.974
4.25154
1.51887
5.04439
1
4.35962
1.70722
7.91289
6
4.72792
4.32193
4.24793
5.55459
6
5.30378
4.43741
2.04182
3.71049
3.02748
1
4.74664
2.03562
3.26679
5.16993
5.47573
1.9027
3.32193
4.81762
1.51887
7.36632
4.55459
2.03562
6.26679
4.14296
4.78136
6.44294
1.58496
4.18587
3.0614
4.35755
3.24793
6.44708
2.71786
3.92057
7.16993
6.02237
6.22882
5.88264
6.39232
5.35755
5.85798
3.24793
6.12516
3
2.18763
4.15571
1.51887
5.04439
1
4.98765
4.05063
3.88264
6.94251
2.60204
4.67807
5.90207
5.02237
1.04134
4.98765
4.05063
5.88264
5.67243
5.64386
6
5.85798
1.04134
5.86212
3.35364
1.32193
5.76818
2.21412
6.26679
5.30378
6.02237
3.45943
3.22239
2.89077
4.80735
1
7.44708
2.80735
3.20387
4.80735
5.45943
3.70044
3.77761
7.12928
5.90689
1.04134
8.44708
6
6
6
2.61005
2.67807
3.36602
6.2854
4.14975
7.16993
5.90689
1.04134
5.86212
3.35364
1.32193
6.18322
2.70044
5.32193
3.09954
5.13955
4.05063
3.88264
6.94251
2.60204
4.67807
5.90207
3.32193
3.55459
5.63597
3.07039
1.05184
7.65105
5.9542
4.55459
3
2.18763
5.65821
3.35364
1
5.78136
4.18982
6.16993
5.70044
6.24793
3.52356
3.20387
5.80735
6
5.86212
6.30378
6.18982
5.80735
2.68806
3.08746
6.76818
3
2.18763
4.71961
2.54253
3.32193
3.078
3.24286
1.9027
7.02237
4.38466
4.87447
2.71786
3.92057
7.16993
6.02237
6.22882
5.88264
6.39232
5.35755
5.85798
3.24793
4.98765
4.05063
3.07529
2.75803
1.9027
3
4.89077
2.34792
7.71425
5.85798
2.83458
3.92057
3.71049
1.49304
4.18587
1.51887
7.36632
7.13955
4.27302
5.52356
6.30378
5.55459
5.32193
3.09954
4.55459
2.07039
1
4.55459
2.03562
3.26679
4.58496
4.1964
6.94251
5.67243
3.96963
4.05889
6.44294
4.27302
4.06848
5.86212
4.30378
4.67243
6.52356
6.53916
5.52356
4.38466
4.87447
5.52356
4.75489
4.79008
3.96963
6.32193
3.87774
3.82782
5.80735
6.04439
5.50779
7.13955
1.70722
7.91289
6
4.72792
5.32193
3.92057
4.59932
3
2.18763
4.15571
1.51887
7.36632
3.55459
3.36565
6.24793
5.43741
6.39232
1.3278
5.47393
1
2.18763
4.92125
2.21412
6.26679
5.30378
6.02237
3.45943
3.22239
2.89077
4.80735
3.71049
1.49304
4.50779
4.35755
3.24793
1.52057
6.35755
5.55459
6.32193
3.58496
4.43105
3
2.18763
5.65821
5.52356
3.5325
5.61471
4.35755
3.24793
3.44708
6.77347
5.90689
6
5.55459
7.2384
2.70044
5.32193
3.09954
3.96963
2.71786
4.92057
3.70044
6
6
6
6
5.9542
6.13955
3.35364
1.32193
5.76818
5.52356
4.75489
2.6746
6.0954
5.52356
6.04439
5.04439
4.29768
4.04439
7.2384
3.90689
4
5.64386
4.59932
6.80735
6
6
6
6
6
5.52356
4.75489
5.37504
3.35364
5.54432
5.78136
4.18982
6.16993
5.70044
6
5.49185
6
6
6
3.06609
2.91254
5.16993
4.13516
3.71049
1.49304
5.18587
3.35364
1.32193
6.76818
2.62059
3.38247
6.26679
5.61471
5.61471
6.12928
2.8365
2.71272
2.70308
1
5.9542
1
3.24793
4.54019
3.0614
4.35755
3.24793
5.86212
3.35364
7.12928
6
4
6.63904
5.78136
3.32193
3.24793
5.86212
3.35364
1.32193
4.59826
3.0614
4.35755
3.24793
8.44708
3.90689
4
5.64386
4.15571
1.51887
7.36632
7.13955
4.27302
5.52356
6.30378
5.55459
5.32193
3.09954
5.13955
1.89812
3.58496
5.65344
4.05063
3.07529
5.84549
5.72792
5.55459
6
6
6
6
2.71786
3.26849
3.7761
6.30378
5.45943
6
6
6
6
4.18322
3.61599
6.02237
6
3.80735
3.24207
4.04439
6.63904
4.52356
2.12553
5.76818
2.71786
4.92057
3.70044
6
6
6
6
5.9542
6.46761
3.44057
3.8413
5.61471
4.35755
3.24793
6.44708
2.71786
3.92057
7.16993
6.02237
6.22882
5.88264
6.39232
5.35755
5.85798
3.24793
3.98765
3.61599
4.14975
2.12553
3.18322
6.39232
6
6
6
5.44626
4.06609
5.72792
6
4.3339
4.05063
3.07529
5.72792
4.01792
5.70044
6.40939
2.66297
4.74296
5.90689
3.85415
3.92057
4.16993
1.17932
5.29768
2.61005
2.67807
6.63904
6.84549
5.2384
1.89616
4.92283
7.55459
5.55459
4.60486
3.08746
6.18322
2.70044
5.32193
4.76818
4.152
3.40939
4.29768
4.45943
3.57154
4.9542
3.07039
4.53492
2.89077
1
3.75132
1.97728
5.76377
7.02237
0.866144
4.65344
3.35364
1.32193
6.18322
2.70044
5.32193
3.09954
4.55459
2.62059
3.38247
3.68182
4.29768
4.04439
4.65344
3.35364
1.32193
5.76818
5.52356
4.75489
6.37504
3.90689
4
5.64386
4.15571
3.0614
4.35755
3.24793
3.44708
4.23742
1.9027
4.43741
7.36632
6.39232
3.45943
6.24793
3.45943
3.22239
3.30581
6.16993
3.24793
7.44708
5.80735
4.91886
1.51887
7.36632
3.23266
3.61599
1
5.90689
2.67807
6.63904
4.52356
5.78136
0.895303
3.41181
5.12928
4.97728
5.02237
5.64386
4.55459
3
2.18763
4.15571
3.0614
4.35755
3.24793
4.98765
2.21412
6.26679
5.30378
6.02237
3.45943
3.22239
2.89077
4.80735
1
2.95523
5.63973
3.70044
3.77761
7.12928
5.90689
1.04134
4.05477
2.07039
3.44057
3.08746
5.44626
3.06609
7
6
5.52356
6.74147
3.85244
5.35755
4.27302
4.65344
3.35364
1.32193
4.59826
3.0614
4.35755
3.24793
6
6
6
6
5.88264
2.9386
6.40939
3.32193
3.24793
6
6
6
5.45943
6
6
6
6
5.24793
6.24793
6
1.32193
5.76818
1
3.08246
1
3.34792
4.71961
2.03562
3.68182
4.8413
3.29768
2.16046
7.15987
6
5.52356
4.65344
3.35364
5.54432
5.78136
4.18982
6.16993
5.70044
4.91648
3.62059
6
6
6
6
4.66297
5.83289
6.26679
3.2384
5.65535
5.58496
5.45943
5.90689
7.2384
3.90689
4
5.64386
4.11389
2.58496
6.18982
5.80735
3.53605
5.94251
4.24793
2.8679
4.38466
7.45943
2.70044
5.32193
3.09954
7.13955
4.27302
5.52356
6.30378
5.55459
5.32193
3.09954
5.13955
2.21412
3.94486
2.51019
3.32193
4.55459
2.62059
6.18982
6.94251
5.9542
5.13955
2.21412
6.26679
5.30378
6.02237
3.45943
3.22239
2.89077
4.80735
1.76553
2.50779
4.23742
1.9027
5.02237
1.04134
5.86212
3.20163
4.75489
5.45943
6.52356
6.2854
5.55459
3.94486
4.38466
4.28951
3.0614
4.35755
3.24793
3.44708
6.77347
4.90689
5.88264
3.54432
2.83458
3.92057
2.21573
6.12516
3
5.94251
4.75489
4.37504
5.86212
5.80735
6
5.85798
1.9027
3.67807
1.32193
6.76818
3
2.18763
4.15571
3.0614
4.35755
3.24793
8.44708
6
6
6
2.21412
3.94486
2.16227
4.9542
5.52356
4.83289
6.02237
5.64386
4.26679
4.53492
2.89077
4.80735
4.16993
1.17932
3.71272
3.0614
4.35755
3.24793
4.35962
1.70722
6.91289
5.49185
5.21917
3.08246
3.97982
6.52356
6.24793
5.80735
5.35755
5.85798
2.83458
3.92057
2.21573
3.98765
3.23266
5.35755
1
5.55459
5.64386
5.12928
4.97728
5.02237
5.64386
5.23266
4.52356
2.12553
4.18322
3.61599
6.02237
5.49185
4.05889
4.2854
6.12928
6.39232
5.42626
5.50779
6.13955
6.52356
4.48829
7.32193
2.19502
4.35755
3.22239
3.66838
5.52356
4.88264
4.9542
4.24793
2.8679
5.23266
4.52356
2.12553
3.37587
2.07039
7.24793
3.38014
2.82782
1
6.97728
6.39232
6
5.45943
2.24207
6.72792
5.80735
5.78136
4.53492
6
6
6
6
4.2854
6.12928
6.39232
5.24793
1.49304
4.18587
6
5.61471
5.64386
5.67243
3.80735
4.91648
3.13516
3.36923
3.26849
2.29068
5.23266
4.52356
2.12553
7.76818
4.27302
5.52356
6.30378
5.55459
5.32193
5.90689
1.04134
6.12516
3
2.18763
3.92125
1
6.55459
4.16993
7.76818
3.90689
4
5.64386
4.71961
2.03562
3.26679
5.16993
2.89077
5.22239
6
6
6
6
3.08746
4.59826
1.51887
7.36632
3.96963
2.71786
4.92057
5.02237
6.24793
3.89077
6.39232
5.13955
2.21412
3.94486
2.51019
3.32193
6.13955
3.90689
4
5.64386
4.71961
2.62059
6.18982
6.94251
5.9542
7.13955
2.70044
6.32193
3.58496
3.2384
3.96963
4.32193
4.006
2.89077
1
2.77529
6.52356
5.55459
6
6.46761
2.77259
5.65821
3.35364
1.32193
4.18322
3.61599
6.02237
5.49185
3.79998
6.74147
5.49185
5.80735
4.99435
3.66297
7.19967
5.70044
6.12928
4.91648
1.51887
5.04439
1
4.54019
2.54253
6.12928
6
6
6
6
3.96963
5.22882
5.04439
1.04134
5.86212
5.52356
5.16993
2.40808
4.58496
6.39232
6
6
6
4.9542
4.24793
4.60486
1.04134
6.12516
3
2.18763
3.51525
3.61599
6.02237
5.49185
6.77347
4.90689
5.88264
3.54432
6.74147
3.93074
5.42626
5.45943
1.32193
5.76818
1
3.08246
1
3.34792
4.92125
5.85798
4.52356
3.73697
3.30581
0.866144
3.2384
1
2.77259
4.15571
3.33703
3.57491
1
2.95523
7.44708
5.94251
4.49185
2.66297
6.32793
3.66297
3.87774
3.24286
6
6
6
6
3.86212
3.45943
6.80735
5.45943
6
4.88264
6.70044
5.55459
6
5.88264
6.50779
5.80735
3.52356
6.88264
2.70044
5.32193
4.44626
6.39232
6
6
6
5.78136
6.50779
6.30378
6.26679
4.43105
3
2.18763
4.48829
1.70722
7.91289
6
4.72792
6.32193
2
5.56986
2.34792
5.90207
5.02237
4.43741
5.67243
5.64386
2.80735
6.88264
2.70044
5.32193
3.09954
4.55459
3.22239
5.85798
5.24793
6.32193
1.64508
6.12516
3
2.18763
6.43582
4.27302
5.52356
6.30378
5.55459
5.32193
3.09954
6.13955
5.80735
1.85798
5.29768
3.39855
4.45943
2.41954
6
6
6
6
5.88264
2.9386
6.40939
6.12928
2.8365
6.88264
7.06609
6
5.20945
5.88264
5.67243
2.63227
4.70044
3.35755
7.91289
6.39232
6
6
6.88264
2.70044
5.32193
2.12433
6.0954
6.52356
5.64386
4.04439
4.43105
3
2.18763
8.24317
3.90689
3.58496
5.64386
6.40939
6.24793
6.12928
5.56986
2.34792
5.90207
5.02237
4.43741
5.67243
5.64386
3.05889
4.18587
6
5.61471
5.64386
5.67243
3.80735
4.43105
2.34792
3.88753
4.04439
6.63904
4.52356
2.12553
6.18322
2.70044
5.32193
3.09954
4.55459
3.22239
5.85798
5.24793
6.32193
1.64508
6.12516
3
2.18763
3.88562
2.71786
4.92057
6.02237
5.55459
5.64386
8.224
5.78136
5.85798
4.45943
4.18587
7.44708
2.35755
6.94251
6
6
6
6
6.12516
3
2.18763
4.15571
3.0614
4.35755
3.24793
6.44708
2.71786
3.92057
7.16993
6.02237
6.22882
5.88264
6.39232
5.35755
5.85798
3.24793
4.98765
3.39855
4.45943
5.24793
4.73697
5.02237
6.52356
6.53916
5.55459
3.24793
5.86212
3.35364
1.32193
5.76818
5.52356
4.75489
6
6
6
6
6
3
2.18763
4.92125
2.21412
6.26679
5.30378
6.02237
3.45943
3.22239
2.89077
4.80735
1
7.44708
5.80735
6
3.55459
3.06609
3.67807
5.12928
4.97728
4.43741
2.04182
7.16993
5.90689
5.35755
5.85798
5.24793
1.17932
3.71272
3.0614
4.35755
3.24793
4.35962
1.70722
6.91289
5.49185
5.21917
3.08246
3.97982
6.52356
6.24793
5.80735
5.35755
5.85798
2.83458
3.92057
2.21573
3.74664
6.02237
4.52356
4.45943
5.94251
6.63904
4.52356
5.52356
5.23266
4.52356
2.12553
7.76818
3.90689
4
5.64386
3.92125
8.44708
5.61471
3.56071
3.67807
1
4.89077
6.39232
6.13955
3.35364
1.32193
4.18322
3.61599
6.02237
5.49185
3.79998
6.74147
5.49185
5.80735
4.99435
3.66297
7.19967
5.70044
6.12928
4.91648
1.51887
7.36632
4.55459
2.62059
4.60486
4.53492
3.66838
6.52356
4.44294
5.9542
1.3278
5.47393
1
2.18763
4.15571
2.29956
3.24101
7.91289
6
6.20945
5.61471
6.02237
7.02237
6.16993
3.24793
2.95523
3.92352
6.46761
4.13516
4
4.32193
7.91289
6.39232
5.24793
1.17932
3.71272
3.0614
6.35755
7.2384
3.90689
4
5.64386
4.92125
4.05063
3.07529
5.84549
5.52356
4.27302
3.80735
3.3505
6.15987
3.04439
3.67807
3.22239
2.89077
3.34792
5.65821
5.52356
3.08246
6
6
6
6
3
5.94251
1
6.97728
6.39232
6
6
6.12516
3
2.18763
4.15571
1.51887
7.36632
5.13955
8.44708
3.29278
3.37504
4.35755
5.12928
4.97728
5.02237
5.64386
4.55459
3
2.18763
3.88562
2.71786
4.92057
3.70044
6
6
6
6
5.9542
6.46761
1.49304
4.92283
3.59352
5.85798
6.80735
3.90689
2.60334
4.45943
3.44057
1.05184
6.65105
4.72792
3.21501
3.08746
5.76818
3.20163
3.43296
3.96963
6.24793
6.70044
4.24793
6.18982
6.13955
3.90689
4
5.64386
5.65821
5.52356
5.16993
2.40808
2.67807
5.90207
3.21501
3.08746
6.76818
2.03562
3.68182
1.9027
3.67807
7.12928
6
6
4.38466
7.45943
2.80735
2.5518
4.41504
5.49185
3.07529
4.52356
5.16993
3.30581
7.16993
6
2.5518
6
6
6.88264
3.61471
5.55459
3.73697
3.30581
0.866144
4.06848
2.1803
4.3322
5.07895
5.61471
2.04182
5.16993
2.89077
6.80735
6.02237
5.45943
2.26849
3.71272
1.51887
7.36632
3.23266
3.23266
6.94251
5.67243
5.55459
2.32193
7.65105
5.9542
5.13955
2.58496
2.38247
6.46761
2.77259
4.59932
3
2.18763
4.92125
4.05063
5.88264
5.67243
5.64386
6
5.85798
1.04134
4.54019
6.39232
6
6
6
6.12516
3
5.94251
3.89077
3.07039
2.41504
5.02975
7.36632
6.94251
5.9542
1.04134
7.44708
5.80735
4.91886
2.03562
3.26679
2.12553
5.44626
6.39232
6
6
6
4.98765
2.21412
6.26679
5.30378
6.02237
3.45943
3.22239
2.89077
4.80735
4.16993
1.17932
2.88264
3.54019
6.80735
6
3.80735
4.65344
5.52356
5.16993
4.35755
5.12928
4.97728
5.02237
4.05889
2.90046
5.37504
1
3.94486
2.51019
3.32193
6.13955
5.52356
6.16993
4.97728
4.78136
1.48368
3.85415
4.92057
5.02237
6.24793
1.70044
4.28951
1.51887
7.36632
6.13955
6.52356
5.72792
5
3.43741
4.67243
6.52356
5.53916
4.78136
4.44294
5.9542
1.3278
6.05889
2.71786
3.26849
5.51307
2.90046
6.37504
3
2.18763
4.15571
1.51887
7.36632
7.13955
4.27302
5.52356
6.30378
5.55459
5.32193
5.90689
4.05889
3.25634
1.85798
2.5518
5
5.45943
3.08246
3.97982
6.16993
3.24793
6.44708
2.71786
3.92057
7.16993
6.02237
6.22882
5.88264
6.39232
5.35755
5.85798
3.24793
3.98765
3.61599
4.14975
2.12553
5.44626
4.06609
5.72792
6
4.3339
4.05063
3.07529
2.75803
1.9027
3
4.89077
2.34792
7.71425
5.85798
2.83458
3.92057
2.21573
7.44708
5.80735
3.59694
3.96963
5.32193
3.45943
3.22239
4.89077
3.07039
3.08746
4.59826
1.51887
7.36632
4.3322
3.59352
5.85798
6.46761
2.77259
4.92125
2.21412
3.94486
2.51019
3.32193
7.13955
2.70044
5.32193
3.09954
3.23266
3.23266
6.94251
5.67243
5.55459
2.32193
7.65105
5.9542
5.13955
2.58496
2.38247
6.46761
2.77259
4.59932
3
2.18763
5.65821
3.35364
1
5.78136
4.18982
6.16993
5.70044
3.24793
4.74664
3.62059
6.39232
6
6
6
4.66297
5.83289
6.26679
6.24793
3.52356
2.5518
6
6
6.29768
2.71786
3.92057
7.16993
2.73039
3.22239
5.88264
3.07039
3.08746
3.18322
5.27716
6.26679
2.11548
1.05184
7.65105
5.9542
4.55459
5.65535
5.58496
6
4
5.40372
5.80735
5.3339
2.24207
4.14296
6.82018
5.45943
7.24793
7.13955
6
6
2.94486
5.44294
6.20945
6
4.56071
1.70722
6.91289
5.49185
5.21917
3.08246
3.97982
6.52356
6.24793
5.80735
5.35755
5.85798
6.74147
5.02237
1.04134
6.12516
3
2.18763
4.15571
1.51887
7.36632
7.13955
2.70044
4.32193
6.24793
0.895303
1.26497
3.36602
6.2854
2.32193
4.44294
5.9542
1.3278
7.64386
3.61471
5.52356
6
6
4.78136
4.05477
4.16993
5.55459
6.04439
6
2.58496
5.59096
1
6.97728
6.39232
6
3.01282
6.65821
6.02237
6
6
6
3.90689
4
5.64386
5.24317
1.89812
3.58496
3.2384
2.07039
3.44057
3.08746
5.76818
2.21412
3.94486
2.16227
4.9542
5.52356
4.83289
6.02237
5.64386
6.26679
5.35755
4.27302
4.65344
3.35364
1.32193
5.76818
5.52356
4.75489
5.37504
5.52356
3.08246
5.56478
4.90689
5.61471
6.20945
6.12928
2.8365
6.88264
3.35364
1.32193
6.18322
2.70044
5.32193
6.76818
2.03562
3.68182
1.9027
3.67807
3.22239
4.89077
2.48543
5.55459
6.94251
6.12928
2.48352
5.63597
6.39232
6.26679
5.61471
6
6
6
6
5.76818
5.85798
5.52356
4.45943
3.67243
6.70044
4.24793
6.18982
5.35755
4.27302
3.2384
4.16993
6.55459
5.45943
3.05889
5.18587
5.52356
3.08246
2.82782
6.39232
1.04134
5.86212
5.52356
5.16993
2.40808
4.58496
3.43741
5.02237
4.05889
5.80735
6.70044
3.87774
2.82782
6.39232
1.04134
5.86212
3.35364
1.32193
7.76818
4.27302
5.52356
6.30378
5.55459
5.32193
5.90689
1.04134
3.74664
2.60733
4.58496
4.39232
5.26679
6
6
6
6
5.85798
4.24793
4.60486
1.04134
6.44708
2.71786
3.92057
7.16993
2.73039
3.22239
5.88264
3.07039
3.08746
6.18322
2.70044
5.32193
3.09954
7.13955
6.02237
4.52356
4.45943
5.94251
6.63904
4.52356
5.52356
5.30378
6
6
6
6
4.18322
3.61599
5.14975
6.74147
4.55459
3.07529
5.14296
3.54432
4.32912
4.35755
3.22239
2.89077
4.80735
1.76553
5.50779
2.70044
6.32193
3.58496
4.43105
3
2.18763
4.15571
3.0614
4.35755
3.24793
4.98765
2.21412
6.26679
5.30378
6.02237
3.45943
3.22239
2.89077
4.80735
1
8.44708
3.90689
4
5.64386
3.88562
2.71786
3.92057
5.16993
2.9386
6.04439
4.848
5.32912
3.88753
4.04439
6.63904
4.52356
2.12553
3.18322
2.1803
4.81762
1
7.36632
7.13955
4.27302
5.52356
6.30378
5.55459
5.32193
3.09954
3.55459
6.77347
5.22239
6
6
6
6
4.81762
2.29956
3.24101
7.91289
6
6.20945
5.61471
6.02237
7.02237
6.16993
3.24793
2.95523
3.92352
6.46761
4.13516
4
4.32193
7.91289
6.39232
3.24793
4.54019
1.89812
3.58496
3.2384
3.61599
6.14975
5.88264
6.35755
4.65344
3.35364
1.32193
4.18322
3.61599
6.02237
5.49185
6
6
6
6
5.97728
3.36923
3.26849
3.51307
7.46761
1.17932
3.79518
3.96963
4.32193
7.91289
3.58496
2.48352
5.63597
6.39232
6.26679
5.61471
6
6
6
6
5.76818
3.35364
1.32193
5.76818
5.52356
4.75489
4.37504
6
6
6
6
5.80735
5.35755
4.85798
2.8365
7.88264
3.90689
4
5.64386
3.92125
5.63973
4.02237
3.94486
3.85415
5.14296
3.22239
2.89077
5.80735
3.04439
3.67807
3.22239
2.89077
3.34792
5.65821
5.52356
3.08246
2.82782
4.80735
5.80735
5.85798
3.23266
3.23266
5.18982
5.99435
6.39232
2.8365
6
6
6
6
4.45943
2.41954
7.45943
3.90689
6
6
6
6
5.49185
3.54019
2.90046
5.37504
1
3.94486
3.85415
4.92057
5.02237
6.24793
1.70044
3.37197
6.77347
5.22239
6
6
6
6
7.13955
2.70044
5.32193
3.09954
4.81762
3.33703
3.57491
4
6
6
6
6
7.76818
1.89812
3.58496
4.91648
2.62059
4.60486
4.29391
1.97728
6.24793
6
6
6
6
4.2854
7.12928
3.09954
4.55459
2.62059
2.8679
2.51019
6.02237
4.30378
4.67243
2.34792
5.90207
6.94251
5.55459
6
6.94251
5.9542
5.13955
3.39855
4.45943
2.41954
7.45943
2.70044
5.32193
3.09954
3.55459
4.06609
5.72792
6.42626
6.39232
5.30378
6
6
6
6
5.76818
3.35364
1.32193
5.76818
5.52356
4.75489
5.37504
4.05889
4.2854
1.32193
2.12433
9.0954
6
6
6
6
7.88264
3.90689
4
5.64386
5.65821
5.52356
2.21573
4.54019
1.51887
7.36632
3.55459
3.36565
4.24793
7.19967
3.70044
5.50779
6.13955
3.90689
4
5.64386
3.75132
2.07039
6.24793
6.39232
6
6
6
6.13955
3.35364
1.32193
4.18322
3.61599
6.02237
5.49185
6
6
6
6
1.97728
6.24793
1.70044
5.1375
3
2.18763
4.92125
6
6
6
6
5.97728
3.36923
3.26849
3.51307
6.46761
1.49304
5.18587
5.52356
3.08246
3.97982
0.866144
3.2384
2.07039
7.24793
2.60334
2.16046
4.92125
2.61005
3.77761
5.54432
5.78136
6.18982
4.38466
7.45943
3.90689
4
5.64386
5.65821
5.52356
4.75489
4.79008
3.96963
6.32193
3.87774
3.82782
5.80735
6.04439
5.50779
7.13955
1.70722
7.91289
6
4.72792
5.32193
3.92057
3.92125
5.86212
4.30378
4.67243
6.52356
6.53916
5.52356
5.35755
4.27302
5.65344
3.39855
4.45943
2.41954
4.28951
1.51887
7.36632
7.13955
4.27302
5.52356
6.30378
5.55459
5.32193
3.09954
5.13955
3.39855
6.04439
5.9542
6
6
6
6
4.55459
2.03562
3.68182
6.42626
5.61471
5.85798
4.1964
6.52356
2.2854
5.45943
1.89812
3.58496
3.2384
3.61599
6.14975
5.88264
6.35755
4.65344
5.52356
4.75489
2.6746
6.77347
4.90689
5.88264
3.54432
2.41954
4.1375
4.05063
3.88264
6.94251
3.40939
4.92283
5.55459
6.94251
6.12928
2.8365
3.79518
3.96963
4.32193
7.91289
3.58496
2.48352
5.63597
6.39232
6.26679
5.61471
6
6
6
6
4.59826
1.51887
7.36632
3.55459
3.06609
3
6.39232
6
6
6
2.82782
6.39232
5.14568
6.32193
1.64508
5.86212
3.35364
1.32193
4.44626
4.2854
6.56986
4.10434
4.03814
3.24793
6
6
6
6
5.49185
5.80735
5.99435
6.39232
5.24793
3.44057
5.42626
5.49185
5.24793
5.55459
5.90689
5.30378
4.43741
6.12928
5.2384
3.06609
6
3.01792
5.57491
6.63904
6.84549
2.8365
6.88264
3.20163
3.43296
4.55459
2.67807
7.224
6.53916
0.866144
4.65344
3.35364
1.32193
4.76818
1.70722
7.91289
6
4.72792
6.32193
2
5.56986
2.34792
5.90207
5.02237
4.43741
5.67243
5.64386
4.55459
3
2.18763
4.15571
1.51887
7.36632
4.55459
3.62059
6
6
6
6
4.66297
4.24793
6.18982
7.13955
2.70044
4.32193
6.24793
0.895303
1.26497
3.36602
6.2854
2.32193
4.44294
5.9542
1.3278
5.47393
1
2.18763
5.24317
3.94251
5.90689
5.90689
5.52356
5.55459
4.61471
4.70044
2.80735
6.29768
3
4.62059
3.08246
2.82782
6.39232
6.30378
6.18982
6.13955
5.52356
4.75489
4.37504
8.44708
5.90689
4.52356
4.29391
1.97728
4.66297
1.76553
4.92283
2.80735
2.5518
6
6
5.55459
5.58496
1.05184
6.65105
4.27302
4.65344
5.52356
4.75489
5.37504
5.94251
5.02237
1
5.67243
6.39232
6
5.99435
3.58496
4.65344
3.20163
4.75489
5.45943
6.52356
6.2854
5.55459
6.26679
6.13955
5.52356
3.08246
3.97982
6.16993
3.24793
3.44708
6.77347
4.90689
5.88264
3.54432
2.83458
3.92057
2.21573
3.98765
3.61599
6.02237
5.64386
3.01792
2.35252
8.24317
3.90689
4
5.64386
7.71425
3.36923
4.38466
4.87447
3.35364
7.12928
6
4
6.63904
4.78136
3.67807
1
5.9542
1.3278
6.05889
2.71786
3.92057
4
2.32193
6.44294
6
3.58496
6.80735
3.96963
5.18587
5.52356
3.08246
3.97982
6.16993
3.24793
6.44708
2.71786
3.92057
7.16993
6.02237
6.22882
5.88264
6.39232
5.35755
5.85798
3.24793
4.54019
1.89812
6.39232
3.24793
4.54019
4.06609
5.72792
4.05889
3.08246
3.24286
1.9027
3.21501
3.08746
7.76818
3.90689
4
5.64386
4.92125
5.85798
5.52356
5.64386
6.71425
2.18763
3.26589
1
5.22239
4.80735
5.14296
1.70044
3.65208
3.23266
1
3.22239
3.66838
6.52356
6.44294
4.27302
4.06848
6
6
6
6
5.35755
6.20945
2.2854
4.87447
5.52356
3.08246
2.82782
6.39232
7.13955
4.27302
5.52356
6.30378
5.55459
5.32193
4.90689
2.80735
7.88264
3.90689
4
5.64386
5.65821
5.52356
2.21573
4.54019
1.51887
7.36632
5.13955
4.05063
3.88264
6.94251
2.60204
4.67807
5.90207
3.32193
4.55459
3
2.18763
3.92125
1
6.55459
4.16993
7.76818
3.90689
4
5.64386
3.75132
2.07039
1
3.55459
1
3.32193
3.078
3.24286
1.9027
3.85244
5.35755
4.27302
5.2384
2.71786
3.92057
7.16993
6.02237
6.22882
5.88264
6.39232
5.35755
5.85798
3.24793
4.98765
3.39855
4.45943
5.24793
4.73697
5.02237
6.52356
6.53916
5.55459
3.24793
5.86212
3.35364
1.32193
5.76818
5.52356
4.75489
5.37504
6
6
6
6
5.97728
3.36923
3.26849
3.51307
7.46761
1.17932
2.88264
2.1803
4.81762
3.0614
4.35755
3.24793
3.44708
4.23742
1.9027
4.43741
7.36632
6.39232
3.45943
6.24793
3.45943
3.22239
3.30581
6.16993
3.24793
4.74664
2.03562
3.26679
6.16993
5.49185
3.41181
5.12928
4.97728
4.43741
2.04182
7.16993
5.90689
6.80735
3.57491
3.71049
1.49304
5.50779
2.70044
5.32193
3.09954
3.23266
3.61599
1
5.90689
2.67807
6.63904
4.52356
5.78136
5.53916
4.78136
3.45943
5.12928
4.97728
5.02237
5.64386
4.55459
3
2.18763
9.24317
6
6
6
3.06609
2.91254
5.16993
4.13516
2.21573
3.98765
3.96963
1
2.38933
5.76818
2.71786
4.92057
3.70044
6
6
6
6
5.9542
6.13955
5.52356
2.21573
6.12516
2.70044
5.32193
2.12433
6.0954
5.52356
6.04439
5.04439
4.29768
4.04439
5.2384
4.06609
5.72792
6
5.91886
2.71786
3.92057
5.16993
2.40808
6.58496
3.89077
4.80735
3.80735
3.3505
7.15987
3
2.5518
6
6
6.29768
2.71786
3.92057
7.16993
2.73039
3.22239
5.88264
6.39232
3.05889
5.92283
2.61005
2.67807
6.63904
6.84549
4.65344
5.52356
4.75489
4.37504
2.60733
4.58496
6.39232
6
6
6
6.35755
5.58496
3.80735
2.48352
5.63597
6.39232
6.26679
5.61471
6
6
6
6
3.18322
7.44708
6.94251
6
4.78136
4.04439
7.224
5.53916
3.34792
4.59932
3
2.18763
8.24317
3.90689
4
5.64386
1.3744
5.29768
3.39855
4.45943
2.41954
3.65208
7.44708
5.45943
4.55459
6.74147
4.70044
2.80735
7.88264
2.80735
2.5518
6
6
7.36632
3.55459
6.77347
6.80735
6.02237
6
6.39232
5.88264
6.35755
6
6
6
6
5.13955
2.21412
3.94486
2.51019
3.32193
4.55459
3
4.62059
7.16993
6.18982
5.55459
5.61471
6.84549
5.88264
5.02975
1.48368
4.38466
4.87447
5.52356
3.08246
2.82782
6.39232
1.04134
6.86212
4.27302
5.52356
6.30378
5.55459
5.32193
5.90689
1.04134
5.86212
5.52356
2.21573
4.54019
4.06609
5.72792
6
4.91886
2.03562
3.68182
4.8413
3.29768
2.16046
7.15987
6
6
2.80735
6.88264
5.52356
5.16993
2.40808
4.58496
3.43741
5.02237
4.05889
5.22239
5.49185
3.67807
3.22239
2.89077
3.34792
4.92125
3.39855
4.45943
6.74147
6
4
5.64386
3.75132
2.07039
7.24793
3
6.91886
3.90689
4
5.64386
3.75132
2.07039
7.24793
2.60334
6.24793
1.70044
7.45943
2.70044
5.32193
3.09954
5.13955
3.39855
4.45943
2.41954
4.1375
1
6.26679
5.30378
6.02237
3.45943
3.22239
2.89077
6.80735
3
2.5518
6
6
4.18587
8.44708
5.61471
6.32193
6
4
5.64386
5.65821
5.52356
4.75489
2.6746
6.77347
4.90689
5.88264
3.54432
2.41954
5.1375
3
2.18763
4.92125
6
6
6
6
5.97728
3.36923
3.26849
3.51307
1
4.54019
1.89812
3.58496
1
5.52356
2.21573
6.12516
2.70044
6.32193
3.58496
4.43105
3
2.18763
4.15571
3.0614
4.35755
3.24793
4.54019
6
6
6
6
4.74664
2.03562
1
0.584963
0.415037
5.32193
3.02748
4.16993
1.17932
3.79518
1
6.14975
5.88264
6.35755
4.65344
3.35364
1.32193
6
6
6
6
6
5.45943
3.23266
2.77259
4.59932
2.34792
4.62449
4.64386
5.88264
5.55459
6.39232
3.078
3.97982
5.52356
4.24793
2.8679
5.23266
4.52356
2.12553
5.44626
6.39232
6
6
6
6.12516
3
2.18763
6
6
6
6
4.49185
4.49185
5.45943
2.62059
4.60486
7.46761
6.14975
3.24793
5.86212
3.35364
1.32193
5.76818
1
5.16993
5.10852
6
6
6
6
4.05889
3.8413
5.58496
6.99435
3.09954
5.13955
4.16993
4
8.224
6
6
6
6
4.32912
6.94251
5.45943
6
6
4.12928
5.16993
2.89077
4.80735
4.16993
1.17932
5.29768
3.39855
4.45943
3.57154
4.9542
6.39232
4.90689
5.55459
5.45943
6
3
2.18763
4.15571
1.51887
7.36632
3.23266
3.61599
6.14975
5.61471
6.02237
2.72247
7.71425
5.9542
1.3278
5.8365
5.52356
5.16993
5.10852
6
6
6
6
5.88264
7.36632
4.55459
3
2.18763
4.43582
2.60733
4.58496
4.39232
5.26679
5.88264
6.35755
6
6
6
6
3.55459
6
6
6
6
5.20945
4.24793
6.18982
2.80735
4.88264
3.13516
3.36923
3.72792
3.01282
8.24317
3.90689
4
5.64386
5.65821
5.52356
3.08246
2.82782
6.39232
6.13955
5.52356
2.21573
6.12516
2.70044
5.32193
3.09954
7.13955
2.80735
2.5518
5
5.45943
6.02237
3.07529
6.84549
6
5.55459
3.40939
6.50779
5.30378
6
6
6
6
5.44626
4.06609
5.72792
6
6.91886
5.52356
5.16993
2.40808
2.67807
5.90207
3.21501
7.99435
6
6
5.35755
5.85798
6.74147
3.70044
2.37851
2.5518
6
6
4.92283
2.80735
2.5518
3.67807
5.55459
6.24793
3.80735
4.67243
4.36632
4.68182
3.32193
3.24793
6.12516
3
2.18763
6.65821
2.70044
5.32193
2.12433
6.77347
4.90689
5.88264
3.54432
2.41954
7.45943
3.90689
4
5.64386
3.26589
4.23742
1.9027
5.02237
1.04134
6.12516
2.70044
5.32193
3.09954
4.55459
5.94251
5.02237
1
5.67243
6.39232
6
6
6
3.23266
3.61599
6.14975
5.88264
6.35755
5.65344
5.85798
5.52356
5.64386
6.71425
2.18763
3.88562
2.71786
4.92057
3.43741
6.02237
5.58496
4.61471
2.2854
7.45943
3.90689
3.58496
5.64386
6.40939
6.24793
6.12928
5.56986
2.34792
5.90207
5.02237
4.43741
5.67243
5.64386
5.13955
2.21412
3.94486
2.51019
3.32193
6.13955
3.06413
5.14975
4.1964
5.43741
2.48543
4.38466
4.87447
2.71786
4.92057
3.70044
6
6
6
6
5.9542
7.46761
1.17932
2.71272
4.23742
1.9027
4.43741
7.36632
6.39232
3.45943
6.24793
3.45943
3.22239
3.30581
0.866144
4.06848
2.1803
3.23266
3.61599
6.02237
5.49185
3.05063
7.21917
5.45943
6
2.03562
3.26679
2.12553
6.18322
2.70044
5.32193
5.76818
5.52356
3.01792
6.15987
6.14975
5.52356
5.35755
4.27302
6
6
6
6
5.32912
5.20945
4.83289
2.16046
4.59932
3
2.18763
4.11389
1
6.12928
6.02237
6.30378
4.60486
7.46761
6.14975
3.24793
7.44708
5.80735
4.91886
2.03562
3.26679
2.12553
6.18322
2.70044
5.32193
3.09954
3.55459
2.70308
7.16993
6
5.55459
4.83289
5.02237
4.44294
5.9542
1.3278
5.47393
4.06609
5.72792
6
4.59694
4.152
3.40939
4.29768
4.45943
3.57154
4.9542
3.07039
4.53492
2.89077
6.80735
3
2.5518
6
6
6.88264
3.20163
3.43296
3.96963
6.24793
6.70044
4.24793
6.18982
3.05889
4.92283
2.80735
2.5518
1
5.45943
3.08246
3.82782
3.34792
3.26589
4.23742
1.9027
4.43741
7.36632
6.39232
3.45943
6.24793
3.45943
3.22239
3.30581
0.866144
4.65344
5.52356
2.21573
6.12516
2.70044
5.32193
3.37587
1.97728
5.76377
7.02237
0.866144
4.65344
3.35364
1.32193
4.59826
3.0614
4.35755
3.24793
4.98765
2.21412
6.26679
5.30378
6.02237
3.45943
3.22239
2.89077
4.80735
1
5.86212
3.35364
1.32193
4.59826
3.0614
4.35755
3.24793
8.44708
3.90689
4
5.64386
3.51525
3.23266
2.77259
4.71961
2.03562
3.26679
4.58496
5.78136
4.32193
6.24793
4.55459
5.64386
5.65821
5.52356
3.08246
3.97982
2.9386
6.40939
4.72792
5.22882
1.48368
4.38466
4.87447
5.52356
4.75489
4.79008
2.29956
3.24101
7.91289
6
6.20945
5.61471
6.02237
7.02237
0.866144
2.48352
9.0954
1.88982
5.18587
5.52356
3.08246
2.82782
6.39232
4.68182
3.32193
3.24793
4.74664
2.03562
3.26679
6.16993
4.49185
5.78136
6.2854
4.9542
5.52356
3.45943
3.54432
6.65105
4.27302
7.2384
2.70044
5.32193
2.12433
6.77347
4.90689
5.88264
3.54432
2.41954
5.1375
2.5325
6.39232
6
6
6
2.8365
7.88264
3.90689
4
5.64386
5.24317
1.89812
3.58496
5.2384
2.71786
3.92057
5.16993
2.9386
6.04439
4.848
4.32912
2.18763
3.92125
2.1803
1
1.70722
7.91289
6
4.72792
6.32193
2
5.56986
2.34792
5.90207
5.02237
4.43741
5.67243
5.64386
2.80735
6.88264
3.35364
1.32193
6.18322
2.70044
6.32193
3.58496
4.91648
2.62059
4.60486
5.80735
4.70044
3.45943
3.22239
2.89077
6.80735
1.3744
7.88264
3.90689
4
5.64386
4.92125
3.39855
3.45943
5.56986
5.22239
5.12928
4.97728
5.02237
4.05889
5.22239
5.49185
3.67807
3.22239
2.89077
3.34792
3.51525
6
6
6
6
3.0614
6.35755
3.2384
2.07039
4.66297
6.39232
6
6
6
2.5518
6
6
2.88264
6
6
6
6
2.35755
5.94251
3.5025
6.42626
6
5.85798
6.80735
3.90689
2.60334
4.45943
3.44057
1.05184
6.65105
4.72792
3.21501
3.08746
3.37587
2.07039
6.24793
3.80735
4.67243
7.36632
3.23266
3.61599
6.14975
5.52356
3.53605
1.77372
4.15571
1.51887
5.04439
1
4.54019
2.29956
5.70044
6.40939
6.24793
5.43741
6.39232
5.30378
4.43741
2.04182
3.71049
3.02748
1
6.12516
3
2.18763
3.51525
3.61599
6.02237
5.49185
4.23742
1.9027
5.43741
5.80735
5.85798
6
5.52356
4.45943
4.92283
2.80735
2.5518
1
5.45943
2.21573
6.12516
2.34792
4.62449
6.39232
6
6
6
6.02237
6.44294
5.37504
2.03562
3.68182
4.8413
3.88264
3.94486
2.51019
7.02237
4.38466
4.28951
3.0614
6.35755
7.2384
3.90689
4
5.64386
6.43582
3.05063
7.21917
5.04439
3.32193
3.24793
5.86212
3.35364
1.32193
4.59826
3.0614
4.35755
3.24793
4.98765
2.21412
6.26679
5.30378
6.02237
3.45943
3.22239
2.89077
4.80735
1
6.86212
4.27302
5.52356
6.30378
5.55459
5.32193
5.90689
5.35755
5.85798
3.24793
4.74664
2.03562
3.26679
2.12553
4.59826
3.0614
6.35755
7.2384
3.90689
4
5.64386
6.43582
3.05063
5.78136
6.40939
3.32193
3.24793
5.86212
3.35364
1.32193
4.59826
3.0614
4.35755
3.24793
3.98765
3.61599
6.02237
5.90689
2.67807
6.63904
4.52356
5.78136
5.53916
4.78136
3.45943
3.22239
2.89077
4.80735
1
2.95523
2.1803
4.81762
1
1.48368
5.96963
4.49185
3.80735
5.65344
3.15754
2.16046
7.36632
5.49185
6
2.8365
5.29768
2.61005
2.67807
6.63904
6.84549
3.2384
6
6
6
6
3.23266
6.18982
5.80735
6.6865
5.04439
3.32193
3.24793
8.44708
3.90689
4
5.64386
5.65821
5.52356
4.75489
2.6746
6.0954
6.52356
5.64386
4.04439
4.43105
3
2.18763
4.71961
6
6
6
6
4.61471
5.22882
5.04439
1.04134
4.35962
1.70722
7.91289
6
4.72792
5.32193
3.02748
2.21573
8.44708
3.90689
4
5.64386
3.51525
3.23266
2.77259
3.92125
5.86212
4.30378
4.67243
6.52356
6.53916
4.52356
3.08746
4.18322
3.61599
4.14975
2.12553
4.59826
1.51887
5.04439
1
4.54019
3.36565
4.24793
7.19967
3.70044
5.50779
7.46761
6
5.49185
3.0614
4.35755
3.24793
4.54019
1
0.584963
7.91289
6.71425
6.20945
5.61471
6.02237
7.02237
6.16993
3.24793
2.95523
3.92352
6.46761
4.13516
4
4.32193
7.91289
6.39232
3.24793
3.44708
9.0954
5.72247
6.94251
6
6
6
6
2.5518
6
6
6.88264
3.20163
3.43296
3.96963
6.24793
6.70044
4.24793
6.18982
3.05889
5.18587
5.52356
4.75489
6.37504
6
6
6
6
5.20945
5.83289
6.26679
4.43105
2.34792
5.20945
4.83289
2.16046
8.24317
3.90689
4
5.64386
3.75132
2.07039
7.24793
3
6.91886
3.90689
4
5.64386
3.51525
3.23266
6.94251
5.67243
3.96963
4.64386
2.2854
4.87447
5.52356
3.08246
5.56478
4.90689
5.61471
4.62449
4.05889
1.05184
6.65105
4.27302
4.65344
5.52356
3.08246
2.82782
6.39232
7.13955
4.27302
5.52356
6.30378
5.55459
5.32193
3.09954
6.13955
3.20163
3.43296
4.55459
2.67807
5.90207
6.94251
2.60204
3.67807
3.22239
4.89077
3.07039
2.90046
6.37504
2.54253
6.12928
4.9542
4.62449
4.88264
4.9542
4.24793
4.60486
1.05184
6.65105
4.27302
4.91648
2.29956
4.37851
6.24793
2.58496
5.90207
6.02237
2.09686
3.67807
3.22239
2.89077
3.34792
4.15571
3.0614
4.35755
3.24793
3.44708
1
0.584963
6.04439
5.04439
4.29768
4.45943
3.24793
6.12516
3
2.18763
4.71961
2.03562
3.68182
6.42626
5.61471
5.61471
4.74296
5.90689
5.30378
6
6
6
6
6.76818
2.03562
3.26679
2.12553
4.59826
1.51887
7.36632
6.13955
3.90689
3.58496
5.64386
6.40939
6.24793
6.12928
7.2384
5.80735
4.91886
1.51887
7.36632
7.13955
1.70722
7.91289
6
4.72792
6.32193
2
5.56986
2.34792
5.90207
5.02237
4.43741
5.67243
5.64386
5.13955
2.21412
3.94486
2.51019
3.32193
7.13955
3.05063
1.26497
1
3.65208
3.96963
6.32193
5.52356
3.06609
7
6
5.52356
6.74147
3.32193
4.81762
1.51887
7.36632
6.13955
6.52356
5.72792
5
3.43741
4.67243
6.52356
5.53916
4.78136
4.44294
5.9542
5.35755
1.58496
2.50779
5.63597
6.39232
6.26679
5.61471
6
6
6
6
2.12433
6.77347
5.22239
3.54432
6.65105
6
6
6
6
7.76818
3.90689
4
5.64386
3.88562
2.71786
3.92057
5.16993
2.9386
6.04439
4.848
4.32912
2.5502
1.70044
3.65208
2.1803
4.81762
1
7.36632
5.13955
4.05063
3.07529
6.72792
5.67243
5.55459
3.73697
4.89077
6.39232
3.55459
6
6
6
6
2.95523
5.86212
6.30378
5.55459
5.83289
5.02237
4.05889
4.53492
2.89077
6.80735
6
6
6
6
6
4.45943
2.41954
7.45943
3.90689
6
6
6
6
3.61599
6.14975
5.88264
6.35755
4.91648
1.51887
7.36632
3.55459
3.36565
6.24793
5.43741
6.39232
1.3278
5.47393
1
2.18763
4.92125
2.21412
6.26679
5.30378
6.02237
3.45943
3.22239
2.89077
4.80735
1
6.44708
2.71786
3.26849
3.7761
6.30378
5.45943
4.43741
2.04182
7.16993
5.90689
3.08746
3.18322
2.1803
4.81762
1
7.36632
7.13955
4.27302
5.52356
6.30378
5.55459
5.32193
5.90689
