169
8
8
3.76818
7.2384
4.36565
6.74147
5.03709
8.224
8.3966
7.42626
5.92283
6.41785
8.224
4.09741
3.76818
7.2384
2.78822
2.66297
0.993014
10.7271
4.52878
7.77479
7.53138
5.63662
5.03709
8.224
4.09741
3.76818
7.2384
1
6.42626
6.50779
7.40939
4.98489
4.87213
3.06041
7.94837
3.77385
4.92481
6.93664
6.65821
7.59246
7.61471
6.07325
6.59991
6.62205
2.64386
13.5549
5.07146
4.52982
6.90087
4.09741
3.76818
7.2384
8.32643
7.41785
6.50779
7.40939
7.56986
5.94642
5.6837
5.58496
3.97863
8.224
6.4865
4.70659
8.224
5.07146
4.52982
6.3159
8.3966
7.42626
5.92283
6.41785
8.224
4.25873
6.87652
6.6865
5.46597
7.07682
4.91488
10.6317
5.07146
4.52982
7.90087
4.51854
6.16993
3.29278
8.73809
4.09741
3.76818
7.2384
4.36565
6.74147
5.03709
7.224
4.74147
4.7211
5.80735
6.61471
5.05889
4.80735
4.37156
5.05063
4.70659
8.224
5.3966
7.49185
5.62936
5.13841
5.42066
1
6.40939
3.64
6.80735
5.0045
6.60733
7.87652
5.42626
5.30117
6.3634
4.09741
3.76818
8.2384
3.64386
6.81378
6.53138
3.92057
3.06041
7.94837
3.61203
6.42066
6.04439
7.61471
6.50779
7.67243
6.07325
6.59991
8.3837
4.36565
6.74147
5.03709
8.224
4.94382
4.16993
5.70598
5.27922
7.7879
5.23522
7.71425
5.05889
4.80735
6.69349
7.90087
5.03709
8.224
4.18488
4.48113
5.84549
4.96193
5.63662
5.61471
6.76155
7.50779
5.9386
5.06916
5.06916
2.64386
12.1399
5.51907
5.16993
4.10553
5.72338
7.56986
6.61471
5.53138
6.13614
8.07682
5.84967
5.1565
4.80735
4.37156
4.85798
7.2384
5.5812
6.61471
6.63662
7.54689
7.41785
7.45121
6.46761
6.41785
8.39232
3.95777
7.82655
5.52356
6.49185
7.45121
5.62936
7.71425
5.96963
5.55459
3.46566
6.72338
8.02791
7.6865
6
6.22239
3.59202
10.6317
6.4865
5.06916
4.63097
5.46597
6.80735
4.79181
3.46566
5.50098
5.50779
7.91289
7.50779
5.9386
3.96963
8.2384
6.4865
5.06916
4.63097
7.7879
7.66534
7.44294
7.46761
8
5.21594
6.18982
6.12928
4.58496
6.80735
4.52878
1
5.05889
4.80735
4.25334
8.2384
3.3505
6.21594
7.99435
3.61203
8.00562
6.49985
4.45213
4.13841
7.64386
6.10154
8.3837
5.74416
5.22497
6.60733
4.25481
6.30834
7.65821
6.62205
7.6865
8
9.66711
3.3505
6.21594
5.99435
3.48555
8.85487
3.56224
8.73809
4.09741
3.76818
8.2384
6.07146
7.97728
7.45121
5
6.72338
5.89885
5.62205
5.03709
7.224
5.16189
6.6865
7.58496
6.5157
8.00562
5.49985
6.66534
4.8147
7.62205
4.44478
11.0468
4.45943
8.07682
7.42626
6.49985
6.8009
7.65821
5.03709
8.224
4.20645
6.66534
4.8147
5.30012
4.07039
6.40939
8.54689
7.41785
7.40939
8
6.62205
2.64386
14.1399
3.97323
5.72338
6.56986
7.56224
5.96193
6.6865
6.10154
8.3837
8.3966
7.42626
5.92283
6.41785
8.224
4.09741
3.76818
8.2384
3.3505
5.8009
3.72362
7.39232
6.59991
5.12102
7.54689
8
7.90689
4.49541
5.50462
2.01954
12.5549
4.0915
5.12928
4.13841
5.40939
5.48382
6.53916
7.43463
5.89885
7.91289
5.3147
7.94837
3.61203
6.42066
6.04439
7.90689
7.41785
7.46761
8
3.91966
6.06609
4.62205
10.6317
6.07146
4.07039
7.99435
6.11374
6.46761
5.54689
7.42626
7.48382
4.25481
6.30834
7.65821
5.03709
8.224
8.3966
6.42626
7.54689
8
6.06609
4.71425
6.33985
5.03709
8.224
6.4865
5.06916
7.8009
5.46761
6.50779
7.40939
7.99435
5.5812
7.5157
4.73471
5.22055
6.08037
6.59991
7.62205
4.62205
8.77376
10.8765
8
7.41785
7.42626
6.45121
7.40939
7.62205
8.3837
4.36565
6.1565
8.3837
3.77385
4.92481
7.93664
5.96193
5.71425
7.59991
5.49985
7.62936
7.97728
8
8
7.45943
7.87652
4.04775
6.80735
5.51907
4.90689
7.00562
7.58496
6.49985
5.8009
4.52356
1
8.39232
3.64386
5.81378
8.39232
3.97323
5.30834
7.54689
6.54689
6
4.17719
5.22055
6.08037
6.59991
8.3837
5.07146
4.52982
6.90087
4.09741
4.96083
7.87652
5.42626
5.52356
5.50779
5.87652
5.40599
5.38543
6.1565
8.3837
4.09741
3.76818
8.2384
3.3505
5.8009
3.72362
8.39232
5.58496
6.56986
7.80735
7.5157
5.8009
3.72362
6.39232
3.77385
4.92481
5.61471
6.10852
4.16993
4.85798
8.39232
5.07146
4.52982
7.90087
8.5812
6.42626
6.50779
7.40939
4.98489
4.87213
3.06041
6.3634
4.09741
3.76818
7.2384
8.32643
7.41785
6.50779
7.40939
7.56986
5.94642
5.6837
5.58496
3.97863
7.224
4.04876
6.67948
1
6.74819
4.49541
5.01919
8.39232
6.07146
4.07039
6.40939
4.54689
6.52356
7.57743
3.30666
13.5549
5.25873
4.17564
8.39232
4.69617
4.90689
6.84549
5.89077
5.13516
8.39232
4.48971
6.03709
7.72792
5.24031
7.54689
8
5.93074
5.02975
4.17564
8.39232
5.52356
4.6845
5.62936
7.2384
5.0045
5.02237
6.72338
7.48382
7.71425
5.74819
7.77479
6.44294
7.45121
7.61471
5.25927
5.94642
5.6837
6.58496
5.30117
7.94837
6.07146
4.07039
7.99435
4.52878
5.45286
6.05889
5.07325
7.58496
5.63662
8.3837
7.07146
5.88264
7.54689
8
5.92481
6.26053
4.69249
7.84549
5.25873
4.39803
3.97863
7.224
3.97323
8.30834
7.45121
7.49185
3.8009
7.76155
6.45121
6.45943
5.80735
7.61471
4.96963
3.76671
4.60126
4.70659
7.224
3.77385
4.92481
5.61471
6.10852
4.16993
4.85798
8.39232
5.25873
4.17564
6.39232
3.77385
7.92481
6.46761
5.34341
6.65821
4.73954
12.6317
4.36565
6.74147
5.03709
7.224
3.61203
4.6837
7.87652
6.53916
4.61471
7.52356
7.7879
6.08037
6.59991
5.03709
8.224
4.09741
3.76818
7.2384
5.25873
4.39803
3.97863
7.224
5.51907
5.16993
6.32793
4.62936
4.74147
6.72338
4.56847
3.97863
7.224
5.51907
7.49185
7.54689
7.62936
7.53138
6.67948
3.97863
8.224
6.07146
4.07039
7.99435
4.74147
4.7211
5.80735
6.61471
5.05889
4.80735
4.37156
5.05063
4.70659
7.224
0.870892
5.26107
7.57743
8
6.10154
5.60733
4.80735
5.64962
3.97863
8.224
3.96023
2.36364
9.08215
5.0045
5.02237
1
7.64386
4.22707
5.93664
5.64962
1
8.224
6.07146
4.07039
7.99435
3.3505
5.8009
3.72362
6.80735
5.51907
5.16993
6.32793
4.62936
4.74147
6.72338
4.85798
6.80735
4.79181
5.20294
4.0607
4.1565
5.01919
7.39232
4.09741
3.76818
8.2384
6.07146
5.65535
5.96193
7.74819
7.62205
7.45943
7.62205
8
5.26107
3.3295
7.8392
6.54689
5
7.90689
5.94642
4.87213
3.81277
7.99435
4.09741
3.76818
7.2384
4.48971
5.62205
6.62205
4.99354
4.16993
5.70598
5.30117
7.94837
3.61203
4.6837
7.87652
6.53916
4.61471
7.52356
7.7879
6.08037
6.59991
5.03709
7.224
5.51907
6.49185
4.87652
5.66534
6.74147
5.36457
6.85798
7.56986
5.27798
5.26053
4.6837
6.87652
4.62205
12.6317
5.25873
4.17564
8.39232
5.58496
6.56986
7.80735
7.5157
5.8009
3.72362
8.39232
3.64386
5.81378
6.39232
3.77385
4.92481
7.93664
6.54689
6.8009
7.58496
6.49985
6.45121
6.07325
6.59991
7.3837
6.54689
5.22239
5.9386
7.77479
6.03709
7.56986
5.30117
7.94837
5.07146
4.52982
7.90087
4.0915
7.71425
5.26053
4.63097
6.27302
4.85086
5.13516
8.39232
3.97323
8.30834
7.45121
7.49185
3.99354
4.25334
8.2384
4.09741
3.76818
7.2384
5.25873
4.17564
8.39232
4.69617
7.71425
4.94084
7.7879
4.85798
7.84549
4.09741
3.76818
7.2384
4.74147
4.7211
5.80735
6.61471
5.05889
4.80735
4.37156
5.05063
6.87652
4.62205
11.0468
6.50779
5.43962
3.45036
6.16993
6.49985
6.8009
6.07325
8.3837
4.09741
3.76818
8.2384
5.07146
4.15131
5.38543
6.74147
5.03709
8.224
5.30639
7.63662
8
6.48382
8.3837
3.3505
5.8009
3.72362
7.39232
3.61203
6.42066
6.04439
7.90689
7.41785
7.46761
8
5.01919
8.39232
6.07146
4.07039
7.99435
5.07146
4.52982
7.90087
4.52878
5.45286
6.05889
5.07325
7.58496
5.63662
8.3837
5.52356
4.6845
5.62936
8.2384
6.18488
7.45943
7.73471
7.46761
7.45121
7.61471
5.07146
4.52982
7.90087
6.07146
5.65535
5.96193
7.74819
7.62205
7.45943
8
6.41918
4.02734
1
7.44018
4.58925
6.1565
6.87652
7.8009
6.87652
4.62205
10.6317
6.07146
4.07039
7.99435
3.77385
5.58496
5.82018
5.50779
6.08746
6.55459
3.36923
12.5549
4.11374
7.90087
6.58496
6.59991
5.03709
8.224
4.36565
6.74147
5.03709
8.224
6.07146
7.97728
7.45121
5
6.72338
5.89885
5.62205
5.03709
8.224
6.07146
4.07039
6.40939
4.36565
6.74147
5.03709
8.224
5.52356
4.6845
5.62936
7.2384
5.25873
4.17564
8.39232
5.58496
6.56986
7.80735
7.5157
5.8009
3.72362
7.39232
4.50779
6.07325
7.3837
5.51907
6.49185
7.87652
7.46761
6.48382
7.59246
7.42626
7.45121
7.61471
3.61203
5.6837
1
5.48543
7.5157
6.61471
6.44294
6.45121
7.40939
5.40939
5.48382
6.53916
7.43463
5.89885
4.21245
4.05889
5.98641
4.55459
4.2362
7.99435
3.61203
6.42066
6.04439
7.90689
7.41785
7.46761
8
3.91966
6.06609
3.37412
12.4345
7.41785
6.74147
5.03709
7.224
3.61203
4.6837
7.87652
6.53916
4.61471
7.52356
7.7879
6.08037
6.59991
5.03709
7.224
5.16189
4.22707
4.2362
6.40939
8.54689
6.41785
7.41785
8
7.99435
5.3966
7.49185
7.41785
7.82655
5.51907
4.90689
8.00562
4.39232
6.39232
5.62936
4.25481
5.13841
5.97154
5.7866
4.6837
5.06916
2.64386
12.1399
5.0045
5.02237
5.98641
5.87652
8.3837
3.81164
3.94251
5.10852
4.77007
5.58496
3.81277
7.99435
3.3505
6.21594
6.99435
6.47573
5.30743
7.58496
5.05166
4.52356
1
5.20294
4.47573
4.37156
4.85798
8.2384
4.10329
5.41278
5.74819
2.90087
8.3837
6.07146
4.07039
7.99435
3.3505
5.8009
3.72362
6.39232
3.77385
5.58496
6.23522
7.58496
5.63662
8.3837
6.07146
4.07039
7.99435
5.07146
4.52982
7.90087
5.52356
4.6845
5.62936
7.2384
4.36565
6.74147
5.03709
8.224
4.94382
4.16993
5.70598
5.27922
7.7879
5.23522
7.71425
5.05889
4.80735
6.69349
7.90087
5.03709
8.224
3.95777
7.82655
5.25873
4.17564
6.39232
5.48382
6.53916
1
5.02237
5.13841
5.91488
6.66534
4.8147
5.30012
7.97728
7.56986
6.02975
4
7.39232
4.09741
3.76818
7.2384
4.36565
6.74147
5.03709
7.224
4.74147
4.7211
5.80735
6.61471
5.05889
4.80735
4.37156
5.05063
4.70659
8.224
6.54689
6.10154
5.60733
4.80735
5.64962
3.97863
8.224
3.64386
5.81378
3.81277
7.99435
4.58925
7.74147
7.41785
7.46761
5.03814
5.22055
6.08037
6.59991
8.3837
6.07146
4.07039
6.40939
4.36565
6.74147
5.03709
8.224
7.53138
6.41785
7.40939
5.52356
4.96743
6.62936
5.62205
5.03709
8.224
2.73639
2.19931
9.14211
8.54689
7.41785
7.40939
8
7.62205
5.62205
7.42626
3.76818
7.2384
4.36565
6.74147
5.03709
8.224
8.3966
7.42626
5.92283
6.41785
8.224
4.09741
3.76818
7.2384
2.78822
2.66297
0.993014
10.7271
4.52878
7.77479
7.53138
5.63662
5.03709
8.224
4.09741
3.76818
7.2384
1
6.42626
6.50779
7.40939
4.98489
4.87213
3.06041
7.94837
3.77385
4.92481
6.93664
6.65821
7.59246
7.61471
6.07325
6.59991
6.62205
2.64386
13.5549
5.07146
4.52982
6.90087
4.09741
3.76818
7.2384
8.32643
7.41785
6.50779
7.40939
7.56986
5.94642
5.6837
5.58496
3.97863
8.224
6.4865
4.70659
8.224
5.07146
4.52982
6.3159
8.3966
7.42626
5.92283
6.41785
8.224
4.25873
6.87652
6.6865
5.46597
7.07682
4.91488
10.6317
5.07146
4.52982
7.90087
4.51854
6.16993
3.29278
8.73809
4.09741
3.76818
7.2384
4.36565
6.74147
5.03709
7.224
4.74147
4.7211
5.80735
6.61471
5.05889
4.80735
4.37156
5.05063
4.70659
8.224
5.3966
7.49185
5.62936
5.13841
5.42066
1
6.40939
3.64
6.80735
5.0045
6.60733
7.87652
5.42626
5.30117
6.3634
4.09741
3.76818
8.2384
3.64386
6.81378
6.53138
3.92057
3.06041
7.94837
3.61203
6.42066
6.04439
7.61471
6.50779
7.67243
6.07325
6.59991
8.3837
4.36565
6.74147
5.03709
8.224
4.94382
4.16993
5.70598
5.27922
7.7879
5.23522
7.71425
5.05889
4.80735
6.69349
7.90087
5.03709
8.224
4.18488
4.48113
5.84549
4.96193
5.63662
5.61471
6.76155
7.50779
5.9386
5.06916
5.06916
2.64386
12.1399
5.51907
5.16993
4.10553
5.72338
7.56986
6.61471
5.53138
6.13614
8.07682
5.84967
5.1565
4.80735
4.37156
4.85798
7.2384
5.5812
6.61471
6.63662
7.54689
7.41785
7.45121
6.46761
6.41785
8.39232
3.95777
7.82655
5.52356
6.49185
7.45121
5.62936
7.71425
5.96963
5.55459
3.46566
6.72338
8.02791
7.6865
6
6.22239
3.59202
10.6317
6.4865
5.06916
4.63097
5.46597
6.80735
4.79181
3.46566
5.50098
5.50779
7.91289
7.50779
5.9386
3.96963
8.2384
6.4865
5.06916
4.63097
7.7879
7.66534
7.44294
7.46761
8
5.21594
6.18982
6.12928
4.58496
6.80735
4.52878
1
5.05889
4.80735
4.25334
8.2384
3.3505
6.21594
7.99435
3.61203
8.00562
6.49985
4.45213
4.13841
7.64386
6.10154
8.3837
5.74416
5.22497
6.60733
4.25481
6.30834
7.65821
6.62205
7.6865
8
9.66711
3.3505
6.21594
5.99435
3.48555
8.85487
3.56224
8.73809
4.09741
3.76818
8.2384
6.07146
7.97728
7.45121
5
6.72338
5.89885
5.62205
5.03709
7.224
5.16189
6.6865
7.58496
6.5157
8.00562
5.49985
6.66534
4.8147
7.62205
4.44478
11.0468
4.45943
8.07682
7.42626
6.49985
6.8009
7.65821
5.03709
8.224
4.20645
6.66534
4.8147
5.30012
4.07039
6.40939
8.54689
7.41785
7.40939
8
6.62205
2.64386
14.1399
3.97323
5.72338
6.56986
7.56224
5.96193
6.6865
6.10154
8.3837
8.3966
7.42626
5.92283
6.41785
8.224
4.09741
3.76818
8.2384
3.3505
5.8009
3.72362
7.39232
6.59991
5.12102
7.54689
8
7.90689
4.49541
5.50462
2.01954
12.5549
4.0915
5.12928
4.13841
5.40939
5.48382
6.53916
7.43463
5.89885
7.91289
5.3147
7.94837
3.61203
6.42066
6.04439
7.90689
7.41785
7.46761
8
3.91966
6.06609
4.62205
10.6317
6.07146
4.07039
7.99435
6.11374
6.46761
5.54689
7.42626
7.48382
4.25481
6.30834
7.65821
5.03709
8.224
8.3966
6.42626
7.54689
8
6.06609
4.71425
6.33985
5.03709
8.224
6.4865
5.06916
7.8009
5.46761
6.50779
7.40939
7.99435
5.5812
7.5157
4.73471
5.22055
6.08037
6.59991
7.62205
4.62205
8.77376
10.8765
8
7.41785
7.42626
6.45121
7.40939
7.62205
8.3837
4.36565
6.1565
8.3837
3.77385
4.92481
7.93664
5.96193
5.71425
7.59991
5.49985
7.62936
7.97728
8
8
7.45943
7.87652
4.04775
6.80735
5.51907
4.90689
7.00562
7.58496
6.49985
5.8009
4.52356
1
8.39232
3.64386
5.81378
8.39232
3.97323
5.30834
7.54689
6.54689
6
4.17719
5.22055
6.08037
6.59991
8.3837
5.07146
4.52982
6.90087
4.09741
4.96083
7.87652
5.42626
5.52356
5.50779
5.87652
5.40599
5.38543
6.1565
8.3837
4.09741
3.76818
8.2384
3.3505
5.8009
3.72362
8.39232
5.58496
6.56986
7.80735
7.5157
5.8009
3.72362
6.39232
3.77385
4.92481
5.61471
6.10852
4.16993
4.85798
8.39232
5.07146
4.52982
7.90087
8.5812
6.42626
6.50779
7.40939
4.98489
4.87213
3.06041
6.3634
4.09741
3.76818
7.2384
8.32643
7.41785
6.50779
7.40939
7.56986
5.94642
5.6837
5.58496
3.97863
7.224
4.04876
6.67948
1
6.74819
4.49541
5.01919
8.39232
6.07146
4.07039
6.40939
4.54689
6.52356
7.57743
3.30666
13.5549
5.25873
4.17564
8.39232
4.69617
4.90689
6.84549
5.89077
5.13516
8.39232
4.48971
6.03709
7.72792
5.24031
7.54689
8
5.93074
5.02975
4.17564
8.39232
5.52356
4.6845
5.62936
7.2384
5.0045
5.02237
6.72338
7.48382
7.71425
5.74819
7.77479
6.44294
7.45121
7.61471
5.25927
5.94642
5.6837
6.58496
5.30117
7.94837
6.07146
4.07039
7.99435
4.52878
5.45286
6.05889
5.07325
7.58496
5.63662
8.3837
7.07146
5.88264
7.54689
8
5.92481
6.26053
4.69249
7.84549
5.25873
4.39803
3.97863
7.224
3.97323
8.30834
7.45121
7.49185
3.8009
7.76155
6.45121
6.45943
5.80735
7.61471
4.96963
3.76671
4.60126
4.70659
7.224
3.77385
4.92481
5.61471
6.10852
4.16993
4.85798
8.39232
5.25873
4.17564
6.39232
3.77385
7.92481
6.46761
5.34341
6.65821
4.73954
12.6317
4.36565
6.74147
5.03709
7.224
3.61203
4.6837
7.87652
6.53916
4.61471
7.52356
7.7879
6.08037
6.59991
5.03709
8.224
4.09741
3.76818
7.2384
5.25873
4.39803
3.97863
7.224
5.51907
5.16993
6.32793
4.62936
4.74147
6.72338
4.56847
3.97863
7.224
5.51907
7.49185
7.54689
7.62936
7.53138
6.67948
3.97863
8.224
6.07146
4.07039
7.99435
4.74147
4.7211
5.80735
6.61471
5.05889
4.80735
4.37156
5.05063
4.70659
7.224
0.870892
5.26107
7.57743
8
6.10154
5.60733
4.80735
5.64962
3.97863
8.224
3.96023
2.36364
9.08215
5.0045
5.02237
1
7.64386
4.22707
5.93664
5.64962
1
8.224
6.07146
4.07039
7.99435
3.3505
5.8009
3.72362
6.80735
5.51907
5.16993
6.32793
4.62936
4.74147
6.72338
4.85798
6.80735
4.79181
5.20294
4.0607
4.1565
5.01919
7.39232
4.09741
3.76818
8.2384
6.07146
5.65535
5.96193
7.74819
7.62205
7.45943
7.62205
8
5.26107
3.3295
7.8392
6.54689
5
7.90689
5.94642
4.87213
3.81277
7.99435
4.09741
3.76818
7.2384
4.48971
5.62205
6.62205
4.99354
4.16993
5.70598
5.30117
7.94837
3.61203
4.6837
7.87652
6.53916
4.61471
7.52356
7.7879
6.08037
6.59991
5.03709
7.224
5.51907
6.49185
4.87652
5.66534
6.74147
5.36457
6.85798
7.56986
5.27798
5.26053
4.6837
6.87652
4.62205
12.6317
5.25873
4.17564
8.39232
5.58496
6.56986
7.80735
7.5157
5.8009
3.72362
8.39232
3.64386
5.81378
6.39232
3.77385
4.92481
7.93664
6.54689
6.8009
7.58496
6.49985
6.45121
6.07325
6.59991
7.3837
6.54689
5.22239
5.9386
7.77479
6.03709
7.56986
5.30117
7.94837
5.07146
4.52982
7.90087
4.0915
7.71425
5.26053
4.63097
6.27302
4.85086
5.13516
8.39232
3.97323
8.30834
7.45121
7.49185
3.99354
4.25334
8.2384
4.09741
3.76818
7.2384
5.25873
4.17564
8.39232
4.69617
7.71425
4.94084
7.7879
4.85798
7.84549
4.09741
3.76818
7.2384
4.74147
4.7211
5.80735
6.61471
5.05889
4.80735
4.37156
5.05063
6.87652
4.62205
11.0468
6.50779
5.43962
3.45036
6.16993
6.49985
6.8009
6.07325
8.3837
4.09741
3.76818
8.2384
5.07146
4.15131
5.38543
6.74147
5.03709
8.224
5.30639
7.63662
8
6.48382
8.3837
3.3505
5.8009
3.72362
7.39232
3.61203
6.42066
6.04439
7.90689
7.41785
7.46761
8
5.01919
8.39232
6.07146
4.07039
7.99435
5.07146
4.52982
7.90087
4.52878
5.45286
6.05889
5.07325
7.58496
5.63662
8.3837
5.52356
4.6845
5.62936
8.2384
6.18488
7.45943
7.73471
7.46761
7.45121
7.61471
5.07146
4.52982
7.90087
6.07146
5.65535
5.96193
7.74819
7.62205
7.45943
8
6.41918
4.02734
1
7.44018
4.58925
6.1565
6.87652
7.8009
6.87652
4.62205
10.6317
6.07146
4.07039
7.99435
3.77385
5.58496
5.82018
5.50779
6.08746
6.55459
3.36923
12.5549
4.11374
7.90087
6.58496
6.59991
5.03709
8.224
4.36565
6.74147
5.03709
8.224
6.07146
7.97728
7.45121
5
6.72338
5.89885
5.62205
5.03709
8.224
6.07146
4.07039
6.40939
4.36565
6.74147
5.03709
8.224
5.52356
4.6845
5.62936
7.2384
5.25873
4.17564
8.39232
5.58496
6.56986
7.80735
7.5157
5.8009
3.72362
7.39232
4.50779
6.07325
7.3837
5.51907
6.49185
7.87652
7.46761
6.48382
7.59246
7.42626
7.45121
7.61471
3.61203
5.6837
1
5.48543
7.5157
6.61471
6.44294
6.45121
7.40939
5.40939
5.48382
6.53916
7.43463
5.89885
4.21245
4.05889
5.98641
4.55459
4.2362
7.99435
3.61203
6.42066
6.04439
7.90689
7.41785
7.46761
8
3.91966
6.06609
3.37412
12.4345
7.41785
6.74147
5.03709
7.224
3.61203
4.6837
7.87652
6.53916
4.61471
7.52356
7.7879
6.08037
6.59991
5.03709
7.224
5.16189
4.22707
4.2362
6.40939
8.54689
6.41785
7.41785
8
7.99435
5.3966
7.49185
7.41785
7.82655
5.51907
4.90689
8.00562
4.39232
6.39232
5.62936
4.25481
5.13841
5.97154
5.7866
4.6837
5.06916
2.64386
12.1399
5.0045
5.02237
5.98641
5.87652
8.3837
3.81164
3.94251
5.10852
4.77007
5.58496
3.81277
7.99435
3.3505
6.21594
6.99435
6.47573
5.30743
7.58496
5.05166
4.52356
1
5.20294
4.47573
4.37156
4.85798
8.2384
4.10329
5.41278
5.74819
2.90087
8.3837
6.07146
4.07039
7.99435
3.3505
5.8009
3.72362
6.39232
3.77385
5.58496
6.23522
7.58496
5.63662
8.3837
6.07146
4.07039
7.99435
5.07146
4.52982
7.90087
5.52356
4.6845
5.62936
7.2384
4.36565
6.74147
5.03709
8.224
4.94382
4.16993
5.70598
5.27922
7.7879
5.23522
7.71425
5.05889
4.80735
6.69349
7.90087
5.03709
8.224
3.95777
7.82655
5.25873
4.17564
6.39232
5.48382
6.53916
1
5.02237
5.13841
5.91488
6.66534
4.8147
5.30012
7.97728
7.56986
6.02975
4
7.39232
4.09741
3.76818
7.2384
4.36565
6.74147
5.03709
7.224
4.74147
4.7211
5.80735
6.61471
5.05889
4.80735
4.37156
5.05063
4.70659
8.224
6.54689
6.10154
5.60733
4.80735
5.64962
3.97863
8.224
3.64386
5.81378
3.81277
7.99435
4.58925
7.74147
7.41785
7.46761
5.03814
5.22055
6.08037
6.59991
8.3837
6.07146
4.07039
6.40939
4.36565
6.74147
5.03709
8.224
7.53138
6.41785
7.40939
5.52356
4.96743
6.62936
5.62205
5.03709
8.224
2.73639
2.19931
9.14211
8.54689
7.41785
7.40939
8
7.62205
7.62205
7.40939
4.07039
7.99435
6.4865
5.06916
4.63097
4.85798
7.2384
3.77385
5.60288
6.66534
6.58496
6.57743
7.87652
7.41785
7.46761
8.3837
6.07146
5.65535
5.96193
7.74819
7.62205
7.45943
8.3837
5.25927
7.56224
6.56224
6.46761
7.40939
4.17659
4.71425
4.75489
8.3837
6.51833
7.46761
7.48382
6.09452
8.3837
5.52356
4.6845
5.62936
6.65344
4.24317
7.70044
7.53138
5.19377
5.91289
6.12928
5.32193
5.30117
7.94837
3.3505
5.8009
3.72362
8.39232
5.58496
6.56986
7.80735
7.5157
5.8009
3.72362
6.80735
4.74147
5.7211
4.64909
4.85798
6.39232
3.77385
7.90689
4.49541
5.01919
6.80735
4.74147
4.7211
5.80735
6.61471
5.05889
4.80735
4.37156
6.85798
4.44478
11.3098
4.94382
4.16993
4.56847
3.97863
8.224
6.4865
4.92283
7.45943
7.77479
6.63662
6.47573
5.7211
5.30117
7.94837
4.36565
6.74147
5.03709
8.224
5.30639
7.63662
7.60733
5.30012
5.26053
4.6837
4.70659
8.224
4.09741
6.76818
4.52982
6.90087
8.54689
7.53138
7.41785
5.01495
5.66534
5.1565
4.07039
7.99435
4.09741
3.76818
7.2384
4.36565
6.74147
5.03709
8.224
3.96023
2.36364
9.08215
4.74147
5.7211
4.9386
5.69349
6.18982
6.12928
6.61471
5.53138
6.13614
4.47573
4.37156
5.05063
5.06916
2.64386
13.5549
4.36565
6.74147
5.03709
7.224
3.97323
8.30834
7.43463
6.03709
5.06916
5.21594
1
6.01495
6.70736
6.08037
5.27798
5.26053
4.6837
4.70659
7.224
4.23589
5.21594
7.62936
7.5157
7.62936
7.97728
7.56986
6.02975
6.80735
6.10852
4.55459
4.2362
5.40939
5.48382
7.53916
7.67948
5.43582
4.64386
7.97728
5.33628
4.66534
5.13516
8.39232
4.16457
8.2384
6.0607
4.48829
5.44626
4.80735
5.69349
6.77479
7.5157
7.64386
6.12928
5.32193
6.10852
4.55459
4.2362
7.99435
3.64386
5.22882
5.25873
4.63097
5.46597
7.39232
2.56121
2.19301
10.7271
3.92283
6.47573
7.49985
7.49185
4.47573
7.69349
7.46761
6.46761
7.40939
4.64386
7.97728
7.65821
7.62205
4.62205
12.6317
5.74416
5.22497
6.62936
4.26303
4.24031
8.3837
5.25927
5.94642
5.6837
6.58496
6.10852
4.55459
4.2362
7.99435
5.58496
6.56986
7.80735
7.5157
5.8009
5.64962
3.97863
8.224
4.09741
3.76818
7.2384
4.54689
6.52356
7.57743
7.99435
5.52356
4.6845
5.62936
7.2384
3.77385
4.92481
5.61471
4.37156
5.85798
6.97728
5.86625
6.46761
7.41785
3.81277
6.40939
5.25873
4.17564
7.39232
3.61203
6.42066
7.62936
7.67948
6.6865
5.46597
6.80735
4.74147
5.7211
4.64909
4.85798
8.39232
5.52356
4.6845
5.62936
7.2384
3.77385
7.90689
4.49541
5.01919
8.39232
3.3505
6.8009
6.07325
7.3837
4.0915
5.12928
5.30834
4.37156
7.85798
5.6865
6.18982
6.45121
7.45943
7.06609
5.8009
8.2384
6.07146
4.07039
5.40939
5.48382
7.53916
7.67948
6.32193
7.84549
7.49185
6.1224
5.0607
5.17659
6.84549
7.47573
7.62205
8.3837
5.25873
4.39803
3.97863
8.224
4.48971
6.03709
7.72792
5.24031
7.54689
8
5.93074
5.02975
4.39803
3.97863
8.224
6.4865
5.87652
6.54689
6.60733
7.62936
6.42626
7.46761
7.40939
7.64386
6.12928
5.09954
3.97863
8.224
4.09741
3.76818
7.2384
5.48382
7.53916
7.67948
5.30639
7.63662
7.60733
5.30012
7.84549
4.66025
11.4345
7.45943
4.07039
7.99435
6.4865
5.06916
4.63097
4.85798
7.2384
6.74147
6.45943
5.8009
6.69349
2.90087
7.3837
4.23589
5.8009
7.2384
4.25873
5.06916
4.70659
8.224
5.08746
7.66534
7.43463
4.25481
6.30834
5.17659
5.26053
4.99354
7.62936
7.46761
7.45121
7.61471
4.96193
5.54226
7.85798
7.44294
6.43463
5.40599
6.97728
7.45121
7.40939
5.02237
7.94251
7.53138
3.90689
15.1399
3.3505
6.21594
6.99435
7.24317
7.42626
5.92283
7.41785
6.48382
6.35755
6.22239
4.75489
8.3837
4.09741
3.76818
8.2384
3.97323
8.30834
7.45121
7.49185
6.8009
6.65821
5.55459
3.46566
6.72338
8.02791
7.6865
6
6.22239
2.01954
15.1399
3.3505
5.8009
3.72362
7.39232
4.72544
6.59991
6.03709
7.71425
5.26053
8.224
4.09741
3.76818
7.2384
5.58496
6.56986
7.80735
7.5157
5.8009
3.72362
8.39232
6.07325
4.29768
12.1399
4.41954
5.05166
5.52356
7.94837
7.53138
6.41785
7.40939
5.52356
4.96743
6.62936
7.62205
3.36923
13.1399
8.3966
8
7.50779
6.14296
6.43463
7.64386
6.63662
4.10553
6.30834
7.65821
7.46761
3.53916
15.1399
3.3505
6.21594
7.99435
4.52878
7.77479
7.53138
5.63662
8.3837
4.09741
3.76818
8.2384
5.52356
6.49185
7.45121
5.62936
7.71425
5.96963
5.55459
3.46566
6.72338
8.02791
7.6865
6
6.22239
3.59202
12.6317
5.74416
5.22497
6.62936
4.26303
4.24031
8.3837
4.18488
6.65105
4.05889
5.98641
4.55459
4.2362
7.99435
3.3505
5.8009
3.72362
7.39232
4.72544
6.59991
6.03709
7.71425
5.26053
8.224
4.09741
3.76818
8.2384
3.61203
6.42066
7.62936
7.5157
5.62936
8.30834
7.49985
7.59991
5.20945
11.0468
5.08746
5.66534
6.76818
7.65821
7.42626
5.92283
6.41785
8.224
4.09741
3.76818
7.2384
4.36565
6.74147
5.03709
7.224
3.61203
4.6837
7.87652
6.53916
4.61471
7.52356
7.7879
6.08037
6.59991
5.03709
7.224
4.41954
5.63662
6.03709
4.71425
5.74819
7.77479
7.62205
7.48382
5.03709
8.224
6.07146
4.07039
7.99435
5.07146
4.52982
7.90087
2.63264
4.40475
1.71543
8.73809
4.09741
3.76818
7.2384
4.74147
4.7211
5.80735
6.61471
5.05889
4.80735
4.37156
5.05063
4.70659
8.224
5.65821
6.50779
8.39232
4.58925
5.1565
7.97728
7.56986
7.61471
4.96963
5.93664
6.97154
6.08037
6.59991
6.62205
2.64386
13.5549
4.36565
6.74147
5.03709
7.224
3.97323
8.30834
7.43463
6.03709
5.06916
5.21594
1
6.01495
6.70736
6.08037
5.27798
5.26053
4.6837
4.70659
8.224
6.90689
5.58496
7.50779
4.10046
5.13841
7.49985
7.56986
6.10852
4.55459
4.2362
7.99435
5.52356
4.6845
5.62936
7.2384
6.22497
7.56224
7.60733
5.1565
4.80735
4.52356
1
8.39232
6.07146
4.07039
5.40939
5.48382
7.53916
7.67948
6.32193
7.84549
7.49185
6.1224
5.0607
5.17659
6.84549
7.47573
7.62205
8.3837
5.25873
4.17564
6.39232
3.77385
5.58496
4.47573
5.69349
7.77479
6.07325
7.82655
4.85798
7.84549
4.09741
3.76818
7.2384
3.54253
3.22239
6.30834
7.45121
7.50779
7.59246
4.80735
5.74819
7.90087
5.03709
8.224
4.64
7.06609
7.8009
5.55459
5.12928
6.30834
7.65821
6.62205
2.64386
13.5549
4.36565
6.1565
8.3837
5.52356
4.6845
5.62936
7.2384
5.51907
6.49185
4.70659
7.58496
6.09452
7.53138
5.9386
5.06916
5.65821
5.1565
4.80735
4.37156
4.85798
8.2384
6.4865
5.06916
7.8009
6.46761
5.54689
6.55459
4.09741
6.76818
6.6865
7.62936
7.46761
5.92283
6.41785
8.224
4.09741
3.76818
7.2384
5.25873
4.17564
8.39232
6.22497
5.24031
6.10154
4.8009
7.97728
7.56986
6.02975
4
7.39232
4.09741
3.76818
8.2384
3.61203
6.42066
6.04439
7.90689
7.41785
7.46761
8
3.91966
6.06609
4.62205
12.0468
4.04876
5.35755
1
5.17564
5.22239
4.67243
5.81378
4.0607
5.41954
6.49985
4.85798
3.81277
7.99435
6.4865
6.50779
7.40939
7.57743
6.97728
6.12928
4.58496
8.39232
5.52356
4.6845
5.62936
8.2384
6.4865
5.87652
6.54689
5.02237
6.72338
4.85798
3.81277
7.99435
3.77385
5.60288
5.66534
5.1565
7.97728
7.42626
5.87447
5.30117
7.94837
0.870892
4.14078
6.76818
1
6.49185
4.55459
5.61471
6.69349
7.90087
8
4.11221
4.07435
3.23266
15.1399
4.77761
5.48382
5.8009
6.69349
2.90087
7.3837
3.64
7.39232
4.78572
6.08746
4.96963
5.61471
4.37156
6.85798
5.62936
5.67243
3.44392
13.5549
5.25873
4.17564
6.39232
4.23589
6.8009
7.58496
6.49985
4.99354
4.1565
5.01919
8.39232
4.24317
5.70044
7.06609
5.8009
8.2384
4.09741
3.76818
7.2384
5.51907
7.49185
7.54689
7.62936
7.53138
6.67948
3.97863
8.224
8.3966
7.42626
5.92283
6.41785
8.224
4.09741
6.76818
6.6865
5.46597
4.26946
4.9
1
4.49541
3.91966
3.97863
8.224
3.95777
7.82655
3.77385
4.92481
4.2362
7.99435
8.3966
7.42626
5.92283
6.41785
7.224
4.74147
4.7211
5.80735
6.61471
5.05889
4.80735
4.37156
5.05063
5.06916
2.64386
11.8179
4.45943
8.07682
7.42626
4.24031
8.3837
6.4865
6.87652
4.8009
7.97728
7.56986
6.02975
5
4.37638
7.90087
4.74147
5.7211
4.64909
4.85798
8.39232
6.4865
4.29155
7.64386
4.75489
5.39803
5.7866
6.42066
7.62936
4.87213
3.06041
7.94837
5.25873
4.17564
8.39232
6.4865
6.59991
5.58496
6.62936
5.9386
7.77479
5.62205
5.34341
6.07325
7.82655
4.85798
7.84549
3.61203
5.6837
6.58496
4.37638
6.90087
4.09741
3.76818
7.2384
5.25873
4.17564
8.39232
5.58496
6.56986
7.80735
7.5157
5.8009
5.64962
3.43155
14.0195
8
4.14078
7.76818
7.40939
5.06916
5.8009
7.90087
5.03709
7.224
3.61203
4.6837
7.87652
6.53916
4.61471
7.52356
7.7879
6.08037
6.59991
5.03709
7.224
5.16189
4.22707
4.2362
7.99435
5.3966
7.49185
7.41785
7.82655
5.51907
6.49185
4.87652
5.66534
6.74147
5.36457
6.85798
7.56986
5.27798
5.26053
4.6837
4.70659
8.224
3.95777
6.82655
4.0915
7.71425
5.05889
4.80735
4.52356
5.20294
3.81277
6.40939
5.25873
4.17564
7.39232
4.04876
6.67948
7.06609
5.8009
7.2384
4.74147
5.7211
4.64909
4.85798
8.39232
3.3505
5.8009
3.72362
6.39232
4.23589
6.8009
7.58496
6.49985
4.99354
4.1565
5.01919
8.39232
4.24317
5.70044
7.06609
5.8009
8.2384
4.09741
3.76818
8.2384
6.07146
5.65535
5.96193
7.74819
7.62205
7.45943
5.03709
7.224
5.25927
7.56224
6.56224
6.46761
7.40939
4.17659
4.71425
6.33985
7.62205
8
4.11221
4.07435
3.23266
12.5549
3.61203
4.6837
7.87652
5.74819
5.75489
7.52356
5.20294
3.81277
6.40939
5.54689
4.11974
4.77259
4.0607
4.1565
5.01919
8.39232
6.51833
7.46761
6.43463
4.56986
7.77479
3.95777
7.82655
3.92283
8.0607
7.52356
6.42626
5.81378
8.39232
5.9386
6.45943
4.38543
6.07325
7.65105
3.44392
14.1399
3.97323
8.30834
7.43463
6.03709
5.06916
5.21594
1
6.01495
6.70736
6.08037
5.27798
5.03814
4.56847
3.97863
8.224
4.09741
3.76818
7.2384
5.25873
4.17564
8.39232
3.3505
3.8009
7.76155
4.8147
4.45213
4.13841
6.64386
6.71425
6.07325
7.82655
4.85798
7.84549
4.58496
6.46761
6.55459
7.44294
5.54689
8.224
4.64386
7.7211
7.52356
7.41785
4.70834
5.30834
5.54689
4.41665
7.80427
6.59246
5.52356
8.2384
7.99435
8
5.20945
11.2992
5.52356
4.6845
5.62936
8.2384
4.50779
6.07325
8.3837
3.64386
5.81378
3.81277
7.99435
4.74147
5.7211
4.9386
5.69349
6.18982
6.12928
6.61471
5.53138
5.7211
6.08037
6.59991
8.3837
6.07146
4.07039
7.99435
5.07146
4.52982
7.90087
6.4865
5.06916
6.8009
6.63662
5.86625
7.65105
6.55459
3.36923
13.5549
6.07146
4.07039
7.99435
3.3505
6.21594
7.99435
3.77385
5.60288
5.66534
5.1565
4.80735
4.52356
4.98055
4.9386
6.32793
6.55459
8.3837
4.79181
7.7879
5.82018
5.50779
7.67243
7.44294
5.96193
7.41785
7.99435
6.74147
6.45943
5.89885
7.52356
6.97728
6.12928
7.90689
6.08037
6.59991
8.3837
4.64386
7.7211
6.49985
5.90689
10.6317
6.4865
5.06916
4.63097
4.98055
3.97863
8.224
6.4865
5.87652
6.54689
6.60733
6.04439
6.02975
5
4.37638
4.97728
5.26053
4.63097
4.98055
3.97863
8.224
6.07146
4.07039
7.99435
5.58496
6.56986
7.80735
7.5157
5.8009
5.64962
3.97863
8.224
5.90689
5.93664
5.98489
5.33985
7.72792
6.56224
7.45121
8
7.52356
6.12928
5.09954
3.97863
7.224
3.61203
4.6837
7.87652
5.74819
5.75489
7.52356
5.20294
3.81277
7.99435
3.3505
5.8009
3.72362
8.39232
6.90689
5.58496
7.50779
4.10046
5.13841
7.49985
6.56986
5.80735
6.61471
6.44294
6.45121
7.40939
5.40939
5.16189
6.6865
7.84549
7.47573
4.90689
5.42066
5.16993
5.1565
5.44626
4.80735
4.37156
6.85798
4.44478
13.6317
3.3505
6.8009
6.07325
8.3837
4.09741
3.76818
7.2384
4.36565
6.74147
5.03709
7.224
4.74147
4.7211
5.80735
6.61471
5.05889
4.80735
4.37156
5.05063
4.70659
8.224
5.52356
4.6845
5.62936
8.2384
3.61203
4.6837
5.87652
4.96193
5.63662
6.93664
6.1565
6.65105
4.05889
5.98641
4.55459
4.2362
6.40939
3.64
8.39232
5.25873
4.17564
8.39232
5.58496
6.56986
7.80735
7.5157
5.8009
3.72362
6.80735
4.79181
5.85798
6.97728
5.86625
6.46761
6.41785
8.39232
3.54253
3.22239
6.30834
7.45121
7.50779
7.59246
4.80735
5.74819
7.90087
5.03709
8.224
4.64
7.06609
7.8009
5.55459
5.12928
6.30834
7.65821
5.03709
8.224
4.50779
6.07325
7.3837
5.16189
6.10154
6.14296
6.1565
8.3837
6.07146
4.07039
5.40939
5.48382
7.53916
7.67948
8.32643
7.41785
6.50779
7.40939
7.56986
5.94642
5.6837
5.58496
7.06609
2.64386
12.5549
4.0915
5.12928
6.30834
6.07325
8.3837
4.79181
7.7879
5.82018
5.50779
7.67243
7.44294
5.96193
7.41785
7.99435
6.07146
4.07039
7.99435
5.07146
4.52982
7.90087
8.10329
7.42626
6.46761
7.40939
6.70736
6.08037
6.59991
3.36923
14.1399
5.52356
4.6845
5.62936
7.2384
6.54689
6.10154
5.7211
5.7866
5.42066
4.80735
4.37156
6.27302
5.65821
5.1565
4.80735
4.37156
4.85798
8.2384
6.4865
5.06916
4.63097
6.7879
5.94642
5.09452
6.39232
4.78338
5.42626
6.0607
7.65821
3.36923
8.22101
10.8765
8
8
5.05166
5.52356
6.94837
5.52356
6.49185
6.41785
7.54689
8
7.41785
4.45943
4.37638
7.90087
4.74147
5.7211
5.7866
6.42066
7.62936
4.87213
3.06041
7.94837
4.79181
5.85798
6.97728
5.86625
6.46761
6.41785
8.39232
3.3505
5.8009
3.72362
8.39232
4.25873
5.06916
5.55459
7.71425
6.44294
6.45121
7.40939
7.99435
4.50779
6.07325
8.3837
3.77385
5.58496
5.25334
4.98489
4.87213
8.30834
6.46761
6.46761
1
4.64386
4.80735
3.72362
6.39232
3.77385
5.32193
4.64909
4.70598
5.22239
7.52356
3.46566
5.50098
7.91289
6.45121
7.45943
4.49541
5.01919
6.80735
4.41954
5.05166
5.52356
7.94837
3.3505
5.8009
3.72362
8.39232
5.3966
7.49185
7.62936
6.7879
5.80735
6.61471
6.44294
6.45121
7.40939
7.99435
6.07146
4.07039
7.99435
5.07146
4.52982
7.90087
5.43582
4.64386
4.07039
7.99435
8.11374
7.42626
7.42626
5.24793
2.70782
14.1399
5.52356
4.6845
5.62936
8.2384
6.4865
4.70659
8.224
5.25873
4.17564
8.39232
4.69617
4.90689
6.84549
5.89077
5.13516
8.39232
5.52356
4.6845
5.62936
8.2384
3.64386
6.81378
6.53138
7.43463
6.46761
6.41785
8.39232
6.07146
4.07039
5.40939
5.48382
7.53916
7.67948
8.5812
6.42626
6.50779
7.40939
4.98489
4.87213
3.06041
6.3634
4.09741
3.76818
7.2384
8.32643
7.41785
6.50779
7.40939
7.56986
5.94642
5.6837
5.58496
6.06609
4.62205
10.6317
6.4865
5.06916
5.8009
2.90087
8.3837
3.64386
5.81378
4.22239
3.77259
7.2384
5.0045
5.60733
5.65535
5.96193
5.42626
5.30117
6.94837
5.52356
4.6845
5.62936
8.2384
5.07146
4.52982
7.90087
4.0915
7.71425
5.26053
4.63097
6.27302
4.85086
5.13516
8.39232
3.97323
8.30834
7.45121
7.49185
3.99354
4.25334
7.2384
6.54689
5.22239
5.9386
7.77479
6.03709
7.56986
6.08037
6.59991
7.3837
4.41954
5.05166
5.52356
7.94837
5.25873
4.17564
8.39232
5.58496
6.56986
7.80735
7.5157
5.8009
3.72362
6.80735
4.41954
6.63662
6
5.91488
6.46761
6.46761
6.41785
6.39232
3.77385
5.60288
7.66534
5.92283
7.67948
5.05683
7.77479
5.3147
7.94837
4.50779
6.07325
7.3837
5.16189
6.10154
6.14296
6.1565
8.3837
5.07146
4.52982
7.90087
5.30639
7.63662
7.60733
5.30012
5.52356
6.3634
5.51907
5.16993
6.32793
5.04439
3.94251
4.9386
6.32793
6.55459
3.36923
12.5549
4.0915
5.12928
6.30834
6.07325
8.3837
4.79181
7.7879
5.82018
5.50779
7.67243
7.44294
5.96193
7.41785
6.40939
5.25873
4.17564
8.39232
4.58925
6.74147
7.6865
5.46761
5.92283
7.41785
4.63097
4.98055
5.48113
7.71425
5.26053
8.224
6.07146
4.07039
7.99435
6.90689
7.55459
5.04439
5.06916
5.03709
8.224
7.53138
7.45121
8
7.49185
6.1224
6.0607
7.65821
7.62205
3.37412
12.4345
7.45121
6.01495
6.47573
5.64962
5.80735
7.61471
6.55459
8.3837
4.58925
5.41954
5.85175
5.55459
5.98641
6.87652
3.36923
13.5549
6.4865
6.50779
7.40939
5.02237
4.6079
7.69349
2.90087
8.3837
6.07146
4.07039
6.99435
3.97323
8.30834
7.45121
7.49185
6.8009
6.65821
5.55459
3.46566
6.72338
8.02791
7.6865
6
4
7.39232
4.09741
3.76818
7.2384
5.25873
4.17564
6.39232
5.25927
7.56224
6.56224
6.46761
7.40939
4.17659
6.12928
1
8.39232
3.3505
3.8009
7.76155
4.8147
4.45213
4.13841
6.64386
6.71425
6.07325
7.82655
4.85798
7.84549
4.09741
3.76818
8.2384
3.70044
6.97154
5.53916
7.56986
5.52356
5.50779
7.02791
2.01954
13.5549
4.09741
4.96083
5.06916
4.63097
6.7879
5
4.58496
8.39232
5.07146
4.52982
6.90087
5.96193
5.53916
6.56986
5.25334
4.98489
6.09452
4.44478
10.0468
0.870892
4.14078
6.76818
7.40939
7.5157
5.49185
4.0607
5.74147
6.59991
8.3837
5.07146
4.52982
7.90087
5.5812
6.61471
6.63662
7.54689
7.41785
7.48382
6.0607
6.07325
8.3837
6.4865
4.92283
7.45943
7.77479
6.63662
6.47573
5.13614
8.39232
6.4865
5.06916
5.8009
7.90087
5.03709
8.224
5.30639
7.63662
7.60733
5.30012
5.26053
4.6837
4.70659
7.224
5.48382
7.53916
7.62936
5.85175
3.96963
8.2384
5.52356
4.6845
7.62936
4.7625
4.82655
5.30117
7.94837
6.07146
7.97728
7.45121
5
6.72338
7.48382
6.74147
4.7625
7.82655
4.85798
7.84549
3.61203
4.6837
5.55459
6.71425
7.65821
6.45943
6.49185
7.07682
4.91488
10.6317
6.4865
5.06916
5.8009
7.90087
5.03709
7.224
3.61203
4.6837
7.87652
6.53916
4.61471
7.52356
7.7879
6.08037
6.59991
5.03709
8.224
4.50779
7.65821
5.03709
8.224
5.3966
7.49185
7.62936
5.06916
4.99354
4.16993
4.85798
3.81277
7.99435
5.52356
4.6845
5.62936
7.2384
6.74147
7.45943
7.62936
6.56986
3.76818
7.2384
4.79181
5.85798
4.80735
4.36026
3.06041
6.94837
4.23589
4.8009
4.80735
5.69349
7.77479
6.07325
6.59991
7.3837
8.54689
7.41785
7.40939
8
5.08037
6.65105
5.3147
7.94837
6.4865
5.06916
4.63097
5.46597
8.39232
5.58496
6.56986
7.80735
7.5157
5.8009
5.16419
2.01954
14.1399
5.52356
4.6845
5.62936
8.2384
6.4865
4.70659
8.224
5.25873
4.17564
6.80735
5.51907
5.16993
6.32793
4.62936
4.74147
6.72338
4.85798
7.39232
4.09741
3.76818
7.2384
4.54689
6.52356
7.57743
7.99435
5.52356
4.6845
5.62936
8.2384
3.64386
5.81378
8.39232
4.48971
5.62205
6.62205
4.99354
4.16993
5.22055
6.08037
6.59991
8.3837
3.61203
4.6837
7.87652
6.53916
4.61471
7.52356
7.7879
6.08037
6.59991
5.03709
7.224
4.41954
5.63662
6.03709
4.71425
5.74819
7.77479
7.62205
7.48382
5.03709
8.224
6.07146
4.07039
7.99435
5.07146
4.52982
7.90087
8.32643
7.41785
6.50779
7.40939
7.56986
5.94642
5.6837
5.58496
7.06609
2.64386
11.8179
3.64
8.39232
4.36565
6.74147
5.03709
8.224
4.94382
4.16993
5.70598
5.27922
7.7879
5.23522
7.71425
5.05889
4.80735
6.69349
7.90087
5.03709
7.224
3.77385
4.92481
7.93664
7.43463
5.30012
7.97728
7.56986
7.61471
4.96963
5.93664
5.97154
5.26946
5.06916
6.87652
4.62205
13.6317
3.3505
5.8009
3.72362
6.39232
5.48382
6.53916
1
5.02237
5.13841
5.91488
6.66534
5.62205
7.66534
5.05889
7.97728
7.56986
6.02975
4
7.39232
4.09741
3.76818
7.2384
4.02734
2.57382
7.44018
4.58925
6.1565
6.87652
7.8009
4.70659
7.224
4.0915
5.12928
4.13841
7.99435
3.61203
6.42066
6.04439
7.90689
7.41785
7.46761
8
5.01919
8.39232
6.4865
4.70659
8.224
3.3505
6.21594
7.99435
4.52878
5.45286
6.05889
5.07325
7.58496
5.63662
8.3837
5.3966
7.49185
7.41785
7.82655
3.61203
4.6837
5.87652
6.54689
1
6.6865
6.7879
7.53138
5.9386
7.87652
5.44294
4.11221
4.07435
3.23266
12.5549
3.61203
4.6837
7.87652
5.74819
5.75489
7.52356
6.7879
3.59202
12.0468
5.0045
5.02237
5.98641
5.87652
8.3837
5.07146
4.52982
7.90087
5.90689
5.93664
7.56986
7.42626
7.45121
8
4.28204
6.53138
4.24031
8.3837
4.79181
7.7879
5.82018
5.50779
7.67243
7.44294
5.96193
7.41785
6.40939
5.08746
7.66534
7.42626
7.66534
4.05889
4.6079
5.37156
4.85798
8.2384
4.09741
3.76818
8.2384
5.52356
4.6845
7.62936
2.57075
12.1399
4.41954
5.05166
5.52356
6.94837
8.54689
6.48382
5.7211
5.03814
7.02791
2.01954
13.1399
0.870892
4.14078
7.76818
8
4.17564
6.80735
4.79181
6.85798
7.62936
7.52356
6.07325
6.14296
4.28204
7.53138
7.45121
6.46761
6.41785
6.80735
4.74147
5.7211
4.64909
4.85798
7.39232
4.09741
4.96083
7.87652
5.42626
5.52356
5.50779
5.87652
5.40599
4.9
5.39803
1
7.94837
6.4865
5.06916
4.63097
4.98055
3.97863
8.224
5.58496
6.56986
7.80735
7.5157
5.8009
5.64962
3.97863
8.224
6.4865
4.70659
8.224
5.3966
7.49185
7.41785
7.82655
3.77385
5.60288
6.66534
6.58496
6.57743
7.87652
7.41785
7.48382
2.01954
13.5549
6.4865
5.87652
6.54689
6.60733
6.04439
6.02975
5
8.07682
5.84967
5.1565
4.80735
4.37156
4.85798
7.2384
4.41954
5.05166
7.84549
8
4.6845
5.62936
8.2384
3.64386
7.81378
3.53459
7.82655
5.52356
4.6845
5.62936
8.2384
3.64386
5.81378
4.22239
4.87213
3.06041
7.94837
3.3505
5.8009
3.72362
6.80735
4.41954
5.05166
5.52356
6.3634
4.74147
4.7211
5.80735
6.61471
5.05889
4.80735
4.37156
7.85798
5.44294
4.11221
4.77479
2.46855
11.0468
6.22497
7.56224
7.8009
8
4.6845
5.62936
8.2384
5.07146
4.52982
7.90087
5.30639
7.63662
7.60733
5.30012
5.52356
6.3634
4.09741
3.76818
7.2384
8.32643
7.41785
6.50779
7.40939
7.56986
5.94642
5.6837
5.58496
3.97863
8.224
4.50779
6.07325
8.3837
6.4865
4.70659
8.224
3.3505
6.8009
6.07325
8.3837
4.09741
3.76818
7.2384
4.36565
6.74147
5.03709
8.224
8.3966
7.42626
5.92283
6.41785
7.224
3.77385
5.60288
7.66534
7.49185
3.99354
4.60126
5.06916
2.64386
12.5549
5.16189
6.10154
6.14296
6.1565
8.3837
6.07146
4.07039
6.99435
2.56121
6.33985
6.09452
2.19301
10.7271
4.23589
5.8009
8.2384
4.18488
5.32912
6.80735
5.9542
6.47573
7.65821
6.62205
5.21594
6.18982
6.12928
5.32193
6.10852
4.55459
4.2362
7.99435
8.3966
7.42626
5.92283
6.41785
8.224
4.09741
3.76818
8.2384
6.03814
4.75489
1
2.00937
0.993014
10.7271
3.77385
5.09954
6.06609
6.6865
5.03709
8.224
6.07146
4.07039
7.99435
6.4865
5.87652
4.54689
7.7211
7.41785
7.40939
8
3.43155
11.6976
7.45121
5.0607
3.72362
8.39232
4.65821
5
5.50098
6.57743
7.45121
6.50779
7.40939
5.1565
7.76818
7.44294
7.40939
7.43463
5.62205
5.61471
4.37156
5.05063
5.06916
2.64386
12.1399
4.41954
5.05166
4.52356
1
6.20294
5.9542
7.48382
7.44294
7.52356
4.09741
3.76818
7.2384
5.25873
4.17564
6.39232
5.16189
7.6865
7.59246
6.61471
6.64386
4.7625
7.82655
4.85798
7.84549
6.4865
5.87652
4.54689
7.7211
7.41785
7.40939
8
5.14296
4.17564
7.39232
4.09741
3.76818
1
5.90689
5.93664
5.98489
5.33985
6.14296
4.28204
7.53138
7.45121
6.46761
6.41785
8.39232
8.3966
6.42626
7.54689
8
6.06609
6.12928
5.90689
2.01954
11.5549
5.25927
5.94642
7.00562
5.52356
8.2384
5.52356
4.6845
5.62936
8.2384
6.4865
5.06916
4.63097
5.46597
8.39232
6.4865
4.70659
8.224
3.3505
5.8009
3.72362
6.80735
0.870892
4.14078
6.76818
7.41785
7.6865
6.49185
7.87652
7.46761
7.49985
5.04439
6.35755
5.80735
6.61471
6.44294
6.45121
7.40939
7.99435
5.3966
7.49185
7.41785
7.82655
6.4865
5.87652
6.54689
5.02237
6.72338
4.85798
8.0607
7.42626
7.45943
6.08037
5.27798
5.03814
8.02791
5.83289
4.11221
4.77479
2.46855
10.0468
0.870892
4.14078
7.76818
8
6.81378
7.53138
5.52356
5.98299
6.82018
5.62205
5.03709
8.224
4.09741
3.76818
8.2384
3.3505
6.21594
7.99435
5.30639
7.63662
7.60733
5.30012
5.52356
6.94837
5.52356
4.6845
5.62936
7.2384
4.94382
4.16993
4.56847
3.97863
1
3.3505
5.8009
3.72362
6.39232
5.5812
6.61471
6.63662
7.54689
7.41785
7.45121
6.46761
6.41785
6.39232
5.16189
6.10154
6.14296
6.1565
7.3837
6.74147
7.45943
7.62936
6.56986
3.76818
8.2384
3.61203
6.42066
6.04439
7.61471
6.50779
7.67243
5.3147
6.94837
5.52356
6.49185
7.45121
5.62936
7.71425
5.96963
5.55459
3.46566
6.72338
8.02791
7.6865
6
4
6.80735
4.74147
5.7211
4.64909
4.85798
8.39232
8.07146
5.49985
6.66534
4.94084
4.98055
5.30117
7.94837
3.61203
6.42066
6.04439
7.90689
7.41785
7.46761
8
3.91966
7.06609
2.64386
12.5549
4.94382
4.16993
5.70598
5.27922
7.7879
5.23522
7.71425
5.05889
4.80735
6.69349
2.90087
7.3837
3.64
6.39232
5.48382
7.53916
7.67948
5.58496
7.62205
5.85798
7.52356
3.77385
4.92481
4.2362
7.99435
3.3505
6.21594
7.99435
5.07146
5.85175
6.29155
5.91488
7.56986
6.08037
6.59991
7.3837
7.53138
6.46761
7.40939
6.1565
6.06609
4.12928
1
8.2384
4.09741
3.76818
6.65344
5.92125
5.89885
1
5
5.09954
6.06609
6.6865
5.03709
8.224
3.95777
7.82655
3.77385
4.92481
4.2362
7.99435
3.3505
5.8009
3.72362
6.80735
4.11374
7.90087
7.46761
7.49985
6.12928
7.61471
6.07325
7.82655
4.85798
7.84549
5.3966
7.49185
7.41785
7.82655
6.47573
5.30743
7.58496
5.05166
4.52356
1
5.20294
4.47573
4.37156
7.85798
5.44294
4.11221
4.07435
3.23266
13.5549
6.4865
6.50779
7.40939
7.57743
6.97728
6.12928
5.32193
3.59202
10.0468
0.870892
4.14078
7.76818
7.40939
5.06916
4.63097
4.85798
7.2384
4.94382
4.16993
5.70598
5.27922
7.7879
5.23522
7.71425
5.05889
4.80735
6.69349
2.90087
8.3837
6.4865
4.70659
8.224
3.3505
6.21594
7.99435
4.10329
5.41278
5.74819
2.90087
8.3837
6.07146
4.07039
6.40939
4.36565
6.74147
5.03709
7.224
4.74147
4.7211
5.80735
6.61471
5.05889
4.80735
4.37156
5.05063
4.70659
8.224
6.07146
4.07039
6.40939
4.36565
6.74147
5.03709
8.224
5.52356
4.6845
5.62936
7.2384
4.23589
5.8009
7.2384
3.77385
4.92481
7.93664
5.96193
5.71425
7.59991
5.49985
5.62936
8.2384
6.4865
5.06916
5.21594
4.96743
7.62936
6.49185
5.02975
5.39803
5.30117
7.94837
5.07146
4.52982
6.3159
3.54253
3.22239
6.30834
7.45121
7.50779
7.59246
4.80735
5.74819
2.90087
8.3837
7.11374
5.24031
10.6317
6.4865
5.06916
4.63097
7.7879
6.82018
5.62205
5.03709
7.224
3.77385
4.92481
7.93664
6.43463
6.66534
7.63662
5.69349
5.45286
5.05889
5.16993
5.74147
1
8.3837
3.3505
6.21594
7.99435
5.30639
7.63662
7.60733
5.30012
5.52356
7.94837
5.92125
7.48382
6.46761
7.46761
8
3.36923
14.1399
5.52356
4.6845
5.62936
8.2384
4.50779
6.07325
8.3837
3.61203
4.6837
5.87652
4.96193
5.63662
6.93664
5.1565
3.76818
7.2384
3.64
8.39232
3.97323
8.30834
7.45121
7.49185
6.8009
6.65821
5.55459
3.46566
6.72338
8.02791
7.6865
6
6.22239
2.01954
13.5549
6.07146
4.07039
7.99435
3.3505
6.8009
6.07325
8.3837
3.77385
4.73697
4.37638
5.65535
5.05889
4.80735
4.37156
5.85798
2.57075
14.1399
5.52356
4.6845
5.62936
7.2384
4.41954
7.63662
5.55459
5.85798
7.97728
7.56986
6.02975
5
8.07682
5.84967
5.1565
4.80735
4.37156
4.85798
7.2384
5.89885
7.47573
7.46761
8.8392
4.36565
6.1565
8.3837
3.64386
6.81378
7.10852
7.46761
7.50779
6.40939
4.11221
4.07435
3.23266
11.8179
8.54689
7.41785
7.40939
8
5.66534
7.76818
3.44478
11.6976
6.43463
5.35755
4.90689
5.17564
5.22239
4.67243
5.81378
4.0607
5.41954
6.49985
4.85798
3.81277
7.99435
3.64386
6.81378
7.53138
5.52356
4.17564
6.39232
5.16189
6.6865
7.58496
6.5157
4.19827
7.2384
5.25873
4.39803
3.97863
8.224
3.54253
6.39232
5.62936
7.71425
4.94084
6.7879
5.80735
7.61471
4.96963
3.76671
4.60126
4.70659
8.224
4.09741
3.76818
7.2384
5.48382
7.53916
7.67948
4.94382
4.16993
8.02791
5.94642
7.67948
6.41785
7.46761
5.20945
10.0468
0.870892
4.14078
7.76818
7.40939
4.70659
8.224
4.18488
7.65105
7.5157
7.42626
7.46761
8
6.02975
5.45286
7.90087
3.77385
5.60288
6.66534
4.77761
5.7211
4.64909
5.70598
5.30117
7.94837
4.36565
6.1565
8.3837
5.52356
4.6845
5.62936
7.2384
5.58496
7.62205
5.65821
5.62205
5.03709
8.224
6.07146
4.07039
6.40939
4.36565
6.74147
5.03709
7.224
4.74147
4.7211
5.80735
6.61471
5.05889
4.80735
4.37156
5.05063
4.70659
8.224
5.58496
6.56986
7.80735
7.5157
5.8009
6.97154
6.08037
6.59991
5.03709
7.224
3.77385
4.92481
4.2362
6.40939
4.36565
1
8.3837
5.52356
4.6845
5.62936
7.2384
4.20645
7.66534
6.62936
5.62205
5.03709
8.224
6.07146
4.07039
6.40939
4.36565
6.74147
5.03709
7.224
5.48382
6.53916
1
5.02237
5.13841
5.91488
6.66534
5.62205
7.66534
5.05889
4.80735
4.37156
5.05063
4.70659
8.224
3.64
8.39232
5.25873
5.39803
7.10852
7.49185
4.24031
7.3837
4.62599
3.48997
7.98299
6.44294
7.43463
3.36923
12.1399
5.0045
5.02237
5.98641
5.87652
7.3837
5.89885
7.47573
7.46761
8.8392
4.78338
7.74819
6.53138
7.72792
5.65821
5.62205
5.03709
8.224
5.52356
4.6845
5.62936
8.2384
5.07146
4.52982
7.90087
4.52878
7.77479
7.53138
5.63662
8.3837
4.09741
3.76818
7.2384
1
7.42626
7.54689
8
7.54689
5.02975
4.39803
3.97863
7.224
3.97323
8.30834
7.45121
7.49185
3.99354
4.60126
4.70659
8.224
5.52356
4.6845
5.62936
7.2384
4.23589
5.8009
7.2384
6.54689
5.22239
5.9386
7.77479
6.03709
6.56986
3.81277
5.40939
5.16189
4.22707
4.2362
6.40939
5.25873
4.39803
3.97863
8.224
4.69617
4.90689
6.84549
5.89077
5.13516
8.06609
7.40939
10.6671
4.36565
6.74147
5.03709
8.224
3.54253
3.22239
6.30834
7.45121
7.50779
7.59246
4.80735
5.74819
7.90087
5.03709
8.224
4.64
7.06609
7.8009
5.55459
5.12928
6.30834
7.65821
5.03709
8.224
5.79181
6.3159
5.25927
7.50779
8
7.40939
8
4.11221
4.07435
3.23266
13.5549
6.4865
6.50779
7.40939
7.57743
6.97728
6.12928
5.32193
3.59202
10.6317
5.07146
4.52982
6.3159
8.3966
6.42626
7.54689
8
6.06609
4.71425
4.75489
8.3837
4.18488
6.06609
4.12928
1
8.2384
5.52356
4.6845
5.62936
8.2384
3.64386
7.81378
3.53459
7.82655
5.52356
4.6845
5.62936
7.2384
4.23589
6.8009
7.58496
6.49985
7.45121
5.3147
7.94837
6.4865
5.06916
6.8009
6.63662
5.86625
5.32912
4.22239
4.0607
5.74147
6.59991
8.3837
6.4865
5.06916
4.63097
5.46597
8.39232
5.58496
6.56986
7.80735
7.5157
5.8009
3.72362
8.39232
6.4865
6.50779
7.40939
5.02237
5.50098
6.32793
4.62936
5.1565
4.80735
4.52356
5.46597
4.37638
6.3159
4.48971
6.03709
7.58496
7.65105
7.5157
7.64386
6.12928
5.58496
4.0607
5.74147
6.59991
8.3837
3.54253
7.97728
5.27798
5.64386
6.72338
5.44294
5.82018
5.1565
4.80735
4.37156
4.85798
7.2384
4.36565
6.74147
5.03709
8.224
4.52878
5.45286
6.05889
5.07325
7.58496
5.63662
5.03709
8.224
4.09741
3.76818
7.2384
3.77385
5.60288
7.66534
5.50779
5.08746
5.13841
5.64962
5.80735
6.61471
6.44294
6.45121
7.40939
7.99435
3.77385
4.92481
4.2362
6.40939
5.25873
4.17564
8.39232
5.52356
6.49185
7.45121
5.62936
7.71425
6.55459
8.3837
3.95777
7.82655
5.25873
4.17564
8.39232
3.97323
8.30834
7.45121
7.49185
6.8009
6.65821
5.55459
3.46566
6.72338
8.02791
7.6865
6
4
6.80735
4.74147
5.7211
4.64909
4.85798
8.39232
5.58496
4.45213
3.06041
6.94837
4.0915
5.39232
7.90689
4.58925
7.74147
7.41785
7.46761
5.03814
4.85798
8.39232
5.25873
4.17564
8.39232
6.4865
6.59991
5.58496
6.62936
5.9386
7.77479
5.62205
5.34341
6.07325
7.82655
6.66534
4.73954
11.3098
4.79181
7.7879
5.82018
5.50779
7.67243
7.44294
5.96193
7.41785
7.99435
4.79181
5.85798
5.16993
5.41954
5.91488
7.46761
6.50779
7.40939
7.99435
5.52356
4.6845
5.62936
8.2384
3.61203
4.6837
5.87652
4.96193
5.63662
6.93664
5.1565
4.76818
1
6.94837
3.64
8.39232
5.25873
4.17564
6.80735
5.51907
4.90689
7.00562
7.58496
6.49985
5.8009
4.52356
1
8.39232
8.3966
7.42626
5.92283
6.41785
8.224
6.54689
7.80735
6.5157
7.47573
6.02975
4.22239
4.47573
4.37156
7.85798
6.41785
4.32726
10.8765
8
8
5.05166
5.52356
6.94837
5.52356
6.49185
6.41785
5.54689
7.55459
5.16189
6.10154
6.14296
6.1565
8.3837
5.25873
4.17564
8.39232
4.69617
7.71425
4.94084
7.7879
4.85798
7.84549
4.09741
3.76818
7.2384
4.74147
4.7211
5.80735
6.61471
5.05889
4.80735
4.37156
5.05063
4.70659
7.224
3.61203
5.6837
1
5.48543
7.5157
7.61471
4.96963
5.93664
6.38658
3.81277
6.40939
3.64
8.39232
5.25873
4.17564
8.39232
5.58496
6.56986
7.80735
7.5157
5.8009
7.97154
