175
8
8
5.82018
5.97154
5.50462
5.98868
5.20945
7.65821
6.85798
7.46761
7.52356
7.45943
7.65821
4.77479
5.82018
7.97154
2.87051
2.89346
5.55531
8.98584
5.18982
6.80735
6.36923
4.33498
5.20945
7.65821
4.77479
5.82018
5.64962
8.05528
7.47573
5.9386
7.50779
4.78136
5.17564
5.33985
6.57743
6.05528
3.70548
7.49586
8.10329
6.76155
6.14975
6.83289
5.20945
7.79442
8
7.90087
5.33628
4.76022
6.63662
4.77479
5.82018
6.97154
7.82655
7.46761
5.9386
7.50779
7.78136
7.56986
4.9542
4.23522
6.05528
7.65821
7.65821
6.75489
7.65821
5.33628
4.76022
6.63662
6.85798
7.46761
7.52356
7.45943
7.65821
3.73909
7.20457
2.83354
6.70966
8.16491
7.48382
7.84549
5.33628
4.76022
7.63662
5.7879
7.00282
5.41954
7.77479
4.77479
5.82018
5.97154
5.50462
5.98868
5.20945
6.65821
4.65662
5.86419
7.00562
6.14975
7.62936
4.30518
4.03185
8.32643
6.75489
7.65821
4.27302
7.65105
6.61471
5.33985
5.53916
4.8357
6.99435
3.02237
8.53528
6.24159
7.96
7.75489
4.61471
6.23362
7.57743
4.77479
5.82018
7.97154
4.85798
6.35315
6.17659
5.34239
5.33985
7.57743
7.67243
8.12412
5.75489
7.73471
5.3147
7.77479
6.83289
6.79442
6.87652
5.50462
5.98868
5.20945
7.65821
5.0199
3.98055
5.84298
4.55459
5.70966
5.03562
6.86419
7.62936
4.30518
4.51728
6.48113
5.20945
7.65821
5.77479
6.21594
5.3634
6.22882
6.79442
5.6885
7.88264
6.05166
4.80735
1
7.75489
8.44294
7.90087
7.82655
7.61471
5.57894
6.25172
6.78136
7.73471
4.78427
6.27922
8.16491
7.47573
4.86899
4.30518
4.03185
5.51907
5.64962
5.73335
7.73471
6.09452
7.62936
7.56224
7.47573
7.47573
6.54689
7.53528
3.57154
7.96578
6.49985
6.60733
7.55459
7.81378
7.86419
7.71425
4.46597
3.11698
4.63941
6.57994
5.82018
5.85798
7.9542
7.49185
7.84549
7.65821
6.16993
3.76081
2.77106
6.95031
4.28293
3.11698
5.5325
6.02975
6.90087
6.05166
4.80735
5.39722
7.97154
7.65821
6.16993
3.76081
7.29462
7.80735
7.48382
7.47573
7.45943
6.93074
5.48543
4.39232
8.11894
6.95031
5.18982
6.80735
7.62936
5.6837
4.97473
7.97154
5.96963
5.76022
6.99435
7.67243
6.53916
4.06111
3.53605
4.75489
4.3147
4.51211
6.87652
6.82655
6.7211
6.02975
3.77672
4.87321
8.10329
7.79442
7.97154
8
7.5157
5.96963
5.76022
6.99435
4.54511
8.03411
6.70736
7.77479
4.77479
5.82018
7.97154
7.65821
8.00562
7.50779
6.52356
6.75489
5.93074
7.86419
5.20945
7.65821
5.64386
7.97154
7.49985
6.05166
6.53916
6.17659
5.37752
4.32912
7.85798
7.46761
7.84549
3.56294
6.16491
7.57743
6.52356
7.08215
8.10329
5.20945
7.65821
5.03709
5.37752
4.32912
5.05063
4.8357
6.99435
8.02237
8
6.47573
7.48382
7.79442
8
7.90087
6.62936
6.25172
6.1964
5.30012
6.13614
4.34792
4.51211
7.87652
6.85798
7.46761
7.52356
7.45943
7.65821
4.77479
5.82018
7.97154
5.96963
7.08215
3.86625
7.53528
7.77479
5.89885
6.53916
7.45943
7.11894
4.34792
8.07146
7.45943
7.90087
4.64386
4.19265
5.25172
6.40939
5.15843
6.14296
7.5157
7.50779
6.90087
7.67948
7.57743
7.67243
8.12412
5.75489
8.11894
8
7.47573
7.46761
6.07146
8.05528
7.47573
7.84549
7.65821
4.8357
4.99435
6.60486
7.49185
6.53916
7.47573
7.5157
3.77672
4.87321
8.10329
5.20945
7.65821
6.85798
6.46761
7.53916
8
4.99354
4.39232
5.16491
5.20945
7.65821
7.65821
6.16993
6.93074
6.49185
5.9386
6.50779
5.99435
6.05528
6.05166
4.91374
5.16491
7.80735
5.20945
7.79442
7.47573
7.84549
7.8392
8
8
7.47573
7.49185
6.49985
7.86419
6.87652
5.50462
4.98868
5.87652
6.05528
3.70548
7.49586
7.67948
5.41504
7.67948
6.52356
4.80735
8.00562
8
8
8
7.75489
6.93664
8.53528
7.82655
6.61471
8.12412
7.52356
6.52356
7.08215
7.8392
2.77106
6.95031
4.85798
3.03122
7.53528
6.62936
5.40372
7.67948
3.29022
6.85798
7.67948
5.16491
7.80735
6.79442
7.87652
5.33628
4.76022
6.63662
4.77479
6.82018
7.75489
4.61471
4.91169
4.80735
5.17564
4.94251
4.80735
4.98868
6.87652
4.77479
5.82018
7.97154
5.96963
7.08215
3.86625
7.53528
6.62205
7.80735
8.00562
5.3147
7.08215
3.86625
3.95031
6.05528
3.70548
7.49586
5.51728
3.98055
6.57994
8.53528
5.33628
4.76022
7.63662
8.05528
7.47573
5.9386
7.50779
4.78136
5.17564
5.33985
7.57743
4.77479
5.82018
6.97154
7.82655
7.46761
5.9386
7.50779
7.78136
7.56986
4.9542
4.23522
6.05528
6.65821
4.51785
5.44846
4.47032
7.93664
4.34792
5.74953
8.53528
7.65821
4.8357
6.99435
7.02237
7.23362
7.59991
8
7.90087
3.91966
4.66469
5.95031
5.85798
5.86419
5.62644
7.54689
8.13955
5.95031
5.85798
7.86419
6.94251
7.49185
6.53916
7.45943
7.63662
4.8147
4.66469
8.53528
6.49985
4.79998
6.61471
6.97154
6.24159
3.37504
6.75489
7.5157
6.27922
7.07682
6.80735
7.50779
7.49185
8.04985
8.05528
7.56986
4.9542
5.23522
6.23362
6.57743
7.65821
4.8357
4.99435
5.18982
6.80735
7.62936
7.71425
7.57743
7.79442
7.87652
7.67243
5.5157
6.53916
7.45943
4.16491
4.81876
7.54689
7.70044
3.91966
5.53916
6.05528
7.65821
6.62936
8.57365
7.46761
5.06609
4.38171
7.88264
7.49185
7.53916
7.00562
7.73471
3.46632
4.32593
4.82273
6.75489
5.33628
6.05528
3.70548
7.49586
5.51728
3.98055
6.57994
5.53528
3.91966
4.66469
3.95031
6.05528
6.16491
5.32193
4.86295
7.83289
6.50779
4.52356
5.50462
5.98868
5.20945
7.65821
7.67243
6.12412
7.75489
7.72792
7.62205
4.14048
7.29462
7.80735
5.20945
5.20945
7.65821
4.77479
5.82018
5.97154
3.91966
5.53916
6.05528
6.65821
7.82655
7.61471
5.90087
4.81378
8.03892
4.63941
5.57994
6.05528
6.65821
7.82655
7.61471
6.62936
6.61471
5.56682
5.44846
6.05528
7.65821
7.65821
4.8357
6.40939
4.65662
5.86419
7.00562
6.14975
7.62936
4.30518
4.03185
8.32643
6.75489
7.65821
3.71272
1.12685
10.7099
5.92283
5.49825
5.63807
6.42066
6.12928
6.05528
7.65821
4.92362
6.08299
8.03892
6.24159
3.37504
4.75489
4.3147
3.97154
4.58896
6.12928
6.05528
7.65821
7.65821
4.8357
7.99435
5.96963
7.08215
3.86625
8.53528
7.82655
7.61471
5.90087
4.81378
8.03892
4.63941
6.57994
6.95031
5.38247
5.29462
4.20477
5.94251
5.74953
7.53528
4.77479
5.82018
7.97154
7.65821
6.00562
6.09452
7.93664
7.9542
6.94251
7.79442
8
1.12685
7.54002
6.77479
8.02237
6.42066
6.53398
6.17659
3.57399
5.26366
7.99435
4.77479
5.82018
7.97154
5.85798
7.86419
6.20945
5.12338
3.98055
7.16491
6.23362
7.57743
7.67243
6.12412
7.75489
7.72792
7.62205
4.14048
7.29462
7.80735
5.20945
5.20945
6.65821
7.82655
3.80735
5.39803
4.7211
4.57949
4.94902
4.32643
5.48543
6.79442
5.18133
6.12412
7.75489
7.47573
4.52356
3.91966
4.66469
7.53528
6.62205
7.80735
8.00562
5.3147
7.08215
3.86625
6.95031
4.85798
3.03122
3.95031
6.05528
3.70548
7.49586
6.09452
6.85175
7.52356
6.52356
6.55459
6.83289
6.79442
7.87652
8.02237
6.42066
7.70044
7.80735
6.65105
5.22239
6.23362
6.57743
5.33628
4.76022
6.63662
4.64386
7
4.77844
3.40718
5.51907
5.12928
8.13955
7.53528
6.62936
8.57365
7.46761
5.06609
4.38171
4.97473
7.97154
4.77479
5.82018
5.97154
3.91966
4.66469
5.95031
5.85798
6.27922
4.16993
7.29462
5.22239
7.70044
4.77479
5.82018
6.97154
4.65662
5.86419
7.00562
6.14975
7.62936
4.30518
4.03185
8.32643
7.75489
7.47573
7.84549
5.7211
5.88264
3.36419
1
0.584963
7.08215
6.10329
6.87652
4.77479
5.82018
7.97154
5.33628
4.08215
4.80735
5.98868
5.20945
7.65821
8.18982
7.86419
7.47573
7.63662
7.87652
5.96963
7.08215
3.86625
7.53528
7.67243
8.12412
5.75489
8.11894
8
7.47573
7.46761
5.74953
8.53528
7.65821
4.8357
7.99435
5.33628
4.76022
7.63662
5.18982
6.80735
7.62936
7.71425
7.57743
7.79442
7.87652
6.49985
4.79998
6.61471
7.97154
6.77479
6.58496
7.7211
5.93074
7.49185
8.04985
5.33628
4.76022
7.63662
7.65821
6.00562
6.09452
7.93664
7.9542
7.94251
8
7.5157
4.54511
6.91971
6.82018
5.53605
7.03892
6.75489
6.85175
7.75489
7.47573
7.84549
7.65821
4.8357
5.99435
5.47032
4.94902
5.5502
1
7.77479
7.71425
8
7.90087
4.60486
7.06609
5.30012
5.20945
5.20945
7.65821
5.50462
5.98868
5.20945
7.65821
7.65821
8.00562
7.50779
6.52356
6.75489
5.93074
7.86419
5.20945
7.65821
7.65821
4.8357
7.99435
5.50462
5.98868
5.20945
7.65821
6.49985
4.79998
6.61471
5.97154
3.91966
4.66469
7.53528
6.62205
7.80735
8.00562
5.3147
7.08215
3.86625
6.95031
6.13614
6.10329
6.87652
7.82655
3.80735
7.98299
7.64386
6.05166
7.76155
7.47573
7.49185
8.04985
7.67243
4.9542
6.23522
6.42066
6.74147
7.73471
7.50779
5.90689
7.49985
6.40939
5.15843
6.14296
7.5157
7.50779
5.3159
6.04439
5.75489
4.98299
4.6885
6.99435
7.67243
8.12412
5.75489
8.11894
8
7.47573
7.46761
6.07146
8.05528
7.47573
7.5157
8
5.98868
5.20945
7.65821
7.67243
6.12412
7.75489
7.72792
7.62205
4.14048
7.29462
7.80735
5.20945
5.20945
7.65821
5.64386
3.97154
4.6885
6.99435
8.02237
8
7.47573
7.53916
5.99435
4.27302
7.65105
6.53138
7.96578
7.82655
6.61471
4.9542
4.38171
8.23362
7.81378
3.77672
4.48618
5.86625
4.32673
6.12412
7.75489
8
7.90087
6.24159
3.37504
5.75489
6.98299
7.87652
3.85798
5.3322
6.64866
7.54689
3.47508
5.26366
7.99435
5.96963
5.76022
6.99435
7.62936
6.81378
7.57743
5.47249
4.81876
7.6865
5.29462
4.26366
4.03185
5.51907
7.97154
4.85798
3.63807
6.49185
4.36565
7.87652
7.65821
4.8357
7.99435
5.96963
7.08215
3.86625
3.95031
5.47032
4.94902
6.35755
7.57743
7.79442
7.87652
7.65821
4.8357
7.99435
5.33628
4.76022
7.63662
6.49985
4.79998
6.61471
5.97154
5.50462
5.98868
5.20945
7.65821
5.0199
3.98055
5.84298
4.55459
5.70966
5.03562
6.86419
7.62936
4.30518
4.51728
6.48113
5.20945
7.65821
3.57154
4.96578
3.91966
4.66469
6.95031
5.15843
6.14296
5.58496
3.37504
7.33985
7.47573
5.37752
4.32912
5.05063
6.00562
6.78136
6.14975
4.49476
7.53528
4.77479
5.82018
5.97154
5.50462
5.98868
5.20945
6.65821
4.65662
5.86419
7.00562
6.14975
7.62936
4.30518
4.03185
8.32643
6.75489
7.65821
6.43741
5.49825
5.63807
6.42066
6.12928
6.05528
7.65821
4.85798
4.26568
5.26366
5.99435
5.53605
8.03892
7.46761
7.57743
6.40372
5.16491
7.80735
6.79442
7.87652
7.65821
4.8357
7.99435
5.50462
5.98868
5.20945
7.65821
7.45943
7.47573
7.53138
6.01495
4.80735
5.81378
7.86419
5.20945
7.65821
4.42931
5.45505
8.98584
8.02237
8
6.47573
7.48382
7.79442
7.47573
5.89077
5.82018
5.97154
5.50462
5.98868
5.20945
7.65821
6.85798
7.46761
7.52356
7.45943
7.65821
4.77479
5.82018
7.97154
2.87051
2.89346
5.55531
8.98584
5.18982
6.80735
6.36923
4.33498
5.20945
7.65821
4.77479
5.82018
5.64962
8.05528
7.47573
5.9386
7.50779
4.78136
5.17564
5.33985
6.57743
6.05528
3.70548
7.49586
8.10329
6.76155
6.14975
6.83289
5.20945
7.79442
8
7.90087
5.33628
4.76022
6.63662
4.77479
5.82018
6.97154
7.82655
7.46761
5.9386
7.50779
7.78136
7.56986
4.9542
4.23522
6.05528
7.65821
7.65821
6.75489
7.65821
5.33628
4.76022
6.63662
6.85798
7.46761
7.52356
7.45943
7.65821
3.73909
7.20457
2.83354
6.70966
8.16491
7.48382
7.84549
5.33628
4.76022
7.63662
5.7879
7.00282
5.41954
7.77479
4.77479
5.82018
5.97154
5.50462
5.98868
5.20945
6.65821
4.65662
5.86419
7.00562
6.14975
7.62936
4.30518
4.03185
8.32643
6.75489
7.65821
4.27302
7.65105
6.61471
5.33985
5.53916
4.8357
6.99435
3.02237
8.53528
6.24159
7.96
7.75489
4.61471
6.23362
7.57743
4.77479
5.82018
7.97154
4.85798
6.35315
6.17659
5.34239
5.33985
7.57743
7.67243
8.12412
5.75489
7.73471
5.3147
7.77479
6.83289
6.79442
6.87652
5.50462
5.98868
5.20945
7.65821
5.0199
3.98055
5.84298
4.55459
5.70966
5.03562
6.86419
7.62936
4.30518
4.51728
6.48113
5.20945
7.65821
5.77479
6.21594
5.3634
6.22882
6.79442
5.6885
7.88264
6.05166
4.80735
1
7.75489
8.44294
7.90087
7.82655
7.61471
5.57894
6.25172
6.78136
7.73471
4.78427
6.27922
8.16491
7.47573
4.86899
4.30518
4.03185
5.51907
5.64962
5.73335
7.73471
6.09452
7.62936
7.56224
7.47573
7.47573
6.54689
7.53528
3.57154
7.96578
6.49985
6.60733
7.55459
7.81378
7.86419
7.71425
4.46597
3.11698
4.63941
6.57994
5.82018
5.85798
7.9542
7.49185
7.84549
7.65821
6.16993
3.76081
2.77106
6.95031
4.28293
3.11698
5.5325
6.02975
6.90087
6.05166
4.80735
5.39722
7.97154
7.65821
6.16993
3.76081
7.29462
7.80735
7.48382
7.47573
7.45943
6.93074
5.48543
4.39232
8.11894
6.95031
5.18982
6.80735
7.62936
5.6837
4.97473
7.97154
5.96963
5.76022
6.99435
7.67243
6.53916
4.06111
3.53605
4.75489
4.3147
4.51211
6.87652
6.82655
6.7211
6.02975
3.77672
4.87321
8.10329
7.79442
7.97154
8
7.5157
5.96963
5.76022
6.99435
4.54511
8.03411
6.70736
7.77479
4.77479
5.82018
7.97154
7.65821
8.00562
7.50779
6.52356
6.75489
5.93074
7.86419
5.20945
7.65821
5.64386
7.97154
7.49985
6.05166
6.53916
6.17659
5.37752
4.32912
7.85798
7.46761
7.84549
3.56294
6.16491
7.57743
6.52356
7.08215
8.10329
5.20945
7.65821
5.03709
5.37752
4.32912
5.05063
4.8357
6.99435
8.02237
8
6.47573
7.48382
7.79442
8
7.90087
6.62936
6.25172
6.1964
5.30012
6.13614
4.34792
4.51211
7.87652
6.85798
7.46761
7.52356
7.45943
7.65821
4.77479
5.82018
7.97154
5.96963
7.08215
3.86625
7.53528
7.77479
5.89885
6.53916
7.45943
7.11894
4.34792
8.07146
7.45943
7.90087
4.64386
4.19265
5.25172
6.40939
5.15843
6.14296
7.5157
7.50779
6.90087
7.67948
7.57743
7.67243
8.12412
5.75489
8.11894
8
7.47573
7.46761
6.07146
8.05528
7.47573
7.84549
7.65821
4.8357
4.99435
6.60486
7.49185
6.53916
7.47573
7.5157
3.77672
4.87321
8.10329
5.20945
7.65821
6.85798
6.46761
7.53916
8
4.99354
4.39232
5.16491
5.20945
7.65821
7.65821
6.16993
6.93074
6.49185
5.9386
6.50779
5.99435
6.05528
6.05166
4.91374
5.16491
7.80735
5.20945
7.79442
7.47573
7.84549
7.8392
8
8
7.47573
7.49185
6.49985
7.86419
6.87652
5.50462
4.98868
5.87652
6.05528
3.70548
7.49586
7.67948
5.41504
7.67948
6.52356
4.80735
8.00562
8
8
8
7.75489
6.93664
8.53528
7.82655
6.61471
8.12412
7.52356
6.52356
7.08215
7.8392
2.77106
6.95031
4.85798
3.03122
7.53528
6.62936
5.40372
7.67948
3.29022
6.85798
7.67948
5.16491
7.80735
6.79442
7.87652
5.33628
4.76022
6.63662
4.77479
6.82018
7.75489
4.61471
4.91169
4.80735
5.17564
4.94251
4.80735
4.98868
6.87652
4.77479
5.82018
7.97154
5.96963
7.08215
3.86625
7.53528
6.62205
7.80735
8.00562
5.3147
7.08215
3.86625
3.95031
6.05528
3.70548
7.49586
5.51728
3.98055
6.57994
8.53528
5.33628
4.76022
7.63662
8.05528
7.47573
5.9386
7.50779
4.78136
5.17564
5.33985
7.57743
4.77479
5.82018
6.97154
7.82655
7.46761
5.9386
7.50779
7.78136
7.56986
4.9542
4.23522
6.05528
6.65821
4.51785
5.44846
4.47032
7.93664
4.34792
5.74953
8.53528
7.65821
4.8357
6.99435
7.02237
7.23362
7.59991
8
7.90087
3.91966
4.66469
5.95031
5.85798
5.86419
5.62644
7.54689
8.13955
5.95031
5.85798
7.86419
6.94251
7.49185
6.53916
7.45943
7.63662
4.8147
4.66469
8.53528
6.49985
4.79998
6.61471
6.97154
6.24159
3.37504
6.75489
7.5157
6.27922
7.07682
6.80735
7.50779
7.49185
8.04985
8.05528
7.56986
4.9542
5.23522
6.23362
6.57743
7.65821
4.8357
4.99435
5.18982
6.80735
7.62936
7.71425
7.57743
7.79442
7.87652
7.67243
5.5157
6.53916
7.45943
4.16491
4.81876
7.54689
7.70044
3.91966
5.53916
6.05528
7.65821
6.62936
8.57365
7.46761
5.06609
4.38171
7.88264
7.49185
7.53916
7.00562
7.73471
3.46632
4.32593
4.82273
6.75489
5.33628
6.05528
3.70548
7.49586
5.51728
3.98055
6.57994
5.53528
3.91966
4.66469
3.95031
6.05528
6.16491
5.32193
4.86295
7.83289
6.50779
4.52356
5.50462
5.98868
5.20945
7.65821
7.67243
6.12412
7.75489
7.72792
7.62205
4.14048
7.29462
7.80735
5.20945
5.20945
7.65821
4.77479
5.82018
5.97154
3.91966
5.53916
6.05528
6.65821
7.82655
7.61471
5.90087
4.81378
8.03892
4.63941
5.57994
6.05528
6.65821
7.82655
7.61471
6.62936
6.61471
5.56682
5.44846
6.05528
7.65821
7.65821
4.8357
6.40939
4.65662
5.86419
7.00562
6.14975
7.62936
4.30518
4.03185
8.32643
6.75489
7.65821
3.71272
1.12685
10.7099
5.92283
5.49825
5.63807
6.42066
6.12928
6.05528
7.65821
4.92362
6.08299
8.03892
6.24159
3.37504
4.75489
4.3147
3.97154
4.58896
6.12928
6.05528
7.65821
7.65821
4.8357
7.99435
5.96963
7.08215
3.86625
8.53528
7.82655
7.61471
5.90087
4.81378
8.03892
4.63941
6.57994
6.95031
5.38247
5.29462
4.20477
5.94251
5.74953
7.53528
4.77479
5.82018
7.97154
7.65821
6.00562
6.09452
7.93664
7.9542
6.94251
7.79442
8
1.12685
7.54002
6.77479
8.02237
6.42066
6.53398
6.17659
3.57399
5.26366
7.99435
4.77479
5.82018
7.97154
5.85798
7.86419
6.20945
5.12338
3.98055
7.16491
6.23362
7.57743
7.67243
6.12412
7.75489
7.72792
7.62205
4.14048
7.29462
7.80735
5.20945
5.20945
6.65821
7.82655
3.80735
5.39803
4.7211
4.57949
4.94902
4.32643
5.48543
6.79442
5.18133
6.12412
7.75489
7.47573
4.52356
3.91966
4.66469
7.53528
6.62205
7.80735
8.00562
5.3147
7.08215
3.86625
6.95031
4.85798
3.03122
3.95031
6.05528
3.70548
7.49586
6.09452
6.85175
7.52356
6.52356
6.55459
6.83289
6.79442
7.87652
8.02237
6.42066
7.70044
7.80735
6.65105
5.22239
6.23362
6.57743
5.33628
4.76022
6.63662
4.64386
7
4.77844
3.40718
5.51907
5.12928
8.13955
7.53528
6.62936
8.57365
7.46761
5.06609
4.38171
4.97473
7.97154
4.77479
5.82018
5.97154
3.91966
4.66469
5.95031
5.85798
6.27922
4.16993
7.29462
5.22239
7.70044
4.77479
5.82018
6.97154
4.65662
5.86419
7.00562
6.14975
7.62936
4.30518
4.03185
8.32643
7.75489
7.47573
7.84549
5.7211
5.88264
3.36419
1
0.584963
7.08215
6.10329
6.87652
4.77479
5.82018
7.97154
5.33628
4.08215
4.80735
5.98868
5.20945
7.65821
8.18982
7.86419
7.47573
7.63662
7.87652
5.96963
7.08215
3.86625
7.53528
7.67243
8.12412
5.75489
8.11894
8
7.47573
7.46761
5.74953
8.53528
7.65821
4.8357
7.99435
5.33628
4.76022
7.63662
5.18982
6.80735
7.62936
7.71425
7.57743
7.79442
7.87652
6.49985
4.79998
6.61471
7.97154
6.77479
6.58496
7.7211
5.93074
7.49185
8.04985
5.33628
4.76022
7.63662
7.65821
6.00562
6.09452
7.93664
7.9542
7.94251
8
7.5157
4.54511
6.91971
6.82018
5.53605
7.03892
6.75489
6.85175
7.75489
7.47573
7.84549
7.65821
4.8357
5.99435
5.47032
4.94902
5.5502
1
7.77479
7.71425
8
7.90087
4.60486
7.06609
5.30012
5.20945
5.20945
7.65821
5.50462
5.98868
5.20945
7.65821
7.65821
8.00562
7.50779
6.52356
6.75489
5.93074
7.86419
5.20945
7.65821
7.65821
4.8357
7.99435
5.50462
5.98868
5.20945
7.65821
6.49985
4.79998
6.61471
5.97154
3.91966
4.66469
7.53528
6.62205
7.80735
8.00562
5.3147
7.08215
3.86625
6.95031
6.13614
6.10329
6.87652
7.82655
3.80735
7.98299
7.64386
6.05166
7.76155
7.47573
7.49185
8.04985
7.67243
4.9542
6.23522
6.42066
6.74147
7.73471
7.50779
5.90689
7.49985
6.40939
5.15843
6.14296
7.5157
7.50779
5.3159
6.04439
5.75489
4.98299
4.6885
6.99435
7.67243
8.12412
5.75489
8.11894
8
7.47573
7.46761
6.07146
8.05528
7.47573
7.5157
8
5.98868
5.20945
7.65821
7.67243
6.12412
7.75489
7.72792
7.62205
4.14048
7.29462
7.80735
5.20945
5.20945
7.65821
5.64386
3.97154
4.6885
6.99435
8.02237
8
7.47573
7.53916
5.99435
4.27302
7.65105
6.53138
7.96578
7.82655
6.61471
4.9542
4.38171
8.23362
7.81378
3.77672
4.48618
5.86625
4.32673
6.12412
7.75489
8
7.90087
6.24159
3.37504
5.75489
6.98299
7.87652
3.85798
5.3322
6.64866
7.54689
3.47508
5.26366
7.99435
5.96963
5.76022
6.99435
7.62936
6.81378
7.57743
5.47249
4.81876
7.6865
5.29462
4.26366
4.03185
5.51907
7.97154
4.85798
3.63807
6.49185
4.36565
7.87652
7.65821
4.8357
7.99435
5.96963
7.08215
3.86625
3.95031
5.47032
4.94902
6.35755
7.57743
7.79442
7.87652
7.65821
4.8357
7.99435
5.33628
4.76022
7.63662
6.49985
4.79998
6.61471
5.97154
5.50462
5.98868
5.20945
7.65821
5.0199
3.98055
5.84298
4.55459
5.70966
5.03562
6.86419
7.62936
4.30518
4.51728
6.48113
5.20945
7.65821
3.57154
4.96578
3.91966
4.66469
6.95031
5.15843
6.14296
5.58496
3.37504
7.33985
7.47573
5.37752
4.32912
5.05063
6.00562
6.78136
6.14975
4.49476
7.53528
4.77479
5.82018
5.97154
5.50462
5.98868
5.20945
6.65821
4.65662
5.86419
7.00562
6.14975
7.62936
4.30518
4.03185
8.32643
6.75489
7.65821
6.43741
5.49825
5.63807
6.42066
6.12928
6.05528
7.65821
4.85798
4.26568
5.26366
5.99435
5.53605
8.03892
7.46761
7.57743
6.40372
5.16491
7.80735
6.79442
7.87652
7.65821
4.8357
7.99435
5.50462
5.98868
5.20945
7.65821
7.45943
7.47573
7.53138
6.01495
4.80735
5.81378
7.86419
5.20945
7.65821
4.42931
5.45505
8.98584
8.02237
8
6.47573
7.48382
7.79442
7.47573
7.47573
4.8357
7.99435
7.65821
6.16993
3.40718
5.51907
5.64962
6.05528
4.57994
5.13614
6.57743
6.56986
8.20457
7.46761
7.57743
7.87652
7.65821
6.00562
6.09452
7.93664
7.9542
7.94251
5.87652
6.05528
7.62205
7.49185
7.47573
7.47573
3.79518
4.39232
6.57994
6.29155
5.85798
7.6865
7.76818
7.88874
7.87652
6.49985
4.79998
6.61471
6.97154
5.6865
7.43879
6.76155
6.05166
4.73094
4.39232
5.11894
6.23362
7.57743
5.96963
7.08215
3.86625
7.53528
6.62205
7.80735
8.00562
5.3147
7.08215
3.86625
8.53528
4.65662
4.69426
4.42626
6.57994
3.95031
5.47032
7.11894
4.34792
5.74953
8.53528
4.65662
5.86419
7.00562
6.14975
7.62936
4.30518
4.03185
8.32643
7.46761
7.84549
5.0199
3.98055
1
6.05528
7.65821
7.65821
6.08746
7.46761
6.80735
6.67948
7.66534
4.69426
6.23362
5.99247
5.50462
5.98868
5.20945
7.65821
8.18982
5.54226
7.61471
5.05683
5.18133
6.12412
6.75489
7.65821
4.77479
4.49825
4.76022
7.63662
6.43741
7.76155
8
7.79442
4.7211
4.86899
4.8357
7.99435
4.77479
5.82018
5.97154
5.50462
5.98868
5.20945
7.65821
4.92362
6.08299
8.03892
4.65662
4.69426
4.64866
5.6865
5.48543
6.97728
7.73471
4.78427
5.54226
4.26366
4.03185
8.32643
7.75489
8
7.90087
5.50462
5.98868
5.20945
7.65821
6.62936
8.57365
7.50779
6.85798
6.16993
6.93074
7.80735
5.09452
7.97728
7.80735
6.79442
5.18133
6.12412
6.75489
7.65821
5.64386
7.85175
7.75489
6.63662
4.80735
6.00562
6.78136
6.14975
6.9542
8.23362
4.98299
4.6885
6.40939
5.15843
7.72792
7.64386
4.51096
5.1224
5.19827
5.78136
6.7211
8.13955
8.53528
6.07325
6.97154
7.62936
5.24793
5.49825
4.30518
6.25424
6.80735
6.64866
8.20945
4.39232
5.11894
8.23362
4.98299
4.6885
4.99435
4.85798
6.76818
3.53172
3.76081
2.77106
8.53528
1.90781
8.27743
7.98584
5.7211
4.68523
7.6865
7.56986
4.26366
7.8392
6.49185
7.47573
8
5.1224
5.19827
8.10329
7.79442
7.47573
4.52356
6.82655
6.7211
7.61471
7.52356
4.88264
5.87652
8.05528
7.56986
4.9542
5.23522
8.23362
4.98299
4.6885
5.99435
6.62205
7.80735
8.00562
5.3147
7.08215
6.12928
6.05528
7.65821
4.77479
5.82018
7.97154
7.02237
7.23362
7.59991
6.99435
6.49985
4.79998
6.61471
5.64962
6.05528
3.70548
7.49586
4.03185
6.74147
8.00562
7.45943
7.47573
7.54689
5.26366
7.99435
3.91966
4.66469
7.53528
1
8.12412
7.75489
7.98299
2.83354
2.77106
8.53528
4.65662
4.69426
4.42626
6.57994
8.53528
6.49985
4.79998
6.61471
5.64962
5.47032
7.11894
4.34792
5.74953
8.53528
5.96963
7.08215
6.10329
5.06916
4.64386
4.19265
4.66676
4.03185
6.0045
6.53398
7.80735
7.49185
7.53916
5.47032
6.85175
7.97154
7.65821
4.8357
6.40939
5.15843
7.72792
7.64386
6.07325
7.98868
7.55459
5.97728
5.38919
6.29768
5.62644
5.96193
7.86419
6.87652
3.91966
5.53916
6.05528
7.65821
5.85798
7.86419
6.94251
7.49185
6.53916
7.45943
7.63662
4.8147
5.53916
6.05528
7.65821
7.65821
5.16993
5.49185
7.96
7.75489
7.47573
7.47573
7.45943
8.20945
4.39232
4.65951
1
7.65821
4.77479
5.82018
5.64962
5.15843
7.72792
6.64386
8.18982
5.54226
7.61471
5.05683
7.98868
7.55459
7.5157
8
4.8357
7.99435
7.65821
6.16993
3.40718
5.51907
6.97154
7.82655
5.2854
7.08215
4.51728
4.36565
5.06916
5.64386
6.85175
5.97154
3.73909
4.74514
6.75489
7.65821
6.43741
7.80735
7.74147
3.77672
5.40372
6.29768
4.77844
5.12338
7.7879
5.93074
7.49185
8.04985
8.02237
3.89162
8.32643
7.49185
7.50779
4.62059
8.23362
6.49185
7.50779
4.80735
6.13955
7.76155
7.45943
7.90087
5.96963
5.76022
6.99435
7.6865
7.45943
7.52356
7.45943
5.93074
6.13955
8.00562
6.57994
6.87652
4.77479
5.82018
6.97154
6.62936
8.57365
7.46761
5.06609
7.08215
4.78136
4.46597
3.11698
4.63941
6.57994
5.82018
5.85798
7.9542
7.45943
7.90087
5.96963
7.08215
3.86625
7.53528
5.45286
5.20945
6.20945
7
5.94837
7.65821
4.77479
5.82018
6.38658
6.62205
7.80735
8.00562
5.3147
7.08215
3.86625
7.53528
7.74147
8
7.90087
4.36712
5.47249
7.98868
7.57743
7.45943
7.47573
7.53138
6.01495
4.80735
5.81378
7.86419
8
7.90087
7.85798
7.47573
5.62936
7.94251
7.5157
6.62449
6.67948
5.57894
4.87321
8.10329
7.52356
8
7.90087
5.96963
5.76022
4.99435
5.18982
6.80735
6.36923
7.79442
6.87652
4.77479
5.82018
7.97154
6.49985
6.60733
7.55459
7.81378
7.86419
7.71425
4.46597
3.11698
4.63941
6.57994
5.82018
5.85798
7.9542
7.49185
4.52356
6.82655
6.7211
7.61471
7.52356
4.88264
6.87652
5.77479
7.8009
6.04439
5.75489
4.98299
4.6885
7.99435
5.96963
7.08215
3.86625
7.53528
5.45286
5.20945
6.20945
7
5.94837
7.65821
4.77479
5.82018
6.97154
7.67243
8.12412
7.75489
6.63662
6.61471
8.33985
7.54689
7.79442
7.47573
7.84549
6.43741
5.80735
6.82018
7.71425
7.46761
7.52356
7.45943
7.65821
4.77479
5.82018
5.97154
5.50462
5.98868
5.20945
7.65821
7.67243
6.12412
7.75489
7.72792
7.62205
4.14048
7.29462
7.80735
5.20945
5.20945
6.65821
4.36712
4.33498
6.20945
6
7.07682
7.80735
6.65105
7.63662
5.20945
7.65821
7.65821
4.8357
7.99435
5.33628
4.76022
7.63662
3.5518
5.95884
3.97124
7.77479
4.77479
5.82018
6.97154
4.65662
5.86419
7.00562
6.14975
7.62936
4.30518
4.03185
8.32643
6.75489
7.65821
6.1565
6.16993
5.95031
5.53605
4.86899
6.00562
6.78136
7.73471
3.46632
4.58896
4.99178
7.80735
5.20945
7.79442
8
7.90087
5.50462
5.98868
5.20945
7.65821
6.62936
8.57365
7.50779
6.85798
6.16993
6.93074
7.80735
5.09452
7.97728
7.80735
6.79442
5.18133
6.12412
6.75489
6.07325
7.65821
7.49985
7.59246
5.26679
7.33985
7.47573
5.22239
8.23362
4.98299
4.6885
6.99435
6.49985
4.79998
6.61471
7.97154
6.43741
6.16993
5.29278
4.86899
4.30518
1
2.77106
8.53528
7.65821
4.8357
6.40939
5.15843
7.72792
7.64386
6.07325
7.98868
7.55459
5.97728
5.38919
6.29768
5.62644
5.96193
7.86419
6.87652
3.91966
4.66469
3.95031
5.47032
3.47508
4.26366
6.25424
6.80735
4.66297
6.07146
5.22239
7.70044
4.77479
5.82018
5.97154
4.50462
2.45226
6.57365
7.50779
7.62936
6.76155
5.41278
6.49185
6.48113
5.20945
7.65821
5.70044
5.47032
6.85175
7.75489
4.19265
4.87321
8.10329
7.79442
8
7.90087
5.50462
4.98868
7.87652
6.49985
4.79998
6.61471
6.97154
7.82655
3.80735
7.98299
6.49985
7.03342
6.17659
4.80735
6.61961
5.12928
4.86899
4.30518
4.03185
5.51907
7.97154
7.65821
6.16993
6.93074
7.49185
7.53916
7.54689
4.77479
7.82018
4.4185
7.7879
7.5157
7.52356
7.45943
7.65821
4.77479
5.82018
5.97154
3.91966
4.66469
8.53528
6.43741
6.75489
5.48543
6.26679
6.00562
6.78136
6.14975
4.49476
7.53528
4.77479
5.82018
6.97154
7.67243
8.12412
5.75489
8.11894
8
7.47573
7.46761
6.07146
8.05528
7.47573
7.84549
4.51785
5.44846
6.57994
4.9542
5.6837
2.34915
4.26568
4.20477
4.77259
4.80735
4.35755
5.26366
7.99435
7.65821
6.67243
7.49985
7.56986
6.64866
4.39232
8.11894
8.53528
6.49985
4.79998
6.61471
7.97154
7.65821
5.16993
5.49185
3.37504
4.63941
4.35755
5.26366
5.99435
6.05528
4.57994
4.7211
4.86899
7.00562
7.46761
7.53916
6.23362
7.57743
3.71272
3.44192
8.59246
8
3.80735
4.98299
7.49586
4.51728
8.06609
5.47573
3.42155
9.49586
6.45943
7.90087
5.66534
4.82927
7.08215
4.51728
4.36565
7.87652
3.02237
7.53528
6.39232
7.77479
3.46632
7.49586
4.03185
8.32643
6.16993
8.32643
8
7.90087
3.91966
4.66469
6.95031
5.64386
6.85175
7.52356
6.52356
5.49719
5.94251
5.74953
7.53528
5.6865
7.43879
5.47032
6.85175
7.97154
4.77479
5.82018
6.97154
7.82655
7.61471
6.62936
6.61471
5.56682
5.44846
6.05528
7.65821
6.85798
7.46761
7.52356
7.45943
7.65821
4.77479
7.82018
2.83354
6.70966
3.99498
4.63743
8.12412
4.34792
6.07146
6.05528
7.65821
3.57154
6.38082
6.05528
3.70548
4.6885
5.99435
6.85798
7.46761
7.52356
7.45943
6.65821
4.65662
5.86419
7.00562
6.14975
7.62936
4.30518
4.03185
8.32643
7.75489
8
7.90087
3.56294
6.16491
5.2555
4.88264
7.87652
7.65821
6.75489
6.26679
6.00562
6.78136
6.14975
6.9542
8.16491
7.63662
4.65662
4.69426
4.42626
6.57994
8.53528
7.65821
5.43296
7.62936
5.62205
6.12412
4.32673
8.12412
7.75489
5.17564
5.33985
5.99247
3.91966
4.66469
8.53528
7.65821
6.53916
6.52356
5.43296
7.70044
7.80735
4.19162
4.86295
4.66297
6.07146
5.22239
7.70044
7.67243
4.9542
5.49825
8.16491
6.63662
4.77479
5.82018
5.97154
3.91966
4.66469
7.53528
6.62205
7.80735
8.00562
5.3147
7.08215
8.45121
7.49185
7.5157
4.24031
3.44192
8.59246
8
6.16993
5.34577
6.48113
5.20945
7.65821
7.67243
6.12412
7.75489
7.72792
7.62205
4.14048
7.29462
7.80735
5.20945
5.20945
7.65821
5.64386
3.97154
4.6885
5.99435
4.27302
7.65105
6.53138
7.96578
7.82655
3.80735
5.39803
4.7211
4.57949
4.94902
4.32643
5.48543
6.79442
5.18133
6.12412
6.75489
7.65821
3.57154
6.96578
4.64386
8
7.62936
4.30518
7.8392
5.29462
5.26366
7.99435
3.91966
4.66469
7.53528
4.51785
5.44846
5.47032
1
6.97154
4.65662
4.69426
4.42626
6.57994
8.53528
5.96963
7.08215
3.86625
6.95031
5.64386
6.85175
7.52356
6.52356
5.49719
5.94251
5.74953
7.53528
5.6865
7.43879
5.47032
6.85175
7.97154
4.77479
5.82018
7.97154
7.65821
6.00562
6.09452
7.93664
7.9542
6.94251
5.20945
5.33628
6.05528
7.62205
7.49185
7.47573
7.47573
3.79518
4.39232
5.16491
7.79442
8
3.42155
9.49586
6.45943
7.90087
7.67243
6.12412
7.75489
6.93664
5.84298
4.14048
5.29462
5.26366
6.99435
8.02237
7.35755
4.05209
4.20477
5.94251
5.74953
6.95031
5.85798
7.6865
6.5157
7.74147
7.50779
3.57154
7.96578
5.7211
8.14466
7.85175
7.48382
3.03122
8.53528
5.62936
5.9542
6.40372
5.02554
7.8009
8
7.90087
6.62936
8.57365
7.50779
6.85798
6.16993
6.93074
7.80735
5.09452
7.97728
7.80735
6.79442
6.40372
5.57994
6.05528
7.65821
4.77479
5.82018
5.97154
3.91966
4.66469
1
5.96963
4.38171
7.88264
4.32912
3.53605
4.75489
6.63662
8
4.66297
6.07146
5.22239
7.70044
6.66534
6.57743
7.54689
7.52356
6.09452
7.65821
3.95109
5.08746
7.81378
7.71425
5.20294
5.40372
6.09452
7.65821
7.77479
7.46761
6.26679
7.97154
7.55459
7.46761
8
7.70044
6.49985
4.79998
6.61471
7.97154
6.13614
6.10329
6.29155
4.85798
4.26568
5.26366
6.40939
4.65662
4.69426
4.64866
5.6865
5.48543
6.97728
7.73471
4.78427
5.05683
7.80735
6.79442
7.87652
7.65821
4.8357
7.99435
5.33628
4.76022
7.63662
7.65821
6.16993
6.93074
6.86419
5.96193
6.21594
7.71425
8
7.90087
7.65821
4.8357
7.99435
5.96963
5.76022
5.99435
6.05528
4.57994
4.7211
4.86899
4.30518
1
4.29462
5.23362
5.90087
7.71425
5.55459
5.38247
5.70966
5.5502
7.62936
7.77479
7.50779
6.53916
7.45943
6.40939
7.82655
6.60733
7.76818
7.61471
6.64866
4.39232
7.11894
7.80735
6.79442
6.29155
3.95109
7.08746
7.56224
7.46761
7.84549
7.65821
6.16993
3.76081
5.1247
6.05528
7.65821
7.65821
5.16993
5.49185
7.96
5.75489
6.14975
6.9542
5.84298
7.23362
4.77844
3.76081
5.1247
6.05528
7.65821
7.65821
4.8357
5.99435
6.62205
7.80735
8.00562
5.3147
7.08215
6.12928
6.05528
6.07325
4.85086
5.6885
4.78136
6.16491
6.94251
6.49185
7.49185
8
7.65821
4.39232
4.65951
1
7.65821
7.67243
6.12412
7.75489
6.93664
5.84298
4.14048
5.29462
5.26366
7.99435
5.96963
7.08215
3.86625
7.53528
7.65821
7.49985
7.59246
5.26679
7.33985
7.47573
7.80735
7.00562
7.73471
7.50779
5.90689
7.49985
6.40939
5.64386
5.97154
5.40372
7.66534
6.61471
5.53916
5.42066
6.35755
5.49825
4.30518
4.03185
8.32643
7.46761
7.84549
5.96963
7.08215
6.10329
6.87652
4.77479
5.82018
5.97154
5.50462
5.98868
5.20945
6.65821
4.65662
5.86419
7.00562
6.14975
7.62936
4.30518
4.03185
8.32643
6.75489
7.65821
6.49985
4.79998
6.61471
6.97154
7.67243
6.12412
5.16993
6.22882
6.79442
3.97229
6.94251
7.8009
6.04439
5.75489
4.98299
4.6885
6.99435
3.02237
5.53528
3.91966
4.66469
7.53528
6.62205
7.80735
8.00562
5.3147
7.08215
3.86625
6.95031
4.28293
6.74147
8.00562
7.45943
7.47573
6.54689
5.53528
4.50462
2.45226
6.57365
7.50779
7.62936
6.76155
5.41278
6.49185
6.48113
5.20945
7.65821
5.70044
5.47032
6.85175
7.75489
4.19265
4.87321
8.10329
5.20945
7.65821
6.13614
6.10329
5.06916
5.64386
3.88408
3.62059
4.98868
7.87652
7.65821
4.8357
6.40939
5.15843
7.72792
6.64386
7.82655
7.46761
5.9386
7.50779
7.78136
7.56986
4.9542
4.23522
8.05528
8
7.90087
4.64386
4.19265
4.87321
6.10329
5.55459
5.38247
5.70966
5.5502
7.62936
7.77479
7.50779
6.53916
7.45943
7.99435
7.65821
4.8357
7.99435
5.33628
4.76022
6.05166
7.85798
6.00749
7.47573
8
7.97728
7.80735
7.79442
8
7.90087
6.49985
4.79998
6.61471
7.97154
6.43741
6.23522
4.69426
4.32673
5.53916
4.30518
4.03185
5.51907
5.12928
4.86899
4.30518
4.03185
5.51907
7.97154
7.65821
6.16993
3.76081
7.29462
6.17659
6.44846
6.95031
5.64386
4.2362
7.84862
8.10329
8
7.90087
7.8392
8
7.46761
5.47249
7.98868
7.57743
6.49985
5.60733
7.47573
7.53916
8
8
3.56294
8.16491
7.63662
4.65662
4.69426
4.32673
8.12412
7.75489
5.17564
5.33985
6.57743
4.28293
6.74147
8.00562
7.45943
7.47573
6.54689
8.53528
5.96963
7.08215
3.86625
5.53528
3.73909
4.74514
7.75489
7
7.50779
5.90689
7.49985
6.40939
6.13614
6.10329
5.87652
5.47032
3.47508
5.26366
4.78136
5.17564
8.33985
7.5157
7.47573
8
5.1224
6.42066
3.86625
3.95031
5.47032
5.11894
4.42626
5.84298
6.42066
6.11548
3.11698
5.33985
7.90087
7.49185
7.53916
4.34792
5.74953
8.53528
4.36712
5.47249
7.98868
7.57743
5.96963
7.08215
3.86625
5.95031
4.27302
6.65105
8.25267
6.70966
7.00562
7.73471
7.50779
5.90689
7.49985
7.99435
7.65821
4.8357
7.99435
5.33628
4.76022
7.63662
4.51096
5.1224
4.8357
4.99435
8.18982
7.66534
7.49185
8.29002
7.80735
7.90087
6.49985
4.79998
6.61471
7.97154
7.65821
6.75489
7.65821
3.91966
4.66469
5.95031
5.85798
5.86419
5.62644
7.54689
8.13955
8.53528
6.49985
4.79998
6.61471
7.97154
4.85798
6.35315
7.76155
7.50779
7.47573
6.54689
8.53528
7.65821
4.8357
6.40939
5.15843
7.72792
6.64386
8.05528
7.47573
5.9386
7.50779
4.78136
5.17564
5.33985
7.57743
4.77479
5.82018
6.97154
7.82655
7.46761
5.9386
7.50779
7.78136
7.56986
4.9542
4.23522
8.05528
7.47573
7.84549
7.65821
6.16993
5.34577
4.36565
6.29155
4.85798
7.35315
2.96123
6.39803
6.97154
6.24159
5.63807
6.00562
6.09452
4.61471
6.23362
7.57743
6.49985
4.79998
6.61471
7.97154
5.33628
4.76022
6.63662
4.64386
7
4.77844
3.40718
5.51907
5.12928
8.13955
7.53528
6.62936
8.57365
7.46761
5.06609
4.38171
4.97473
7.97154
8.02237
6.42066
7.70044
7.80735
6.65105
7.80735
7.80735
6.79442
6.87652
4.36712
5.47249
7.98868
5.99247
3.91966
4.66469
7.53528
6.62205
7.80735
8.00562
5.3147
7.08215
3.86625
8.53528
4.36712
6.20945
6.03709
7.61471
7.5157
7.47573
6.54689
3.95031
6.05528
4.57994
7.7211
4.822
8.03342
4.55459
6.80735
7.67948
7.57743
6.13614
6.10329
5.06916
5.64386
3.88408
3.62059
4.98868
7.87652
5.33628
4.76022
7.63662
8.18982
5.54226
7.61471
5.05683
7.98868
6.57743
7.82655
7.61471
5.90087
5.49185
5.3322
5.23362
5.90087
7.71425
8
7.90087
4.64386
4.19265
4.87321
6.10329
5.55459
5.38247
5.70966
5.5502
7.62936
7.77479
7.50779
6.53916
7.45943
7.99435
3.91966
4.66469
5.95031
5.53605
4.57949
8.11894
6.49185
7.52356
7.45943
3.76081
5.1247
5.47032
7
5.94837
7.65821
7.65821
4.8357
7.99435
7.65821
7.7879
4.61798
5.66107
5.20945
7.65821
7.45943
7.49185
7.46761
7.55459
5.97728
7.84862
8.10329
7.79442
7.47573
7.5157
8
6.67948
5.16189
7.45121
7.00562
7.73471
7.71425
7.87652
5.53605
8.03892
4.62272
6.20457
5.75489
7.98299
8
7.90087
7.65821
6.67243
6.49985
3.37504
6.33985
6.6865
4.36565
7.87652
7.65821
4.8357
6.99435
6.62936
8.57365
7.46761
5.06609
7.08215
4.78136
4.46597
3.11698
4.63941
6.57994
5.82018
5.85798
4.49476
7.53528
4.77479
5.82018
5.97154
3.91966
4.66469
3.95031
6.05528
7.62205
7.49185
7.47573
7.47573
3.79518
4.39232
8.11894
8.53528
5.96963
4.38171
7.88264
4.32912
3.53605
4.75489
6.63662
8
4.66297
6.07146
5.22239
7.70044
4.77479
5.82018
7.97154
6.7211
7.45121
3.86507
5.22239
4.91169
4.29278
8.16491
7.45943
7.90087
4.77479
6.82018
6.16993
3.76081
6.70966
6.42066
8.11894
8.53528
5.33628
4.76022
7.63662
8.02237
3.86507
4.80735
5.26366
4.78136
7.98299
7.46761
7.84549
3.71272
3.44192
6.59246
7.49185
7.63662
4.06609
4.20477
4.35755
6.79442
7.87652
5.33628
4.76022
7.63662
5.73335
7.73471
6.09452
7.62936
7.45943
4.72792
7.84862
6.10329
7.87652
7.65821
6.08746
7.46761
6.80735
6.67948
7.66534
7.86419
8.53528
7.65821
6.16993
5.34577
6.48113
5.20945
7.65821
8.18982
5.54226
7.61471
5.05683
5.18133
6.12412
6.75489
7.65821
5.15843
5.72792
6.61471
4.62272
5.39722
7.97154
6.49985
4.79998
7.61471
6.80735
5.4865
6.23362
6.57743
7.65821
8.00562
7.50779
6.52356
6.75489
7.5157
6.03892
6.80735
6.07146
5.22239
7.70044
7.67243
6.12412
7.75489
8
7.83289
5
7.65105
8.16491
7.48382
7.84549
7.65821
6.16993
5.34577
6.48113
5.20945
7.65821
7.67243
6.12412
7.75489
7.72792
7.62205
4.14048
7.29462
7.80735
5.20945
5.20945
7.65821
6.13614
8.10329
5.20945
7.65821
4.27302
7.65105
6.61471
6.16993
5.12338
3.98055
4.35755
5.26366
6.99435
6.49985
4.79998
6.61471
6.97154
7.82655
7.60733
7.61471
6.80735
5.82018
7.97154
4.28293
6.74147
5.6837
4.97473
5.33985
5.99247
5.64386
6.26679
4.30518
6.25424
6.80735
6.83289
6.79442
7.87652
8.02237
8
6.47573
6.53916
4.48543
7.8009
7.67948
6.57743
7.65821
6.16993
3.76081
2.77106
7.53528
6.62205
7.80735
8.00562
5.3147
7.08215
8.45121
7.45943
7.90087
6.49985
4.79998
6.61471
7.97154
7.65821
6.75489
7.65821
3.91966
4.66469
8.53528
7.82655
7.61471
5.90087
4.81378
8.03892
4.63941
6.57994
7.53528
4.77479
5.82018
7.97154
7.02237
7.23362
7.59991
6.99435
6.49985
4.79998
6.61471
7.97154
4.85798
3.03122
5.95031
5.85798
7.86419
6.20945
5.12338
3.98055
5.16491
7.80735
6.79442
7.87652
7.67243
6.12412
7.75489
7.72792
7.62205
4.14048
7.29462
7.80735
5.20945
5.20945
6.65821
4.36712
4.33498
6.20945
6
7.07682
7.80735
6.65105
7.63662
5.20945
7.65821
7.65821
4.8357
7.99435
5.33628
4.76022
7.63662
7.82655
7.46761
5.9386
7.50779
7.78136
7.56986
4.9542
4.23522
8.05528
8
7.90087
3.02237
5.53528
5.50462
5.98868
5.20945
7.65821
5.0199
3.98055
5.84298
4.55459
5.70966
5.03562
6.86419
7.62936
4.30518
4.51728
6.48113
5.20945
5.33628
6.05528
3.70548
8.49586
7.50779
5.05063
6.00562
6.78136
7.73471
3.46632
4.58896
6.86625
4.57994
4.74514
7.75489
7.47573
7.84549
5.96963
7.08215
3.86625
6.95031
5.15843
6.14296
5.58496
3.37504
7.33985
7.47573
5.37752
4.19162
8.18488
7.62936
6.00562
6.78136
6.14975
4.49476
7.53528
4.77479
5.82018
7.97154
4.54511
6.91971
6.82018
5.53605
7.03892
6.75489
6.85175
6.75489
7.65821
4.64386
4.19265
5.25172
6.99435
7.67243
8.12412
5.75489
8.11894
8
7.47573
7.46761
5.74953
8.53528
7.65821
6.75489
7.65821
5.96963
5.76022
4.99435
5.18982
6.80735
7.62936
7.71425
7.57743
7.79442
7.87652
4.27302
7.65105
6.53138
7.96578
7.67243
6.12412
5.16993
5.49185
4.63807
2.83354
7.29462
6.17659
4.80735
6.61961
5.89885
3.42155
9.49586
6.45943
7.90087
7.67243
6.12412
7.75489
6.93664
5.84298
4.14048
8.29462
7.49185
6.26053
6.24159
3.37504
5.75489
6.98299
7.87652
5.33628
4.76022
6.63662
4.85086
5.6885
5.78136
7.47573
7.49185
7.45943
4.98868
5.41278
4.88264
5.55459
5.38247
5.70966
5.5502
7.62936
7.77479
7.50779
6.53916
7.45943
6.99435
6.43741
6.80735
7.62205
8.18488
6.04439
6.33985
5.36457
5.51907
7.97154
4.77479
5.82018
7.97154
6.49985
4.79998
7.61471
8
7.90087
4.36712
5.47249
7.98868
7.57743
8.02237
5.34341
6.08746
6.40372
8.16491
7.45943
7.90087
3.71272
3.44192
8.59246
8
4.66469
6.95031
4.28293
8.32643
7.75489
7.56986
7.10329
3.62059
4.98868
7.73471
7.47573
7.47573
6.54689
8.53528
4.65662
4.69426
4.42626
6.57994
7.53528
4.77479
6.82018
7.75489
4.61471
4.91169
4.80735
5.17564
4.94251
4.63743
6.12412
6.23362
6.57743
7.65821
6.16993
3.76081
5.1247
6.05528
7.65821
6.62205
7.80735
8.00562
5.3147
7.08215
6.12928
6.05528
7.65821
7.65821
6.75489
7.65821
4.27302
7.65105
6.53138
6.38082
6.05528
4.57994
5.13614
6.57743
6.56986
8.20457
6.46761
7.72792
7.45943
7.90087
7.65821
5.16993
5.49185
7.96
5.75489
6.14975
6.9542
8.16491
7.47573
4.86899
4.30518
4.03185
5.51907
6.97154
4.36712
5.47249
7.98868
8
4.79998
6.61471
7.97154
4.85798
5.54579
4.9542
7.96578
6.49985
4.79998
6.61471
7.97154
4.85798
7.35315
2.96123
5.17564
5.33985
7.57743
5.96963
7.08215
3.86625
8.53528
4.36712
5.47249
7.98868
6.57743
4.65662
5.86419
7.00562
6.14975
7.62936
4.30518
4.03185
8.32643
5.89885
3.42155
10.4959
8
7.84549
6.43741
6.16993
8.08215
8
4.79998
6.61471
7.97154
5.33628
4.76022
7.63662
8.18982
5.54226
7.61471
5.05683
7.98868
7.57743
4.77479
5.82018
6.97154
7.82655
7.46761
5.9386
7.50779
7.78136
7.56986
4.9542
4.23522
6.05528
7.65821
6.13614
6.10329
7.87652
7.65821
6.75489
7.65821
5.96963
7.08215
6.10329
6.87652
4.77479
5.82018
5.97154
5.50462
5.98868
5.20945
7.65821
6.85798
7.46761
7.52356
7.45943
5.33628
6.05528
4.57994
7.7211
5.06609
4.38171
4.82273
7.75489
8
7.90087
5.64386
3.88408
3.62059
4.98868
7.87652
7.65821
4.8357
7.99435
1.90781
6.52897
3.24431
8.27743
8.98584
5.64386
6.85175
7.97154
5.77479
3.71344
6.9542
5.75489
7.48382
8.10329
6.20945
6.93074
5.48543
4.39232
5.11894
8.23362
4.98299
4.6885
5.99435
6.85798
7.46761
7.52356
7.45943
7.65821
4.77479
5.82018
7.97154
6.72792
6.15482
4.40808
2.86804
5.55531
8.98584
5.47032
4.65951
6.47032
6.97154
5.20945
7.65821
7.65821
4.8357
7.99435
7.65821
5.16993
5.00643
7.86419
8
6.47573
7.53916
7.49185
7.5157
8
3.63917
3.86625
7.53528
7.6865
6.52356
6.33985
7.59991
7.45943
5.9386
7.50779
6.35755
7.82018
7.49185
7.45943
6.47573
4.05683
7.49586
4.03185
8.32643
7.75489
8
7.90087
4.36712
5.47249
4.81876
7.6865
7.29462
6.67243
7.63662
7.49185
7.56986
4.77479
5.82018
5.97154
3.91966
4.66469
6.95031
5.64386
6.97154
6.76155
6.14975
6.62936
6.80735
6.07146
5.22239
7.70044
7.65821
5.16993
5.00643
7.86419
8
6.47573
7.48382
4.94251
4.66469
7.53528
4.77479
5.82018
5.16419
4.85086
5.6885
4.78136
6.16491
3.62059
4.98868
7.73471
7.47573
7.47573
6.54689
5.95031
6.85798
6.46761
7.53916
8
4.99354
4.39232
8.11894
7.45943
7.90087
8.05528
7.56986
4.80219
6.26679
7.97154
6.49985
4.79998
6.61471
7.97154
7.65821
6.16993
3.76081
2.77106
8.53528
7.65821
6.75489
7.65821
5.96963
7.08215
3.86625
8.53528
3.71272
3.44192
8.59246
7.47573
7.82018
3.80735
6.98299
7.52356
7.52356
5.49185
6.13955
7.00562
7.73471
7.50779
5.90689
7.49985
5.99435
4.27302
7.65105
6.53138
7.96578
7.65821
5.16993
5.49185
3.37504
4.63941
4.35755
7.84862
7.46761
7.53916
7.80735
6.79442
6.40372
8.16491
5.49185
3.42155
10.4959
8
7.84549
3.71272
3.44192
8.59246
8
6.35315
6.17659
4.29278
4.80219
5.77259
7.86419
5.20945
7.65821
4.77479
5.82018
7.97154
5.96963
5.76022
4.99435
8.18982
5.54226
7.61471
5.05683
7.98868
7.57743
6.49985
4.79998
6.61471
7.97154
5.0199
3.98055
1
6.05528
7.65821
5.96963
7.08215
3.86625
3.95031
5.73335
7.73471
6.09452
7.62936
7.56224
7.47573
7.47573
6.54689
6.95031
5.64386
3.88408
3.62059
4.98868
6.87652
7.82655
7.60733
7.61471
6.80735
5.82018
6.97154
7.67243
8.12412
5.75489
7.73471
5.3147
6.77479
7.67948
7.57743
6.49985
6.60733
7.55459
7.81378
7.86419
7.71425
4.46597
3.11698
4.63941
6.57994
5.82018
5.85798
4.49476
8.53528
4.65662
4.69426
4.42626
6.57994
8.53528
7.65821
6.17659
5.37752
4.16993
4.29462
6.23362
7.57743
7.67243
8.12412
5.75489
8.11894
8
7.47573
7.46761
6.07146
8.05528
8
7.90087
5.0199
3.98055
5.84298
4.55459
5.70966
5.03562
6.86419
7.62936
4.30518
4.51728
4.36565
7.87652
3.02237
6.95031
5.15843
7.72792
7.64386
7.62205
7.85798
7.49185
7.56986
6.05528
3.70548
4.6885
7.99435
5.96963
5.76022
7.99435
5.33628
4.62272
5.03465
3.59163
7.80735
7.80735
6.79442
7.87652
7.45943
7.47573
7.47573
6.94251
4.99354
4.39232
6.39803
7.97154
4.77479
5.82018
6.97154
6.6865
6.50779
5.84298
6.42066
4.65951
6.47032
6.97154
5.20945
7.65821
3.57154
6.38082
6.05528
3.70548
4.6885
7.99435
5.96963
7.08215
3.86625
6.95031
4.60486
8.06609
7.52356
7.52356
6.97728
6.14975
4.66297
6.07146
5.22239
6.70044
4.27302
7.65105
6.53138
6.96578
7.62936
6.81378
7.57743
5.47249
4.81876
7.6865
5.29462
4.26366
4.03185
8.32643
5.89885
3.42155
9.49586
6.45943
7.90087
7.65821
6.67243
7.49985
7.56986
6.64866
4.39232
8.11894
7.49185
7.84549
3.71272
3.44192
8.59246
8
6.16993
3.40718
5.51907
7.97154
5.0199
3.98055
5.84298
4.55459
5.70966
5.03562
6.86419
7.62936
4.30518
4.51728
4.36565
7.87652
7.65821
6.75489
7.65821
5.96963
5.76022
4.99435
4.85798
3.63807
6.49185
4.36565
7.87652
7.65821
4.8357
7.99435
5.50462
5.98868
5.20945
6.65821
4.65662
5.86419
7.00562
6.14975
7.62936
4.30518
4.03185
8.32643
6.75489
7.65821
7.65821
4.8357
7.99435
5.50462
5.98868
5.20945
7.65821
6.49985
4.79998
6.61471
5.64962
5.64386
6.85175
5.64962
6.05528
3.70548
7.49586
7.67948
5.41504
7.67948
6.52356
6.61471
7.97154
7.65821
6.16993
6.93074
4.80735
6.81378
7.65105
4.8147
6.12412
6.23362
6.57743
5.33628
4.76022
6.63662
4.50462
2.45226
6.57365
7.50779
7.62936
6.76155
5.41278
6.49185
4.36565
5.55459
8.18982
4.36923
7.84549
7.65821
6.16993
3.76081
5.70966
5.77259
7.86419
5.20945
5.33628
6.05528
3.70548
8.49586
4.70044
8.18488
6.09452
5.6865
6.80735
7.62936
5.42066
4.35755
6.79442
7.87652
5.96963
5.76022
4.99435
8.18982
5.54226
7.61471
5.05683
7.98868
7.57743
6.6865
7.50779
7.5157
7.47573
8
8
7.90087
6.49985
4.79998
6.61471
7.97154
6.13614
6.10329
7.87652
7.67243
6.12412
5.16993
6.22882
6.79442
3.97229
6.35755
5.82018
7.97154
3.02237
7.53528
6.62936
8.57365
7.46761
5.06609
7.08215
4.78136
4.46597
3.11698
4.63941
6.57994
5.82018
5.85798
7.9542
7.45943
7.90087
7.65821
4.8357
7.99435
5.96963
7.08215
6.10329
5.87652
5.47032
4.65951
5.84298
6.64866
7.62936
4.30518
4.03185
8.32643
8
7.90087
6.49985
4.79998
6.61471
6.97154
4.36712
6.79442
4.46597
6.74147
6.00562
6.78136
6.14975
6.9542
8.16491
7.47573
4.86899
4.30518
4.03185
5.51907
5.64962
7.96578
7.48382
6.47573
7.65105
5.50462
4.98868
6.29155
4.85798
5.03122
6.23362
7.5157
7.52356
3.22239
3.42155
9.49586
6.45943
7.90087
8.02237
8
6.47573
6.53916
5.80735
7.82018
7.46761
7.5157
8
5.44846
6.57994
4.9542
5.6837
2.34915
4.26568
4.20477
4.77259
4.80735
4.35755
5.26366
4.99435
4.85798
6.35315
6.17659
4.29278
4.66469
6.95031
5.64386
7.97154
7.49985
6.05166
8.12412
5.97154
3.91966
5.53916
6.05528
7.65821
4.50462
8.23362
7.81378
6.27922
4.16993
6.70966
7.00562
7.73471
3.46632
4.32593
4.82273
6.75489
7.65821
4.77479
5.82018
5.64962
5.15843
7.72792
6.64386
5.0199
3.98055
7.16491
6.17659
8.03342
5.49185
7.57743
7.47573
7.84549
3.71272
3.44192
8.59246
8
6.75489
7.65821
5.77479
7.8009
8.23362
7.45943
7.47573
7.49985
7.73471
6.80735
7.63662
6.05528
4.57994
5.13614
6.57743
4.69426
4.42626
7.16491
6.23362
5.99247
5.50462
4.98868
7.87652
6.49985
4.79998
6.61471
6.38658
7.62205
7.85798
6.71425
7.86419
5.20945
7.65821
7.65821
4.8357
7.99435
5.50462
5.98868
5.20945
6.65821
4.65662
5.86419
7.00562
6.14975
7.62936
4.30518
4.03185
8.32643
6.75489
7.65821
6.62205
7.80735
8.00562
5.3147
7.08215
4.99178
7.80735
5.20945
5.20945
5.33628
6.05528
3.70548
4.6885
7.99435
5.50462
4.98868
7.87652
6.49985
4.79998
6.61471
6.38658
5.03709
7.18488
5.81378
7.86419
5.20945
7.65821
7.65821
4.8357
7.99435
5.50462
5.98868
5.20945
7.65821
5.15843
6.14296
5.58496
3.37504
7.33985
7.47573
5.37752
4.19162
8.18488
7.62936
4.30518
4.03185
8.32643
6.75489
7.65821
3.02237
5.53528
3.91966
6.12412
5.64866
5.96963
4.88264
6.87652
6.82655
4.39993
8.12412
6.54689
7.50779
8
7.90087
6.24159
3.37504
5.75489
6.98299
5.06916
7.96578
7.48382
6.47573
7.65105
5.64386
5.93664
6.17659
8.14975
6.71425
7.86419
5.20945
7.65821
6.49985
4.79998
6.61471
7.97154
5.33628
4.76022
7.63662
5.18982
6.80735
6.36923
7.79442
6.87652
4.77479
5.82018
5.64962
8.05528
7.47573
7.53916
8
4.55117
4.8147
5.53916
6.05528
7.65821
6.62936
8.57365
7.46761
5.06609
4.38171
4.82273
6.75489
7.65821
6.49985
4.79998
6.61471
5.64962
5.64386
6.85175
7.97154
8.02237
6.42066
7.70044
7.80735
6.65105
4.80735
5.26366
6.40939
5.64386
3.97154
4.6885
7.99435
3.91966
5.53916
6.05528
7.65821
5.85798
5.86419
5.62644
7.54689
5.81762
8.05528
8
7.5157
5.50462
5.98868
5.20945
7.65821
4.50462
2.45226
6.57365
7.50779
7.62936
6.76155
5.41278
6.49185
6.48113
5.20945
7.65821
5.70044
5.47032
6.85175
7.75489
4.19265
4.87321
8.10329
5.20945
7.65821
7.18982
7.67948
6.05528
7.71425
7.47573
7.45943
8
3.42155
9.49586
6.45943
7.90087
7.65821
6.67243
7.49985
7.56986
6.64866
4.39232
8.11894
7.49185
7.84549
5.33628
4.76022
6.63662
6.85798
6.46761
7.53916
8
4.99354
4.39232
6.57994
6.87652
5.77479
4.99354
4.39232
6.39803
7.97154
6.49985
4.79998
6.61471
7.97154
4.85798
5.54579
4.9542
7.96578
6.49985
4.79998
6.61471
5.64962
5.64386
6.85175
7.52356
6.52356
7.55459
7.67948
6.57743
7.65821
6.16993
6.93074
6.86419
5.96193
3.71344
4.14684
4.20477
4.35755
6.79442
7.87652
7.65821
6.16993
3.76081
2.77106
7.53528
6.62205
7.80735
8.00562
5.3147
7.08215
3.86625
8.53528
7.65821
6.67243
6.49985
3.37504
1
5.90087
1
4.86899
4.30518
1
6.70966
8.16491
6.63662
5.85798
6.27922
7.62205
7.8009
6.64866
8.20945
4.39232
3.47508
4.20477
4.35755
6.79442
6.87652
4.50462
4.91169
7.67948
5.1224
4.63941
5.35755
3.07215
4.86899
4.30518
4.03185
5.51907
5.97154
5.50462
5.98868
5.20945
7.65821
5.18982
6.80735
7.62936
7.71425
7.57743
4.33498
5.20945
7.65821
4.77479
5.82018
5.64962
6.05528
4.57994
7.7211
7.62936
5.45286
4.48618
7.45121
7.00562
7.73471
7.50779
5.90689
7.49985
5.99435
6.05528
3.70548
4.6885
7.99435
3.91966
4.66469
8.53528
6.49985
6.60733
7.55459
7.81378
7.86419
7.71425
6.29155
3.57154
4.96578
3.91966
4.66469
7.53528
6.62936
8.57365
7.46761
5.06609
7.08215
4.78136
4.46597
3.11698
4.63941
6.57994
5.82018
5.85798
4.49476
8.53528
4.65662
4.69426
4.42626
6.57994
7.53528
7.62205
3.53605
5.33985
5.99247
4.64386
8
6.76155
5.53605
8.03892
7.46761
7.57743
6.40372
6.57994
5.53528
3.91966
4.66469
8.53528
7.65821
6.53916
6.52356
5.43296
7.70044
7.80735
4.19162
4.86295
4.66297
6.07146
7.80735
6.50779
7.84549
5.38247
5.70966
5.5502
7.62936
7.77479
7.50779
6.53916
7.45943
4.99435
4.28293
6.74147
5.42066
4.77259
7.61471
7.5157
5.9386
6.50779
6.99435
6.49985
4.79998
6.61471
6.97154
7.67243
6.12412
5.16993
6.22882
6.79442
3.97229
6.35755
5.23522
5.33985
7.57743
3.02237
5.53528
3.91966
4.66469
8.53528
7.82655
6.61471
8.12412
7.52356
6.52356
7.08215
7.8392
2.77106
5.95031
6.85798
7.46761
7.52356
7.45943
7.65821
8.02237
8.00562
7.63662
5.59246
6.14975
4.14684
4.26366
4.03185
8.32643
8
7.5157
7.8392
8
7.46761
5.47249
7.98868
7.57743
6.49985
5.60733
7.47573
7.53916
7.54689
5.64386
3.88408
3.62059
4.98868
6.87652
3.91966
4.66469
5.95031
5.85798
6.27922
4.16993
7.29462
5.22239
7.70044
4.77479
5.82018
6.97154
4.65662
5.86419
7.00562
6.14975
7.62936
4.30518
4.03185
8.32643
6.75489
7.65821
7.67243
4.9542
6.23522
6.42066
6.74147
7.73471
3.46632
4.58896
4.20328
5.26366
6.99435
3.02237
5.53528
3.91966
4.66469
7.53528
6.62205
7.80735
8.00562
5.3147
7.08215
8.45121
