102
7
7
0.764784
6.45528
2.99813
2.75755
0.421879
5.05274
4.55996
2.39886
5.44095
2.63743
2.53728
0.91572
0.764784
8.36036
2.94454
3.43079
1.81323
5.11548
5.08348
6.38537
2.60749
2.35515
0.421879
2.53728
0.91572
0.764784
3.84828
7.84542
3.16897
9.04086
5.38082
1
2.52158
1
3.84872
0.53779
1.36022
5.03252
9.05222
1.46318
3.49768
2.29695
1.59792
4.2742
0.016342
2.98705
5.50841
2.64377
2.00976
0.91572
0.764784
3.7626
5.84143
6.92955
9.04086
5.38082
5.44846
1.85585
4.9751
3.72173
0.397756
2.79858
2.22802
1.84536
2.79858
5.50841
2.64377
4.78879
4.55996
2.39886
5.44095
2.63743
6.98361
2.06622
5.46099
2.50185
4.0944
4.60603
1.97267
3.93441
5.50841
2.64377
13.1897
7.85798
6.6865
3.80735
0.951264
0.91572
0.764784
6.45528
2.99813
2.75755
0.421879
3.14408
1.74641
4.36781
2.1032
4.70613
0.751321
0.70024
1.26287
3.1878
1.84536
5.05274
3.01366
12.0951
4.44055
3.66672
4.83585
7.70853
4.58496
1.34044
3.5108
2.9398
3.87112
5.04333
3.52047
1.60151
3.29674
0.91572
0.764784
7.57521
2.53861
5.53276
2.44993
1.65578
2.16874
5.61589
0.195363
3.36931
2.65779
10.4734
1.85951
5.28059
2.29695
0.983632
6.40892
2.99813
2.75755
0.421879
4.97101
2.02802
0.942435
4.02402
3.33893
3.20357
5.73249
12.3671
0.751321
0.70024
2.01557
2.42915
0.421879
2.53728
3.66358
2.88518
5.16652
1.6412
3.72705
6.1188
6.6271
1
1.31663
3.61252
5.17886
0.016342
3.31442
1
2.93319
4.63719
3.27904
0.891124
4.73107
0.907526
5.67956
3.7908
0.129466
0.711757
0.70024
1.26287
1.57447
3.84828
4.71724
6.65923
13.5215
8.82443
8.84862
4.16596
5.86838
5.08746
15.0983
5.87036
6.40088
0.00815779
4.19391
6.45814
3.73383
8.36714
9.51708
1.13581
2.43957
3.01521
7.36169
4.70906
1
4.5948
1.67816
3.93441
2.22802
1.8207
1.45482
2.46157
5.38059
1.62713
2.43957
5.23337
2.75474
4.47569
9.82337
1.31663
4.85896
3.55333
2.22802
1.8207
1.45482
2.55594
5.08458
3.11565
1
3.57466
2.99103
2.17967
0.827615
2.18484
5.38059
5.08348
1
0.751321
5.80627
1
4.84075
2.82715
11.539
5.58496
0.195363
5.36299
0.835821
1.89704
5.33513
1.13327
1
6.40892
3.0246
6.12173
4.6792
2.44753
4.35114
1.72535
7.08519
10.8654
0.620337
1
2.82715
11.539
9.04439
3.63259
7.93664
2.71786
0.951264
0.91572
0.764784
3.55333
3.83864
7.70853
1
1.30684
4.24905
2.33234
1.16416
0.421879
4.38968
2.73158
2.34072
1.1149
1.30841
5.36299
2.25414
5.43911
3.2972
9.98309
1.30987
1.80421
4.3243
4.62289
0.86054
2.56268
8.80203
1.72535
0.421879
6.51394
1.69016
5.43911
3.2972
3.42543
7.70853
4.58496
9.03361
14.1342
6.71425
7
4.2742
0.016342
5.49979
0.687481
3.27904
3.5038
1.30977
2.87381
5.42125
1.88935
4.78523
4.55996
2.39886
5.44095
2.63743
2.53728
0.91572
0.764784
4.84075
2.82715
5.29741
1.88517
3.01978
7.16543
4.15265
4.65861
3.48113
2.92626
2.4522
6.21102
0.0277241
4.15018
3.31988
4.02692
8.75953
3.79647
2.84857
4.80322
3.94111
3.86578
5.68016
1.84288
5.61589
0.195363
3.36931
5.79024
3.39432
3.40712
3.7229
2.78746
2.37004
4.76875
1.59227
3.93441
3.83864
7.70853
5.04439
3.95546
2.33938
2.88616
9.24159
2.50762
2.44753
4.35114
1.72535
0.421879
5.05274
4.55996
1.31308
4.67015
0.275127
3.53546
2.38606
4.4976
1
2.79858
2.22802
1.8207
3.09817
2.34611
9.04086
4.64386
4.34395
4.72698
2.50116
1.75113
1
1.19676
1.59792
4.77799
1.59227
12.8857
7
7
7
5.699
2.29578
8.5651
1.89733
6.40892
2.99813
1.78531
3.95198
0.53779
1.36022
2.08806
2.89044
4.16799
2.99825
4.35743
5.48802
13.5477
4.40599
3.63472
1.09072
5.04333
2.13324
3.5108
1
1.47354
3.79495
1.4375
2.56268
3.2769
2.75699
1
7.65256
2.53861
2.03526
4.76847
0.687481
3.82555
3.77061
6.60733
4.77205
2.4123
4.32193
1.19676
0.983632
1
5.50841
2.64377
2.00976
0.91572
2.99767
1
3.52047
6.84589
2.92318
5.84475
7.58199
5.75933
1.78531
2.23282
0.91572
0.764784
4.84075
2.82715
5.29741
1.88517
5.70166
3.00705
8.47492
5.93102
5.3401
5.29741
1.88517
3.48509
0.53779
1.36022
2.03276
3.28352
0.942435
1.6744
3.19677
5.50841
2.64377
4.11019
7.84542
3.16897
9.04086
5.38082
1
2.52158
1
3.29674
0.91572
0.764784
3.7626
5.84143
6.92955
9.04086
5.38082
5.44846
1.85585
4.9751
3.72173
0.397756
6.94367
1.51178
2.5996
1
0.584963
0.415037
0.321928
3.19677
3.83864
0.678072
4.58496
0.736966
9.99738
11.7022
0.575594
7.9324
3
3.18654
4.85747
3.83043
1.74052
5.60611
2.70536
1.35607
4.85747
3.20521
8.12115
1.77785
2.90706
4.65861
4.28182
1.36896
1.49506
3.18654
5.10438
0.00815779
0.35122
0.401787
1
2.9398
2.24391
4.24905
2.50762
3.21359
3.52325
7.04433
6.65722
3.83061
4.9542
3.59587
1.85585
4.9751
2.95578
1
3.45887
3.83864
7.70853
5.04439
5.08348
11.1403
5.48829
3.23168
1.80423
5.02078
4.89951
5.88631
4.12894
4.65861
9.23601
4.00108
3.73981
1
8.03892
3
4.3535
0.397756
5.06206
0.687481
14.432
6.70044
1.61024
1.27847
3.98146
0.465057
9.86496
2.1032
2.45366
2.09543
5.85038
2.29734
1.84536
3.77557
0.53779
1.36022
2.03276
3.28352
0.942435
1.6744
6.09264
3
3.18654
3.48509
0.53779
11.7526
3.71506
1.91009
14.0439
3.94251
9.42626
2.99813
2.75755
0.421879
1
0.195363
1.72509
6.85793
2.95218
1.54158
1.79595
2.55594
1.19676
1.59792
0.421879
2.53728
0.91572
0.764784
6.45528
3
4.3535
0.397756
3.14408
1.78943
2.93319
4.21762
1.42832
1
0.584963
4.04859
0.397756
3.14408
1.78943
9.31418
1
10.7918
1.09036
2.5996
0.397756
2.79858
3.83864
7.70853
4.0902
1.74641
4.36781
2.1032
4.70613
0.751321
0.70024
1.26287
3.1878
1.84536
14.7234
3.23522
7.65821
7
7
2.29368
3.25165
4.97788
3.00168
0.397756
10.5535
5.63259
4.90689
5.1127
2.9398
2.24391
5.33513
1.13327
6.90457
2.79404
3.00168
0.397756
2.79858
3.83864
7.70853
6.72247
2.82715
5.29741
1.88517
3.5108
1.78943
2.93319
4.21762
1.42832
1
0.584963
0.415037
5.38059
2.84117
3.4253
2.88733
2.39448
1.17902
3.01978
0.91572
0.764784
3.55333
3.83864
4.44248
3.68237
13.1858
6.87036
6.76818
11.2081
1.42403
7.65821
7
7
3.8123
5.08774
6.03432
1.63092
3.18371
8.40626
3.87447
0.91572
0.764784
4.89106
3.20521
1.16416
4.51302
3.01295
0.942435
4.24757
1.60151
5.61589
0.195363
1.72509
6.85793
2.95218
1.54158
1.79595
2.55594
1.19676
1.59792
0.421879
3.14408
1.78943
1.23386
4.64787
3.27643
6.38527
1.8534
12.9903
4.5482
4.31031
3.31238
1.72509
5.55487
1.59227
9.42626
3
3.18654
5.70166
1
8.47492
5.93102
5.3401
5.29741
1.88517
7.65256
2.53861
2.03526
3.48509
0.53779
1.36022
2.08806
2.46935
3.47719
1.4375
2.5989
4.36177
2.29695
0.983632
3.62077
3.8123
1.80951
1.54418
1.75655
1.28421
4.17041
1.60151
3.45887
5.50841
2.64377
4.96085
3.31988
2.97231
2.45203
2.3759
3.31789
3.72277
1
4.76847
0.687481
14.432
6.70044
1.61024
6.99468
5.29734
3.10623
0.91572
0.764784
6.45528
3
3.18654
4.85747
3.83043
3.21359
1.94915
2.55594
10.2023
4.45396
0.91572
0.764784
3.7626
1.74641
4.36781
2.1032
4.70613
0.751321
0.70024
1.26287
3.1878
5.55487
1.59227
3.31584
8.44993
7.13955
5.68041
3.68619
2.56268
8.80203
1.40371
2.23282
0.91572
0.764784
3.55333
5.50841
8.48059
5.75933
2.75755
0.421879
4.97101
5.75274
12.9767
6.42962
2.08521
6.74751
2.82715
5.29741
1.88517
4.66398
0.195363
3.36931
5.79024
3.39432
3.40712
3.7229
2.78746
1
3.19677
3.83864
7.70853
2.75899
5.50841
2.64377
6.10221
5.08348
1
5.48829
3.23168
1.80423
5.02078
4.44162
0.00815779
0.35122
0.401787
3.10623
7.05623
3.21704
5.60964
3.55783
3.83061
4.0322
5.50841
2.64377
2.42895
3.83864
4.44248
3.68237
13.1858
6.87036
6.76818
0.620337
6.37504
4.84832
2.48543
3.74819
1.74962
4.84458
3.89179
3.85587
5.55487
1.59227
3.93441
3.83864
7.70853
4.34395
3.68841
4.59741
2.90571
2.33409
4.8055
4.20783
0.015012
4.80392
2.54698
3.78302
1.7193
1.59792
0.421879
6.98361
2.99813
2.75755
0.421879
2.79858
3.83864
7.70853
1
1.30684
4.24905
2.33234
1.16416
0.421879
2.79858
3.83864
7.70853
6.04439
2.99813
2.75755
0.421879
4.82366
0.00815779
0.35122
0.401787
6.45528
3
3.18654
5.70166
1
8.47492
5.93102
5.3401
5.29741
1.88517
4.65774
1.43797
1.40371
3.23154
1
1.23386
4.81121
2.45854
6.17636
7.27767
5.699
3.83061
6.0322
0.195363
4.9751
5.34912
9.01848
1.42939
6.04941
6.65722
5.0471
8.28077
3.79647
2.84857
4.80322
3.94111
3.86578
5.27059
6.00613
4.95097
5.10248
8.74059
5.58496
0.195363
3.36931
5.79024
3.39432
3.40712
3.7229
2.78746
2.37004
4.76875
0.620717
7.86235
3.57568
2.75755
0.421879
1
0.195363
1.72509
6.85793
2.95218
1.54158
1.79595
2.55594
1.19676
1.59792
0.421879
4.38968
2.73158
6.90457
8.74059
4.58496
9.03361
5.78989
2.69358
9.31288
5.72247
3.01366
12.0951
6.71425
5.07895
1.78943
1.47354
3.58671
4.73404
3.72913
3.73383
2.44753
2.62742
4.47043
4.36761
1.72509
5.17886
0.016342
3.31442
2.9398
2.24391
4.95097
2.8418
4.78523
1.50948
4.69444
5.92454
1.54936
4.07359
8.40626
6.72247
2.82715
11.539
5.1375
2.32978
1.89919
1.80423
1.51626
3.07422
1.63361
3.4253
1.72482
1.26287
1
7.57521
4.13853
6.69766
1.47652
1.05907
2.99918
3.83864
7.70853
6.72247
2.82715
5.29741
1.88517
3.48509
3.68841
4.59741
6.60891
1.80423
5.02078
1
3.83864
7.70853
2.75899
5.50841
2.64377
4.48231
0.00815779
0.35122
0.401787
6.45528
2.99813
2.75755
0.421879
4.97101
2.02802
0.942435
4.02402
3.33893
3.20357
5.73249
12.3671
0.751321
0.70024
2.01557
2.42915
0.421879
16.7234
5.87036
6.40088
3
3.18654
4.20522
2.84857
3.75827
2.10838
2.24391
4.62009
1.01749
5.43911
3.2972
3.42543
4.72357
0.891124
1.14446
1.31878
3.01978
0.91572
0.764784
6.45528
2.99813
2.75755
0.421879
3.14408
1.74641
4.36781
2.1032
4.70613
0.751321
0.70024
1.26287
3.1878
1.84536
1
3.84364
2.29368
3.25165
4.97788
3.00168
0.397756
7.59154
2.53861
4.41859
8.40626
5.72247
1.74962
13.3081
3.90411
4.16491
3.19366
4.32193
1.19676
0.983632
1
3.83864
7.70853
6.04439
2.99813
2.75755
0.421879
6.24564
3.88129
3.03587
0.365331
2.52469
4.05704
3.6438
1.16416
0.421879
12.264
2.03291
1
3.89308
9.03361
14.1342
6.71425
7
4.77799
12.6284
7
0.764784
6.45528
2.99813
2.75755
0.421879
5.05274
4.55996
2.39886
5.44095
2.63743
2.53728
0.91572
0.764784
8.36036
2.94454
3.43079
1.81323
5.11548
5.08348
6.38537
2.60749
2.35515
0.421879
2.53728
0.91572
0.764784
3.84828
7.84542
3.16897
9.04086
5.38082
1
2.52158
1
3.84872
0.53779
1.36022
5.03252
9.05222
1.46318
3.49768
2.29695
1.59792
4.2742
0.016342
2.98705
5.50841
2.64377
2.00976
0.91572
0.764784
3.7626
5.84143
6.92955
9.04086
5.38082
5.44846
1.85585
4.9751
3.72173
0.397756
2.79858
2.22802
1.84536
2.79858
5.50841
2.64377
4.78879
4.55996
2.39886
5.44095
2.63743
6.98361
2.06622
5.46099
2.50185
4.0944
4.60603
1.97267
3.93441
5.50841
2.64377
13.1897
7.85798
6.6865
3.80735
0.951264
0.91572
0.764784
6.45528
2.99813
2.75755
0.421879
3.14408
1.74641
4.36781
2.1032
4.70613
0.751321
0.70024
1.26287
3.1878
1.84536
5.05274
3.01366
12.0951
4.44055
3.66672
4.83585
7.70853
4.58496
1.34044
3.5108
2.9398
3.87112
5.04333
3.52047
1.60151
3.29674
0.91572
0.764784
7.57521
2.53861
5.53276
2.44993
1.65578
2.16874
5.61589
0.195363
3.36931
2.65779
10.4734
1.85951
5.28059
2.29695
0.983632
6.40892
2.99813
2.75755
0.421879
4.97101
2.02802
0.942435
4.02402
3.33893
3.20357
5.73249
12.3671
0.751321
0.70024
2.01557
2.42915
0.421879
2.53728
3.66358
2.88518
5.16652
1.6412
3.72705
6.1188
6.6271
1
1.31663
3.61252
5.17886
0.016342
3.31442
1
2.93319
4.63719
3.27904
0.891124
4.73107
0.907526
5.67956
3.7908
0.129466
0.711757
0.70024
1.26287
1.57447
3.84828
4.71724
6.65923
13.5215
8.82443
8.84862
4.16596
5.86838
5.08746
15.0983
5.87036
6.40088
0.00815779
4.19391
6.45814
3.73383
8.36714
9.51708
1.13581
2.43957
3.01521
7.36169
4.70906
1
4.5948
1.67816
3.93441
2.22802
1.8207
1.45482
2.46157
5.38059
1.62713
2.43957
5.23337
2.75474
4.47569
9.82337
1.31663
4.85896
3.55333
2.22802
1.8207
1.45482
2.55594
5.08458
3.11565
1
3.57466
2.99103
2.17967
0.827615
2.18484
5.38059
5.08348
1
0.751321
5.80627
1
4.84075
2.82715
11.539
5.58496
0.195363
5.36299
0.835821
1.89704
5.33513
1.13327
1
6.40892
3.0246
6.12173
4.6792
2.44753
4.35114
1.72535
7.08519
10.8654
0.620337
1
2.82715
11.539
9.04439
3.63259
7.93664
2.71786
0.951264
0.91572
0.764784
3.55333
3.83864
7.70853
1
1.30684
4.24905
2.33234
1.16416
0.421879
4.38968
2.73158
2.34072
1.1149
1.30841
5.36299
2.25414
5.43911
3.2972
9.98309
1.30987
1.80421
4.3243
4.62289
0.86054
2.56268
8.80203
1.72535
0.421879
6.51394
1.69016
5.43911
3.2972
3.42543
7.70853
4.58496
9.03361
14.1342
6.71425
7
4.2742
0.016342
5.49979
0.687481
3.27904
3.5038
1.30977
2.87381
5.42125
1.88935
4.78523
4.55996
2.39886
5.44095
2.63743
2.53728
0.91572
0.764784
4.84075
2.82715
5.29741
1.88517
3.01978
7.16543
4.15265
4.65861
3.48113
2.92626
2.4522
6.21102
0.0277241
4.15018
3.31988
4.02692
8.75953
3.79647
2.84857
4.80322
3.94111
3.86578
5.68016
1.84288
5.61589
0.195363
3.36931
5.79024
3.39432
3.40712
3.7229
2.78746
2.37004
4.76875
1.59227
3.93441
3.83864
7.70853
5.04439
3.95546
2.33938
2.88616
9.24159
2.50762
2.44753
4.35114
1.72535
0.421879
5.05274
4.55996
1.31308
4.67015
0.275127
3.53546
2.38606
4.4976
1
2.79858
2.22802
1.8207
3.09817
2.34611
9.04086
4.64386
4.34395
4.72698
2.50116
1.75113
1
1.19676
1.59792
4.77799
1.59227
12.8857
7
7
7
5.699
2.29578
8.5651
1.89733
6.40892
2.99813
1.78531
3.95198
0.53779
1.36022
2.08806
2.89044
4.16799
2.99825
4.35743
5.48802
13.5477
4.40599
3.63472
1.09072
5.04333
2.13324
3.5108
1
1.47354
3.79495
1.4375
2.56268
3.2769
2.75699
1
7.65256
2.53861
2.03526
4.76847
0.687481
3.82555
3.77061
6.60733
4.77205
2.4123
4.32193
1.19676
0.983632
1
5.50841
2.64377
2.00976
0.91572
2.99767
1
3.52047
6.84589
2.92318
5.84475
7.58199
5.75933
1.78531
2.23282
0.91572
0.764784
4.84075
2.82715
5.29741
1.88517
5.70166
3.00705
8.47492
5.93102
5.3401
5.29741
1.88517
3.48509
0.53779
1.36022
2.03276
3.28352
0.942435
1.6744
3.19677
5.50841
2.64377
4.11019
7.84542
3.16897
9.04086
5.38082
1
2.52158
1
3.29674
0.91572
0.764784
3.7626
5.84143
6.92955
9.04086
5.38082
5.44846
1.85585
4.9751
3.72173
0.397756
6.94367
1.51178
2.5996
1
0.584963
0.415037
0.321928
3.19677
3.83864
0.678072
4.58496
0.736966
9.99738
11.7022
0.575594
7.9324
3
3.18654
4.85747
3.83043
1.74052
5.60611
2.70536
1.35607
4.85747
3.20521
8.12115
1.77785
2.90706
4.65861
4.28182
1.36896
1.49506
3.18654
5.10438
0.00815779
0.35122
0.401787
1
2.9398
2.24391
4.24905
2.50762
3.21359
3.52325
7.04433
6.65722
3.83061
4.9542
3.59587
1.85585
4.9751
2.95578
1
3.45887
3.83864
7.70853
5.04439
5.08348
11.1403
5.48829
3.23168
1.80423
5.02078
4.89951
5.88631
4.12894
4.65861
9.23601
4.00108
3.73981
1
8.03892
3
4.3535
0.397756
5.06206
0.687481
14.432
6.70044
1.61024
1.27847
3.98146
0.465057
9.86496
2.1032
2.45366
2.09543
5.85038
2.29734
1.84536
3.77557
0.53779
1.36022
2.03276
3.28352
0.942435
1.6744
6.09264
3
3.18654
3.48509
0.53779
11.7526
3.71506
1.91009
14.0439
3.94251
9.42626
2.99813
2.75755
0.421879
1
0.195363
1.72509
6.85793
2.95218
1.54158
1.79595
2.55594
1.19676
1.59792
0.421879
2.53728
0.91572
0.764784
6.45528
3
4.3535
0.397756
3.14408
1.78943
2.93319
4.21762
1.42832
1
0.584963
4.04859
0.397756
3.14408
1.78943
9.31418
1
10.7918
1.09036
2.5996
0.397756
2.79858
3.83864
7.70853
4.0902
1.74641
4.36781
2.1032
4.70613
0.751321
0.70024
1.26287
3.1878
1.84536
14.7234
3.23522
7.65821
7
7
2.29368
3.25165
4.97788
3.00168
0.397756
10.5535
5.63259
4.90689
5.1127
2.9398
2.24391
5.33513
1.13327
6.90457
2.79404
3.00168
0.397756
2.79858
3.83864
7.70853
6.72247
2.82715
5.29741
1.88517
3.5108
1.78943
2.93319
4.21762
1.42832
1
0.584963
0.415037
5.38059
2.84117
3.4253
2.88733
2.39448
1.17902
3.01978
0.91572
0.764784
3.55333
3.83864
4.44248
3.68237
13.1858
6.87036
6.76818
11.2081
1.42403
7.65821
7
7
3.8123
5.08774
6.03432
1.63092
3.18371
8.40626
3.87447
0.91572
0.764784
4.89106
3.20521
1.16416
4.51302
3.01295
0.942435
4.24757
1.60151
5.61589
0.195363
1.72509
6.85793
2.95218
1.54158
1.79595
2.55594
1.19676
1.59792
0.421879
3.14408
1.78943
1.23386
4.64787
3.27643
6.38527
1.8534
12.9903
4.5482
4.31031
3.31238
1.72509
5.55487
1.59227
9.42626
3
3.18654
5.70166
1
8.47492
5.93102
5.3401
5.29741
1.88517
7.65256
2.53861
2.03526
3.48509
0.53779
1.36022
2.08806
2.46935
3.47719
1.4375
2.5989
4.36177
2.29695
0.983632
3.62077
3.8123
1.80951
1.54418
1.75655
1.28421
4.17041
1.60151
3.45887
5.50841
2.64377
4.96085
3.31988
2.97231
2.45203
2.3759
3.31789
3.72277
1
4.76847
0.687481
14.432
6.70044
1.61024
6.99468
5.29734
3.10623
0.91572
0.764784
6.45528
3
3.18654
4.85747
3.83043
3.21359
1.94915
2.55594
10.2023
4.45396
0.91572
0.764784
3.7626
1.74641
4.36781
2.1032
4.70613
0.751321
0.70024
1.26287
3.1878
5.55487
1.59227
3.31584
8.44993
7.13955
5.68041
3.68619
2.56268
8.80203
1.40371
2.23282
0.91572
0.764784
3.55333
5.50841
8.48059
5.75933
2.75755
0.421879
4.97101
5.75274
12.9767
6.42962
2.08521
6.74751
2.82715
5.29741
1.88517
4.66398
0.195363
3.36931
5.79024
3.39432
3.40712
3.7229
2.78746
1
3.19677
3.83864
7.70853
2.75899
5.50841
2.64377
6.10221
5.08348
1
5.48829
3.23168
1.80423
5.02078
4.44162
0.00815779
0.35122
0.401787
3.10623
7.05623
3.21704
5.60964
3.55783
3.83061
4.0322
5.50841
2.64377
2.42895
3.83864
4.44248
3.68237
13.1858
6.87036
6.76818
0.620337
6.37504
4.84832
2.48543
3.74819
1.74962
4.84458
3.89179
3.85587
5.55487
1.59227
3.93441
3.83864
7.70853
4.34395
3.68841
4.59741
2.90571
2.33409
4.8055
4.20783
0.015012
4.80392
2.54698
3.78302
1.7193
1.59792
0.421879
6.98361
2.99813
2.75755
0.421879
2.79858
3.83864
7.70853
1
1.30684
4.24905
2.33234
1.16416
0.421879
2.79858
3.83864
7.70853
6.04439
2.99813
2.75755
0.421879
4.82366
0.00815779
0.35122
0.401787
6.45528
3
3.18654
5.70166
1
8.47492
5.93102
5.3401
5.29741
1.88517
4.65774
1.43797
1.40371
3.23154
1
1.23386
4.81121
2.45854
6.17636
7.27767
5.699
3.83061
6.0322
0.195363
4.9751
5.34912
9.01848
1.42939
6.04941
6.65722
5.0471
8.28077
3.79647
2.84857
4.80322
3.94111
3.86578
5.27059
6.00613
4.95097
5.10248
8.74059
5.58496
0.195363
3.36931
5.79024
3.39432
3.40712
3.7229
2.78746
2.37004
4.76875
0.620717
7.86235
3.57568
2.75755
0.421879
1
0.195363
1.72509
6.85793
2.95218
1.54158
1.79595
2.55594
1.19676
1.59792
0.421879
4.38968
2.73158
6.90457
8.74059
4.58496
9.03361
5.78989
2.69358
9.31288
5.72247
3.01366
12.0951
6.71425
5.07895
1.78943
1.47354
3.58671
4.73404
3.72913
3.73383
2.44753
2.62742
4.47043
4.36761
1.72509
5.17886
0.016342
3.31442
2.9398
2.24391
4.95097
2.8418
4.78523
1.50948
4.69444
5.92454
1.54936
4.07359
8.40626
6.72247
2.82715
11.539
5.1375
2.32978
1.89919
1.80423
1.51626
3.07422
1.63361
3.4253
1.72482
1.26287
1
7.57521
4.13853
6.69766
1.47652
1.05907
2.99918
3.83864
7.70853
6.72247
2.82715
5.29741
1.88517
3.48509
3.68841
4.59741
6.60891
1.80423
5.02078
1
3.83864
7.70853
2.75899
5.50841
2.64377
4.48231
0.00815779
0.35122
0.401787
6.45528
2.99813
2.75755
0.421879
4.97101
2.02802
0.942435
4.02402
3.33893
3.20357
5.73249
12.3671
0.751321
0.70024
2.01557
2.42915
0.421879
16.7234
5.87036
6.40088
3
3.18654
4.20522
2.84857
3.75827
2.10838
2.24391
4.62009
1.01749
5.43911
3.2972
3.42543
4.72357
0.891124
1.14446
1.31878
3.01978
0.91572
0.764784
6.45528
2.99813
2.75755
0.421879
3.14408
1.74641
4.36781
2.1032
4.70613
0.751321
0.70024
1.26287
3.1878
1.84536
1
3.84364
2.29368
3.25165
4.97788
3.00168
0.397756
7.59154
2.53861
4.41859
8.40626
5.72247
1.74962
13.3081
3.90411
4.16491
3.19366
4.32193
1.19676
0.983632
1
3.83864
7.70853
6.04439
2.99813
2.75755
0.421879
6.24564
3.88129
3.03587
0.365331
2.52469
4.05704
3.6438
1.16416
0.421879
12.264
2.03291
1
3.89308
9.03361
14.1342
6.71425
7
4.77799
12.6284
6.70044
7.70853
2.75899
2.22802
1.8207
2.3759
1.57447
3.84828
0.53779
1.5044
3.23474
2.551
1.92265
12.8533
3.90411
2.49248
2.99918
3.83864
4.44248
3.68237
13.1858
6.87036
6.76818
3.95198
5.39514
5.36668
0.565652
3.87367
0.531738
2.81868
2.38606
4.58521
8.03332
2.40517
9.51964
5.96578
4.67377
4.44162
0.00815779
0.35122
0.401787
5.18239
2.04681
6.53443
3.83067
2.99306
4.85555
0.827615
3.4727
1.60151
1
2.82715
5.29741
1.88517
5.70166
3.00705
8.47492
5.93102
5.3401
5.29741
1.88517
3.5108
1.74641
0.682628
1.74309
1.6744
3.48509
3.68841
2.92626
2.4522
1.17902
3.5108
1.74641
4.36781
2.1032
4.70613
0.751321
0.70024
1.26287
6.33783
1.30987
5.47631
2.02802
0.942435
4.04859
0.397756
2.79858
3.92145
1.98191
5.43056
4.03592
10.9365
4.24793
0.682628
1.60151
7.38559
2.99813
2.75755
0.421879
4.97101
5.75274
7.84746
7.07536
6.10125
3.31238
1.72509
1.84536
2.53728
0.91572
7.38105
2.64377
1
5.53273
8.47091
6.96578
5.91144
3.27643
0.711757
7.70853
3.87447
0.91572
0.764784
6.45528
2.99813
2.75755
0.421879
10.5535
5.63259
4.90689
5.1127
1.74641
0.682628
3.9081
2.20485
2.17967
2.91131
4.73107
0.907526
5.61999
1.72482
1.26287
3.1878
5.17886
0.016342
7.9324
2.99813
2.75755
0.421879
5.06206
0.687481
4.17221
1.31384
3.40415
1.8207
2.99103
4.69731
1.92013
3.58201
1.19676
4.31031
3.31238
1.72509
1.84536
4.38968
1.09261
4.96175
4.01901
12.4898
5.48802
4.72357
0.891124
1.14446
4.38774
1
5.10248
1
3.79647
2.84857
12.692
5.87195
2.45732
1.82859
5.64536
3.84907
5.11513
1.35607
3.19677
1
4.85067
5.23421
2.79655
4.9603
0.70024
4.18039
5.88098
0.612385
1.1792
0.827615
3.4727
6.35517
5.10248
8.74059
6.72247
2.53861
5.13479
6.71195
1.45482
2.46157
8.0722
0.483916
3.75803
5.53051
2.83598
6.03969
8.67772
6.94953
1.72482
5.76367
4.34795
8.19031
4.34239
1.82859
5.64536
1.72535
4.77799
1.59227
9.42626
3.0246
5.17832
12.5992
2.73854
1.83119
3.95198
3.59587
1.85585
4.9751
2.95578
6.35517
5.10248
8.74059
7.04439
3.00705
8.47492
5.93102
5.3401
5.29741
3.00168
0.397756
2.53728
0.91572
0.764784
2.7926
7.03913
9.99738
11.7022
4.87447
0.00815779
0.35122
0.401787
3.84828
0.53779
1.36022
2.03276
1.26287
3.47383
5.15757
3.38039
5.86838
8.25739
8.40626
6.04439
3
3.18654
4.66398
0.195363
3.36931
2.21185
1
2.50185
2.46157
3.5108
1.74641
0.682628
1.74309
1.6744
5.10438
0.00815779
0.35122
0.401787
3.84828
3.68841
2.92626
2.4522
1.17902
4.15697
2.82715
8.80203
1.40371
3.99908
3.31988
4.02692
2.50788
1.26287
13.3122
2.22487
7.13127
0.465057
6.95807
1
0.584963
3.55333
3.83864
1
3.79647
2.84857
12.692
4.14215
3.84797
5.9901
1.63381
3.16697
3.94575
3.65147
5.60611
0.721483
1
6.40892
3
4.3535
0.397756
5.05274
3.20521
8.12115
1.77785
2.90706
4.65861
4.28182
1.36896
1.49506
4.3535
0.397756
2.79858
2.22802
3.93278
0.996641
3.64503
4.08554
1.79876
5.05601
0.385099
1.1792
0.827615
2.69434
0.397756
1
0.91572
0.764784
4.02983
2.84857
12.692
4.87195
5.75274
7.84746
7.07536
6.10125
7.45095
0.656718
2.93424
3.97098
7.70853
2.75899
2.22802
1.8207
2.3759
1.57447
3.7626
7.71944
5.2783
3.2769
2.01557
1.05907
3.99908
1.09261
2.22813
6.45528
2.06622
3.61252
1.84536
3.53126
5.19436
6.63181
0.461179
2.44753
3.88989
3.65147
2.45203
3.01295
4.6867
3.55783
3.83061
2.86227
5.1194
2.98386
9.31224
8.40088
9.55842
3.90956
2.66927
12.0715
6.82018
1.24592
12.9071
10.886
1.98935
1
2.82715
1
5.1375
6.47914
2.9253
1
9.3159
1.04138
7.56137
2.40967
4.58521
2.23282
0.91572
0.764784
4.85067
0.687481
14.432
6.70044
1.61024
8.80203
5.64009
1.13581
2.43957
3.01521
7.36169
4.70906
1
3.94949
0.0277241
5.53336
2.82715
5.29741
1.88517
3.01978
2.45808
1.59792
5.94277
2.97231
1.6748
2.53728
0.91572
0.764784
6.1536
3.00705
8.47492
5.93102
5.3401
5.29741
1.88517
15.0983
6.87036
2.16439
3.31442
2.09453
1.51626
2.10918
5.8569
3.88129
3.03587
0.365331
2.52469
4.05704
3.6438
5.81534
0.015012
4.45508
13.3657
6.6865
10.1965
10.3596
6.85798
4.24929
4.92529
4.63719
4.35114
14.0064
8.16491
2.95109
5.53336
2.82715
11.539
5.04439
5.08348
6.38537
2.60749
5.02078
2.23282
0.91572
0.764784
5.11291
0.00815779
4.19391
6.45814
3.73383
8.36714
9.51708
1.13581
2.43957
3.01521
7.36169
4.70906
1
4.5948
1.67816
9.42626
3.0246
5.17832
12.5992
2.73854
1.83119
2.23282
3.66358
9.91545
6.00613
4.95097
5.10248
8.74059
1
2.82715
5.29741
1.88517
3.01978
2.45808
1.59792
5.94277
2.97231
1.6748
2.53728
0.91572
0.764784
4.59209
0.195363
3.36931
4.01901
12.4898
4.44055
5.1843
1.55986
6.25475
1.25144
1.80421
5.19436
1.82463
4.99201
7.27372
2.39886
5.44095
2.63743
2.53728
0.91572
0.764784
6.45528
2.99813
2.75755
0.421879
1
0.195363
1.72509
6.85793
2.95218
1.54158
1.79595
2.55594
1.19676
1.59792
0.421879
3.14408
2.09453
2.35515
5.94277
2.98348
3.52325
1.75655
1.66503
2.28545
0.421879
2.79858
3.83864
7.70853
2.75899
5.50841
2.64377
13.1897
1.95831
3.41278
1.00998
0.951264
0.91572
0.764784
3.7626
1.74641
4.36781
2.1032
4.70613
0.751321
0.70024
1.26287
3.1878
1.84536
16.7234
4.2854
4.90689
4.85747
1.74962
0.711757
4.72357
0.891124
2.45366
2.09543
2.79404
3.7928
1.19676
1.59792
4.2742
0.016342
7.9324
2.99813
2.75755
0.421879
5.06206
0.687481
4.17221
1.31384
3.40415
1.8207
2.99103
4.69731
1.92013
3.58201
1.19676
4.31031
3.31238
1.72509
1.84536
1
3.89232
4.21108
2.39895
2.79116
4.62009
2.17176
4.17041
6.35517
5.10248
8.74059
4.87447
0.00815779
0.35122
0.401787
2.7926
5.49055
1.79543
3.47319
0.711757
0.70024
2.75699
2.46157
3.19677
3.83864
7.70853
3.79647
2.84857
12.692
4.14215
3.84797
5.9901
1.63381
3.16697
3.94575
3.65147
5.60611
0.721483
1
6.40892
3
3.18654
3.48509
3.68841
4.07359
1.72482
4.18039
4.16871
0.707515
2.11852
1
0.584963
0.415037
0.321928
6.45528
1.7811
5.0334
4.2873
1.69114
7.12609
1.46318
5.93324
1.47652
2.42915
0.421879
3.53126
3.11958
5.58277
3.85587
5.8301
4.02692
4.35114
1
4.2742
0.016342
7.9324
2.99813
1.78531
4.44162
0.00815779
0.35122
0.401787
1
1.78943
1.23386
5.24511
3.8041
8.63048
1
1.31663
2.36748
4.35345
0.711757
0.70024
1.26287
1.57447
1
0.584963
1.8207
3.09817
2.33938
1.43263
4.04831
0.91572
6.76338
1
4.6867
1.67371
5.44095
2.63743
2.53728
0.91572
0.764784
6.45528
3
3.18654
1
5.49055
2.18982
1
2.22767
4.72357
0.891124
1.14446
1.31878
3.01978
0.91572
0.764784
4.59209
0.195363
3.36931
5.79024
3.39432
3.40712
3.7229
2.78746
2.37004
4.76875
1.59227
10.5638
1.51178
1.33374
4.60436
5.83199
7.88097
2.22624
4.41859
2.88733
8.70252
2.9118
3.05658
8.40626
2.75899
3.92145
2.6965
1.89129
1.42965
2.51917
0.827615
2.18484
5.10438
0.00815779
0.35122
0.401787
3.55333
2.22802
3.93278
0.996641
2.24391
3.01521
3.05658
8.40626
4.34395
0.53779
1.5044
3.27643
0.711757
12.9628
4.42626
2.71268
1.60151
14.9013
3.23522
7
7
7
1.23386
5.10248
2.03276
2.01557
10.3255
1.39453
0.433444
2.73252
1.35267
7.84994
1.21641
2.15465
3.2769
2.01557
1.05907
1
0.584963
6.80671
4.06544
4.8055
2.09543
2.03276
1.26287
5.25425
8.75372
6.85223
2.43063
7.9324
3
3.18654
4.20522
1.09261
3.47719
1.4375
1
1.86539
2.39448
1.17902
5.00507
2.04681
4.13913
5.58277
2.22813
3.10623
0.91572
0.764784
3.7626
1.78943
9.31418
1
10.7918
1.09036
2.5996
0.397756
5.05274
4.55996
2.39886
5.44095
2.63743
2.53728
0.91572
6.76338
2.50185
4.0944
7.61443
3.3901
4.73283
2.4522
2.37004
0.397756
16.7234
5.87036
5.81592
0.53779
1
8.74059
5.72247
4.55996
2.39886
5.44095
2.63743
3.14408
1.74641
4.36781
2.1032
4.70613
0.751321
0.70024
1.26287
3.1878
5.17886
0.016342
2.80824
4.3243
4.62289
3.32193
1.83119
2.99918
2.22802
1
0.584963
0.415037
0.321928
0.263034
0.222392
1.83627
3.54943
1.74641
0.682628
1.74309
1.6744
3.19677
2.22802
5.10235
6.5995
1.63467
2.56943
4.36761
3.36931
2.21185
2.52158
2.16874
7.38559
3
3.18654
3.19677
5.84084
1.39938
2.82277
1.86833
1.54418
1.75655
3.15424
1.91009
0.707515
2.11852
1
6.03892
1
4.9751
1.68729
1.83627
2.00976
0.91572
0.764784
6.45528
3
3.18654
5.70166
1
8.47492
5.93102
5.3401
5.29741
1
0.584963
13.6172
7.98014
7.65821
7
7
1.8207
3.96907
2.42915
0.421879
4.75473
0.195363
1.72509
6.85793
2.95218
1.54158
1.79595
2.55594
1.19676
1.59792
0.421879
4.38968
2.73158
6.90457
8.74059
5.72247
3.01366
12.0951
6.71425
5.07895
1.78943
1.23386
4.64787
3.27643
6.38527
1.8534
12.9903
4.5482
4.31031
3.31238
1.72509
1.84536
16.7234
5.87036
5.40088
3.31988
10.1292
0.751321
1
0.584963
3.4253
8.40626
6.04439
3
3.18654
6.80671
1.51178
2.5996
5.58277
2.22813
3.7626
1.74641
0.682628
1.74309
1.6744
1
2.82715
5.29741
1.88517
4.20522
1.09261
3.47719
1.4375
1
1.86539
2.39448
1.17902
5.00507
2.04681
4.13913
5.58277
2.22813
3.10623
0.91572
0.764784
3.55333
3.83864
4.44248
3.68237
13.1858
6.87036
6.76818
0.421879
3.77557
5.39514
5.36668
0.565652
3.87367
0.531738
2.81868
2.38606
4.4976
11.2081
1.42403
0.433444
2.73252
1.35267
1
0.195363
1.72509
5.04333
4.37202
4.13431
1.79595
3.4253
8.40626
4.58496
5.6715
4.11022
3.56878
2.88733
2.39448
1.17902
7.65256
2.40517
9.51964
7.58496
4.02554
7.03342
5.87036
3.94145
2.83598
9.08072
9.1472
6.10852
2.03526
9.86305
6.52356
11.865
13.334
6.02707
11.1378
0.451301
5.49979
0.687481
4.17221
1.31384
3.40415
1.8207
2.99103
4.69731
1.92013
3.58201
1.19676
4.31031
3.19366
4.04859
0.397756
2.53728
0.91572
0.764784
6.45528
3
3.18654
4.15697
2.82715
1.27847
6.47213
3.2972
1.89704
5.33513
1
2.02063
0.707515
2.11852
1
6.45396
2.38824
8.16491
1
7.26679
3.50675
7.59154
1.99693
10.372
13.4045
7
4.98489
3.82555
3.50675
8.62536
3.79169
7.54689
3.47478
4.84075
14.1102
7
6.72792
5.18043
0.00815779
0.35122
0.401787
4.53593
1.43797
1.40371
8.03332
2.53861
4.41859
8.40626
4.0902
1.74641
0.682628
3.9081
2.20485
2.17967
2.91131
4.73107
0.907526
7.24773
1.19676
1
0.584963
3.83864
7.70853
1
5.50841
2.64377
2.42895
2.22802
1.8207
6.98221
3.0313
3.20003
5.31767
4.20783
0.015012
2.98705
3.83864
7.70853
6.72247
2.82715
11.539
4.34395
0.53779
1.5044
3.27643
0.711757
0.70024
2.75699
2.87253
4.60212
2.10746
1.52414
5.11074
2.84117
3.20357
2.90571
2.33409
4.14308
8.01979
5.34475
8.69
4.0902
7.71944
3.9874
1.92687
0.937716
2.51917
0.827615
2.92626
1.19676
0.983632
8.03332
1.99693
11.6939
6.75489
4.74147
3.93441
2.22802
1.8207
1.45482
1
0.584963
2.79858
2.22802
3.93278
0.996641
3.64503
2.65779
1.14446
3.39566
2.45503
3.9783
2.45203
1.45482
3.58027
0.397756
2.79858
3.83864
7.70853
7.04439
3.00705
8.47492
5.93102
5.3401
5.29741
3.00168
0.397756
1
6.3507
4.04207
3.28372
4.86693
1.77785
4.05077
5.1991
0.648528
3.32989
0.827615
2.69434
0.397756
4.75473
0.195363
1.72509
5.04333
4.37202
4.13431
1.79595
3.4253
8.40626
6.72247
2.82715
5.29741
1.88517
4.60775
3.89232
4.21108
2.39895
2.79116
4.62009
2.17176
8.47492
2.1032
6.04941
6.65722
5.0471
8.28077
3.79647
2.73158
1
9.82018
1.79862
1.47354
4.83585
3.9381
2.2729
4.9603
0.70024
1.26287
6.33783
1.30987
7.00305
2.82715
8.80203
1.40371
2.23282
0.91572
0.764784
6.45528
2.99813
2.75755
0.421879
3.14408
1.74641
4.36781
2.1032
4.70613
0.751321
0.70024
1.26287
3.1878
1.84536
4.82366
0.00815779
0.35122
0.401787
4.59209
0.195363
1.72509
3.93278
1.6412
3.72705
4.25428
2.63571
9.91545
6.00613
4.95097
5.10248
8.74059
4.58496
1.34044
6.09264
3
3.18654
5.70166
1
8.47492
5.93102
5.3401
5.29741
1.88517
5.38059
1.62713
3.47383
5.15757
3.38039
5.86838
5.08746
6.09264
1.7811
5.0334
4.2873
1.69114
7.12609
1.46318
5.93324
1.47652
2.42915
0.421879
3.53126
3.11958
5.58277
3.85587
5.8301
4.02692
4.35114
1
0.421879
4.13491
1.43797
1.40371
3.99908
2.73158
3.14724
3.31208
1
2.99918
3.83864
7.70853
3.79647
2.84857
12.692
3.21049
5.84143
6.92955
9.04086
5.38082
5.44846
1.85585
4.9751
3.72173
4.21483
0.016342
4.15018
3.31988
4.02692
4.35114
1.40371
5.11074
2.84117
3.20357
2.90571
2.33409
4.14308
8.01979
5.34475
8.69
2.75899
3.83864
7.70853
2.75899
5.50841
2.64377
1
1.92713
8.07039
8.19031
7.14975
3.58201
1.19676
4.82498
0.015012
4.02362
0.00815779
0.35122
0.401787
2.7926
3.84364
3.45796
0.682628
4.36761
4.83585
0.70024
1.26287
3.31789
4.35345
0.711757
0.70024
1.26287
1.57447
1
0.584963
1.8207
0.736966
5.28455
1.63092
6.42403
4.20522
4.3419
5.20852
3.80561
6.33399
0.015012
15.1898
7
7
7
1.51626
2.10918
4.42353
0.00815779
5.92867
4.61636
12.0452
5.70044
3.06539
4.3243
1.83627
3.54943
1.74641
0.682628
4.36761
3.36931
2.21185
2.52158
2.16874
5.45628
1.62713
3.47383
5.15757
3.38039
5.86838
5.08746
4.15697
2.82715
5.29741
1.88517
6.09264
2.06622
3.61252
5.8301
3.70121
6.65722
5.0471
8.28077
3.95693
1.43797
1
3.95198
3.68841
4.07359
3.38207
2.73417
1
3.91675
3.07287
8.19031
4.34239
1.82859
4.97788
1.88517
3.48509
3.68841
3.4727
1.74309
5.8927
1.80951
5.6905
2.43957
3.71218
6.16434
0.465057
2.24841
2.4522
1
0.584963
0.415037
0.321928
0.263034
3.79146
2.82715
5.29741
1.88517
4.85747
3.01366
6.80967
1
7.72989
2.1032
6.04941
6.65722
5.0471
8.28077
2.75899
3.83864
7.70853
2.75899
5.50841
2.64377
6.88589
2.45732
1.82859
7.70853
5.04439
13.1998
6.72792
7
6.70044
1.30812
4.02362
0.00815779
0.35122
0.401787
3.55333
2.22802
1.84536
6.98361
3
3.18654
4.85747
3.83043
1.74052
5.60611
2.70536
1.35607
5.10438
0.00815779
0.35122
0.401787
7.57521
2.53861
5.53276
8.56402
7.90839
5.86838
5.08746
3.19677
3.83864
7.70853
3.79647
2.84857
12.692
3.86483
7.84542
3.16897
9.04086
5.38082
1
2.52158
1
3.29674
0.91572
0.764784
3.7626
5.84143
6.92955
9.04086
5.38082
5.44846
1.85585
4.9751
3.72173
4.76875
1.59227
3.93441
1
1.8207
3.96907
1
8.03332
2.53861
10.9421
3.19447
4.05881
3.7626
2.9398
3.25165
4.44248
3.68237
3.52047
1.60151
4.42353
0.00815779
0.35122
0.401787
3.55333
5.50841
1
4.96085
3.31988
2.97231
2.45203
2.3759
3.31789
3.72277
1
4.76847
0.687481
14.432
6.70044
1.61024
6.99468
5.29734
2.7926
3.8123
1.80951
1.54418
1.75655
1.28421
3.42529
1.19676
0.983632
3.23154
1
1.51626
2.10918
7.38559
3
3.18654
5.70166
1
8.47492
5.93102
5.3401
5.29741
1.88517
3.5108
2.09453
3.48731
1
4.28191
3.07287
5.86838
5.08746
3.48509
0.53779
1.5044
5.38077
4.12568
2.731
2.05187
4.03592
1.84288
4.78885
1.43797
1.40371
3.99908
2.73158
3.14724
3.31208
1
2.99918
5.50841
2.64377
6.10221
5.75274
7.84746
7.07536
6.10125
2.10918
3.88727
1.78943
2.93319
4.21762
3.72401
4.69444
4.60212
2.10746
4.20783
0.015012
4.15018
3.31988
4.02692
4.35114
1.40371
5.11074
2.84117
3.20357
2.90571
2.33409
4.14308
8.01979
5.34475
8.69
6.04439
3
3.18654
4.85747
1.74962
6.38527
3.3231
2.34611
5.44095
2.06012
1.45482
3.58027
7.20323
2.97231
1.6748
2.79858
3.83864
7.70853
6.04439
13.8937
9.48099
2.81059
2.75053
0.421879
6.24564
6.65713
1.53795
5.5282
1.63381
3.16697
3.80561
1.72535
4.77799
0.620717
5.46749
5.59991
2.83767
2.48753
3.82416
2.1032
2.45366
1.52414
4.78523
1.74962
4.72064
2.84316
5.16681
4.95097
5.94555
0.015012
2.98705
3.92145
2.6965
1
2.24391
4.94329
4.0869
1.05907
2.99918
3.83864
7.70853
5.1375
0.687481
14.432
6.70044
1.61024
8.80203
5.64009
1.13581
2.43957
3.01521
7.36169
4.70906
1
1.31878
3.01978
0.91572
0.764784
6.45528
3
3.18654
3.48509
5.39514
5.36668
0.565652
3.87367
0.531738
2.81868
0.827615
2.18484
4.15697
2.82715
1.27847
6.47213
3.2972
1.89704
5.33513
1
2.02063
0.707515
2.11852
1
0.584963
0.415037
0.321928
4.53593
2.21911
6.79058
1.76646
4.17041
6.84589
2.58614
6.18527
0.0277241
3.8077
0.91572
2.99767
1.8207
1.45482
7.72989
5.08774
2.18484
3.19677
5.50841
2.64377
3.9705
6.32388
1.76646
4.0635
3.38207
2.73417
8.65233
1.30987
12.8857
3.23522
7
7
7
8.31992
2.91097
2.88733
1.48755
0.983632
1
5.50841
2.64377
4.11019
4.71724
6.65923
13.5215
11.4094
2.2448
4.43344
3.80561
1.40371
2.99918
3.92145
1.98191
5.43056
4.03592
10.9365
4.24793
4.46491
3.19677
2.22802
1.8207
3.96907
2.42915
0.421879
4.97101
5.75274
7.84746
7.07536
6.10125
3.31238
1.72509
1.84536
4.38968
2.84857
7.88461
6.77898
2.84316
1
5.11291
0.00815779
0.35122
10.5992
2.94073
5.01096
1.60151
3.45887
3.83864
7.70853
1
1.30684
4.24905
3.36233
4.53441
2.94073
2.11852
10.2023
6.03892
0.195363
1.72509
5.8301
2.02063
8.13699
3.55689
1.90757
4.60603
1.97267
3.93441
2.22802
1.8207
3.96907
2.42915
0.421879
4.75473
0.195363
1.72509
6.85793
2.95218
1.54158
1.79595
2.55594
1.19676
1.59792
0.421879
4.13491
1.43797
1
0.421879
5.05274
3.01366
12.0951
4.43299
1.8207
3.01295
0.942435
3.05658
8.40626
4.87447
0.00815779
0.35122
0.401787
1
7.71944
10.8329
10.5992
3.1037
0.764784
4.51558
1.62713
3.47383
5.80627
1
2.16874
5.05894
1.09261
2.22767
0.70024
4.18039
4.16871
2.29695
0.983632
3.62077
9.03361
14.1342
5.71425
6.6865
5.66871
2.52928
1
3.45887
2.22802
1.8207
1.45482
2.46157
5.70166
3.00705
8.47492
5.93102
5.3401
5.29741
6.79058
0.0277241
4.02362
0.00815779
0.35122
0.401787
3.55333
2.22802
1.84536
6.98361
3
3.18654
3.5108
1.78943
2.93319
4.21762
1.42832
1
0.584963
0.415037
3.01978
0.91572
0.764784
2.7926
7.03913
9.99738
11.7022
4.87447
0.00815779
0.35122
0.401787
7.57521
2.53861
2.03526
4.85747
3.20521
1.16416
4.51302
3.01295
0.942435
4.32193
1.19676
0.983632
4.89951
0.195363
1.72509
6.85793
2.95218
1.54158
1.79595
2.55594
1.19676
1.59792
0.421879
3.14408
2.09453
2.35515
5.94277
2.98348
3.52325
1.75655
1.66503
2.28545
0.421879
2.79858
3.83864
7.70853
2.75899
5.50841
2.64377
3.54943
5.84143
6.92955
9.04086
5.38082
5.44846
1.85585
4.9751
3.72173
4.21483
0.016342
1
1.34044
6.09264
2.99813
2.75755
0.421879
4.97101
2.02802
0.942435
4.02402
3.33893
3.20357
5.73249
12.3671
0.751321
0.70024
2.01557
2.42915
0.421879
3.77557
0.53779
1.36022
5.71288
1.31384
3.42543
4.72357
0.891124
2.45366
2.09543
2.79404
3.04062
1
3.61252
5.55487
1.59227
7.00305
2.82715
5.29741
1.88517
4.20522
2.84857
3.75827
2.10838
2.24391
4.62009
1.01749
5.43911
3.15424
7.76104
0.751321
4.72357
0.891124
1.14446
1.31878
3.01978
0.91572
0.764784
8.36036
4.84832
2.48543
3.74819
1.74962
4.84458
3.89179
3.85587
1.84536
4.38968
3.31988
4.02692
8.75953
5.58496
0.195363
3.36931
5.79024
3.39432
3.40712
3.7229
2.78746
1
3.19677
2.22802
1.84536
6.7248
2.82715
11.539
5.04439
5.08348
11.1403
5.48829
3.23168
1.80423
5.02078
4.78523
3.01366
12.0951
6.71425
7.40088
0.195363
1.72509
3.93278
0.996641
1
0.584963
5.28455
10.886
1.31663
12.8533
2.24511
0.433444
2.73252
1.35267
1
0.195363
1.72509
5.04333
4.37202
4.13431
1.79595
7.34233
1.67816
4.64252
2.9398
2.24391
4.95097
2.8418
2.99918
5.50841
2.64377
5.56031
6.3507
4.04207
4.48512
5.699
5.01315
4.13386
3.8827
3.02245
1.83119
5.11074
2.84117
3.20357
2.90571
2.33409
4.14308
8.01979
5.34475
8.69
4.58496
5.19436
8.54235
4.96963
7.76104
6.00613
4.94329
2.08128
1.57447
3.10623
0.91572
0.764784
5.11291
0.00815779
0.35122
4.27949
0.0249834
3.31442
2.09453
1.51626
2.10918
2.33571
15.067
7.12928
1.18316
3.19366
6.18527
0.0277241
15.1898
3.23522
7
7
7
3.18654
5.38059
1.62713
5.25425
6.26829
1.14408
6.19906
3.31208
3.8827
6.10992
4.16596
5.86838
5.08746
3.5108
1.74641
0.682628
1.74309
1.6744
3.01978
0.91572
2.99767
1
3.52047
6.84589
2.92318
5.84475
7.58199
3.3901
2.56943
1.60151
3.45887
2.22802
1.8207
1.45482
1
0.584963
6.51394
3.00705
8.47492
5.93102
5.3401
5.29741
3.00168
0.397756
2.79858
2.22802
1.84536
5.05274
3.01366
12.0951
6.71425
5.81592
0.53779
1.5044
3.23474
2.551
1.92265
12.8533
0.451001
4.54035
0.0277241
2.98705
2.22802
3.93278
0.996641
3.64503
2.65779
1.14446
3.39566
3.7908
0.129466
0.711757
0.70024
1.26287
1.57447
3.7626
2.09453
1.51626
5.52046
0.17378
0.35122
0.401787
7.57521
2.53861
11.9421
3.87036
6.40088
0.00815779
0.35122
0.401787
7.57521
2.53861
10.9421
3.19447
2.52158
2.16874
3.79146
2.82715
5.29741
1.88517
3.5108
2.09453
1.51626
2.10918
3.88727
1.74641
4.36781
2.1032
4.70613
0.751321
0.70024
1.26287
12.3122
2.24511
0.433444
2.32862
1.48081
1.80421
5.49055
9.64926
13.124
0.296531
0.35122
0.401787
3.55333
5.50841
1
0.584963
5.75274
7.84746
7.07536
6.10125
2.10918
3.29674
0.91572
0.764784
3.7626
5.84143
6.92955
9.04086
5.38082
5.44846
1.85585
4.9751
3.72173
0.397756
4.13491
1.43797
1.40371
2.99918
2.22802
1.84536
6.7248
2.82715
8.80203
1.40371
2.23282
0.91572
0.764784
6.45528
2.99813
2.75755
0.421879
5.05274
4.55996
2.39886
5.44095
2.63743
3.77557
0.53779
1.5044
3.94897
1.61024
6.99468
2.29734
5.17886
0.016342
4.15018
2.73158
3.14724
3.31208
1
2.99918
3.83864
7.70853
9.04439
0.483916
2.4267
0.474393
3.75803
5.53051
1.09261
2.22813
3.10623
3.66358
3.3262
10.3162
7.14673
2.51307
1.72535
4.51302
2.99103
2.17967
0.827615
3.4727
6.35517
5.10248
8.74059
5.72247
4.55996
2.39886
5.44095
2.63743
2.53728
0.91572
0.764784
10.9184
5.32793
7.13955
5.6865
2.72335
1.81323
5.45251
3.68841
2.69434
6.23962
2.91954
0.421879
1
3.83864
7.70853
2.75899
2.22802
3.93278
3.02419
3.31831
14.1342
5.71425
6.6865
0.610919
2.61513
6.77215
4.67344
1.88517
5.00507
4.58184
1
3.82929
7.11721
4.67529
9.04086
6.96578
2.2729
8.8772
6.91545
2.69116
9.57428
4.4435
2.03276
1.26287
3.1878
5.17886
0.016342
3.31442
2.09453
1.51626
3.07422
1.63361
7.70292
2.21677
6.93438
2.42381
2.33225
0.91572
0.764784
6.45528
3
3.18654
4.20522
2.73158
3.18693
1.46318
4.70613
2.47972
2.94073
2.11852
10.2023
2.95146
2.22802
3.93278
3.02419
3.31831
14.1342
6.71425
7
3.53032
3.18654
3.01978
0.91572
0.764784
3.81041
6.3507
4.04207
3.28372
4.86693
3.31208
3.8827
6.10992
4.16596
5.86838
5.08746
4.85747
4.55996
1.31308
4.67015
0.275127
3.53546
0.827615
5.14247
0.0277241
3.79372
3.59587
1.85585
6.97206
3.47478
5.11291
0.00815779
0.35122
0.401787
3.55333
2.22802
1.8207
1.45482
2.46157
1
2.22802
1.84536
6.7248
2.82715
5.29741
1.88517
16.6832
3.23522
7
7
7
2.04062
1.23386
8.25487
0.730279
1.95731
3.72401
7.56137
2.1032
6.04941
6.65722
5.0471
8.28077
5.72247
3.01366
12.0951
6.71425
3.59352
2.22802
3.93278
0.996641
2.24391
3.01521
3.05658
14.337
4.42626
2.24841
1.19676
4.31031
3.19366
12.9823
1.50404
0.433444
2.32862
1.48081
12.8857
3.23522
7
7
7
5.53276
10.886
8.99435
2.59521
3.30141
1.16416
0.421879
2.53728
0.91572
0.764784
4.84075
2.82715
11.539
5.04439
5.75274
7.84746
7.07536
6.10125
2.10918
4.42353
0.00815779
0.35122
0.401787
4.51558
1
0.942435
4.04859
0.397756
6.7248
2.82715
5.29741
1.88517
3.48509
1
6.65923
13.5215
8.82443
8.84862
4.16596
5.86838
5.08746
4.20522
2.73158
3.14724
3.31208
1
0.584963
7.71944
10.8329
10.5992
3.1037
0.764784
4.59209
0.195363
3.36931
2.65779
10.4734
1.85951
8.224
1.84288
4.42353
0.00815779
4.19391
6.45814
3.73383
8.36714
9.51708
1.13581
2.43957
3.01521
7.36169
4.70906
1
1.31878
3.5108
1.74641
0.682628
1.74309
1.6744
3.19677
6.79151
2.25414
4.55059
1.94915
2.87253
1.60151
5.61589
0.195363
3.36931
5.79024
3.39432
3.40712
3.7229
2.78746
2.37004
4.21483
0.016342
4.80392
2.02802
0.942435
4.02402
3.33893
3.20357
5.73249
12.3671
0.751321
0.70024
2.01557
1.05907
1
0.584963
4.20522
2.84857
12.692
5.64752
1.61938
4.04606
1.05392
5.21739
0.53779
1.36022
8.74059
6.72247
2.82715
11.539
2.75899
5.50841
2.84316
3.31221
2.9272
3.42529
1.19676
0.983632
5.30449
9.23002
3.87367
6.52042
2.63571
3.53546
6.35206
4.05881
3.10623
0.91572
0.764784
5.18239
1
1.92092
5.8927
5.08774
1
0.584963
2.91954
0.421879
16.7234
5.87036
5.81592
0.53779
1
8.74059
6.72247
2.82715
5.29741
1.88517
5.38059
2.54698
8.47407
0.730279
4.43339
2.91131
3.49768
0.707515
2.11852
1
6.03892
3.01366
12.0951
6.71425
5.81592
2.32978
1.89919
1.80423
1.51626
3.07422
1.63361
3.4253
1.72482
1.26287
12.3122
2.24511
0.433444
2.73252
1.35267
2.98705
3.92145
2.6965
1.89129
1.42965
2.51917
0.827615
5.86321
1.67816
12.8857
3.23522
7
7
7
1.8207
2.3759
1.57447
4.51558
2.02802
0.942435
4.02402
3.33893
3.20357
5.73249
12.3671
0.751321
0.70024
2.01557
1.05907
2.99918
2.22802
1.84536
6.7248
2.82715
11.539
6.72247
4.13853
6.69766
1.47652
1.05907
2.99918
3.83864
7.70853
6.04439
2.99813
2.75755
0.421879
3.14408
1.74641
4.36781
2.1032
4.70613
0.751321
0.70024
1.26287
3.1878
1.84536
2.79858
3.83864
7.70853
6.04439
2.99813
2.75755
0.421879
4.82366
0.00815779
0.35122
0.401787
4.02983
1.09261
2.22813
3.84828
0.53779
1.36022
2.08806
2.89044
4.16799
2.99825
4.35743
0.401787
3.55333
2.22802
1.8207
1
4.05704
6.26763
3.09225
1.49506
2.56943
1.60151
3.45887
5.50841
2.64377
7.54581
1.7811
5.0334
4.2873
1.69114
7.12609
1.46318
5.93324
1.47652
1.05907
5.11074
14.1998
3.40808
3.93441
2.22802
1.8207
1.45482
3.20357
3.30141
1.16416
0.421879
3.77557
0.53779
1.36022
5.71288
3.60441
5.1638
8.09521
2.20485
11.1403
0.751321
3.9381
1.48755
0.983632
6.74751
2.82715
11.539
5.04439
5.75274
7.84746
7.07536
6.10125
2.10918
5.74394
3.74471
5.70966
3.07287
1
8.59991
0.015012
4.02362
0.00815779
0.35122
0.401787
4.53593
1.43797
1.40371
4.89951
0.195363
1.72509
3.93278
1.6412
3.72705
4.25428
2.2729
0.764784
2.7926
1.34044
4.76847
0.687481
14.432
6.70044
1.61024
8.80203
5.64009
1.13581
2.43957
3.01521
7.36169
4.70906
1
3.94949
0.0277241
2.98705
3.83864
7.70853
6.72247
2.82715
1
1.40371
3.95198
3.68841
5.39346
2.45503
5.76802
0.751321
0.70024
1.26287
4.16059
0.0249834
4.02362
0.00815779
0.35122
0.401787
1
2.09453
6.14099
1.13581
3.47383
4.72357
0.891124
1.14446
3.39566
3.7908
0.129466
0.711757
0.70024
1.26287
1.57447
4.02983
3.84791
3.30175
7.61712
7.33985
2.99813
1.78531
8.03332
2.53861
2.41467
4.96805
1.67371
13.6258
7
0.433444
2.73252
1.35267
2.80824
9.03361
14.1342
5.71425
6.6865
1.82463
7.30305
0.904701
10.0323
3.66297
1.33374
4.60436
5.83199
7.88097
2.22624
4.41859
2.88733
8.70252
2.9118
3.05658
8.40626
6.72247
2.53861
5.53276
10.886
8.99435
3.18654
4.20522
2.73158
2.34072
1.1149
1.30841
3.43657
6.45528
3
4.3535
0.397756
1
1.7811
3.72913
3.73383
3.21359
1.94915
7.72989
2.1032
2.45366
2.09543
5.85038
2.29734
1.84536
2.53728
0.91572
0.764784
4.02983
2.84857
12.692
4.87195
2.02802
0.942435
4.65495
1.63092
11.3309
4.78136
8.16491
1.25144
12.8857
3.23522
7
7
7
1.84536
2.53728
3.66358
3.87889
3.58496
1.08246
3.32869
0.948489
5.56975
3.45867
4.11019
0.53779
1.5044
3.23474
3.63768
0.682628
1.74309
4.24757
1.60151
7.38559
2.99813
1.78531
4.44162
0.00815779
0.35122
0.401787
6.1536
1.61938
3.69153
3.13428
1.16416
0.421879
2.79858
3.83864
7.70853
6.04439
2.99813
2.75755
0.421879
3.14408
1.74641
4.36781
2.1032
4.70613
0.751321
0.70024
1.26287
3.1878
1.84536
6.51394
3.00705
8.47492
5.93102
5.3401
5.29741
3.7928
1.19676
1.59792
0.421879
3.77557
0.53779
1.36022
8.74059
6.04439
2.99813
1.78531
4.44162
0.00815779
0.35122
0.401787
6.1536
1.69016
2.66706
3.6438
1.16416
0.421879
2.79858
3.83864
7.70853
6.04439
2.99813
2.75755
0.421879
4.38968
2.84857
3.75827
2.10838
2.24391
4.62009
1.01749
5.43911
3.15424
7.76104
0.751321
0.70024
1.26287
3.1878
1.84536
1
1.34044
6.09264
3
2.56943
6.096
3.62429
1
3.23154
6.33323
3.06371
12.23
2.91853
3.31049
0.015012
3.31442
1
2.24391
4.95097
2.8418
3.99908
3.84791
3.30175
7.61712
5.01792
4.3419
3.78279
2.44993
1.93378
3.13428
1.16416
0.421879
4.82366
0.00815779
0.35122
0.401787
3.55333
5.50841
1
0.584963
5.08348
6.38537
2.60749
5.02078
2.23282
0.91572
0.764784
3.84828
7.84542
5.60279
6.4906
5.59694
8.82217
1.49506
4.3535
0.397756
5.06206
0.687481
14.432
6.70044
1.61024
6.99468
2.29734
1.84536
4.82366
0.00815779
0.35122
0.401787
4.02983
1.09261
2.22813
2.7926
3.8123
1.80951
1.54418
1.75655
1.28421
4.0635
8.40626
3.79647
2.73158
6.90457
8.74059
6.04439
3
4.3535
0.397756
5.05274
3.83043
1.74052
5.60611
2.70536
2.71403
9.36038
0.536693
7.02712
2.99813
2.75755
0.421879
6.98361
1.7811
5.0334
4.2873
1.69114
7.12609
1.46318
5.93324
1.47652
2.42915
0.421879
3.53126
3.11958
5.58277
3.85587
5.8301
4.02692
4.35114
1
0.421879
4.97101
14.1998
4.61471
13.3923
7.26679
7
7
7
0.433444
2.73252
1.35267
2.98705
3.92145
2.6965
1.89129
1.42965
2.51917
0.827615
5.86321
1.67816
3.93441
5.50841
2.64377
4.78879
4.55996
1.31308
4.67015
0.275127
3.53546
2.38606
4.58521
2.23282
3.66358
3.53546
6.35206
4.05881
5.11291
0.00815779
0.35122
0.401787
7.57521
2.53861
11.9421
3.87036
6.40088
0.00815779
0.35122
0.401787
4.02983
1.09261
3.47719
1.4375
2.5989
2.70184
1.84288
3.45887
2.22802
1.8207
6.98221
3.0313
3.20003
3.3262
4.99602
2.88733
1.48755
0.983632
1
2.22802
1.8207
1.45482
2.46157
5.70166
3.00705
8.47492
5.93102
5.3401
5.29741
1.88517
3.19677
3.92145
2.6965
1
2.24391
3.71218
4.21762
1.42832
0.711757
0.70024
2.75699
4.0944
1
4.78879
3.20521
4.47303
4.99979
3.87889
0.612385
1.1792
0.827615
4.07359
2.88733
1.48755
0.983632
6.40892
1.7811
5.15034
3.15284
2.3936
3.01521
3.67531
1.19826
0.711757
0.70024
1.26287
1.57447
6.45528
2.99813
2.75755
0.421879
4.97101
5.08348
11.1403
5.48829
3.23168
1.80423
2.35515
0.421879
2.53728
0.91572
0.764784
3.84828
0.53779
1.5044
5.38077
2.33409
5.79516
2.62742
3.82416
1
6.04941
6.65722
5.0471
8.28077
4.34395
0.53779
1
8.74059
6.04439
3
3.18654
5.10438
0.00815779
4.19391
6.45814
3.73383
8.36714
1.52414
15.831
5.87036
6.40088
3
3.18654
4.76847
0.687481
14.432
6.70044
1.61024
8.80203
5.64009
1.13581
2.43957
3.01521
7.36169
4.70906
1
1.31878
3.5108
1.74641
0.682628
1.74309
1.6744
5.70166
1.61938
1.89704
2.16874
5.05894
3.31988
7.52034
5.23981
1.74962
13.3081
3.90411
4.16491
3.19366
1.6744
6.09264
3
3.18654
3.19677
5.84084
1.39938
2.82277
1.86833
1.54418
1.75655
3.15424
1.91009
0.707515
2.11852
14.8461
3.94251
5.47631
2.84117
3.20357
2.90571
2.33409
4.14308
8.01979
5.34475
8.69
5.04439
1.62713
3.47383
3.9381
8.70252
4.28191
1.67371
9.04086
4.64386
4.87447
0.00815779
0.35122
0.401787
4.59209
0.195363
1.72509
3.93278
1.6412
3.72705
4.25428
2.2729
4.46301
1
2.33571
1.34044
1
3
3.18654
3.5108
1.78943
1.47354
3.79495
1.4375
2.56268
3.2769
2.75699
1
4.85747
4.55996
2.39886
5.44095
2.63743
3.53126
3.8123
5.93102
12.4898
2.40551
1.14446
4.99602
1.72482
1.26287
9.22478
0.928661
9.83447
7
7
7
1.51626
2.10918
4.42353
0.00815779
5.92867
4.61636
1
4.9994
2.73158
3.14724
3.31208
1
6.40892
1
3.18654
4.85747
3.83043
3.21359
1.94915
2.55594
10.2023
4.45396
0.91572
0.764784
3.7626
1.74641
4.36781
2.1032
4.70613
0.751321
0.70024
1.26287
3.1878
1.84536
4.75473
0.195363
4.9751
5.34912
9.01848
1.42939
2.45366
2.09543
2.79404
3.47309
8.40626
1
1.34044
6.09264
3
3.18654
5.70166
1
8.47492
5.93102
5.3401
5.29741
11.5543
