161
8
8
3.9573
5.87856
3.80128
5.25424
3.72632
6.24793
5.74339
7.45943
7.40939
8
6.66297
4.30256
3.9573
6.87856
4.30197
2.68557
1.96478
9.77066
5.005
7.70736
5.49185
4.22005
3.72632
6.66297
4.30256
3.9573
5.2936
7.41785
7.36632
5.40939
7.35755
4.57743
7.67948
3.79008
6.90087
3.51096
4.35168
5.8125
7.65821
6.01495
6.53138
6.61471
5.74819
6.81378
2.38143
13.0111
5.25424
4.63743
6.22882
4.30256
3.9573
5.65617
8.09803
7.35755
5.40939
7.35755
7.57743
5.40599
3.3744
6.74819
5.11151
6.66297
4.51728
3.74416
6.66297
5.25424
4.63743
6.22882
5.74339
7.45943
7.40939
8
6.66297
5.08139
5.80735
4.40475
4.83007
6.03892
4.9542
13.0379
5.25424
4.63743
7.81378
4.6922
9.17742
3.85798
9.13443
4.30256
3.9573
5.87856
3.80128
5.25424
3.72632
5.24793
4.29068
5.24793
5.32193
5.53138
4.99354
5.08215
3.6865
5.29593
3.74416
6.24793
4.74339
7.57743
7.49185
4.91561
5.80735
3.68983
4.72247
4.65617
6.68182
5.29068
6.59991
8.06609
5.69349
5.11894
6.3159
4.30256
3.9573
6.1416
3.61143
7.7879
5.40599
4.32193
3.79008
7.90087
4.02975
5.12928
7.61471
7.53138
7.50779
7.52356
6.61471
4.42626
5.89482
3.80128
5.25424
3.72632
7.24793
5.58996
3.848
5.28011
4.16993
5.19265
4.05311
5.90689
1
5.08215
4.51658
5.44294
1
6.66297
4.30256
4.70659
7.91289
6.52356
5.35755
4.9645
6.25424
5.92283
5.97728
4.48543
5.48113
2.38143
12.5256
4.19114
4.11042
4.59585
6.33539
4.99247
7.53138
6.49185
5.56986
7.03892
6.43463
5.29155
5.08215
3.6865
4.29593
5.2936
6.83289
7.53138
7.74819
6.59246
7.37504
7.3837
6.35755
6.33985
7.26679
6.55459
7.76818
5.40088
5.45943
7.37504
6
7.90689
6.5157
5.52356
3.05889
5.20511
6.5025
5.67243
6.56224
6.1224
4.49985
13.0379
4.51728
3.67377
3.82889
4.41504
7.26679
4.47449
3.05889
5.56768
5.8413
7.05528
5.92283
5.97728
3.80735
6.1416
4.51728
3.67377
3.82889
7
7.67948
7.36632
7.35755
8
4.90689
5.38543
4.66107
4.74819
7.26679
5.005
5.38543
4.99354
4.91222
1
6.87856
4.90689
5.20945
6.45943
4.02975
7.12928
4.67646
4.23406
4.79008
7.56224
4.92735
5.89482
5.08139
5.59991
6.58496
5.09954
5.33539
5.07325
4.22882
7.73471
6.33985
10.6147
4.90689
5.20945
7.04439
4.86441
9.98157
4.24793
9.13443
4.30256
3.9573
1
0.584963
8.08215
7.45121
5.24793
5.20511
7.49985
6.12928
3.72632
5.44057
4.82704
7.73471
6.49185
4.8365
7.12928
5.89885
7.98299
5.41504
6.69349
3.82312
14.0379
4.2936
7.03892
7.36632
5.79874
4.98706
5.07325
3.72632
7.24793
1.80296
7.98299
5.41504
5.10852
3.68983
4.72247
8.46352
7.36632
7.33985
8
6.81378
2.38143
13.0111
4.97936
6.33539
5.99247
5.18587
5.59991
7.74147
4.92735
6.30986
5.74339
7.45943
7.40939
8
6.66297
4.30256
3.9573
6.87856
4.90689
6.79442
4.974
5.45943
6.62449
6.36632
6.59246
7.33985
6.16323
5.35755
7.76155
2.83872
14.333
5.35755
5.73471
4.16547
5.45943
4.27955
7.59991
7.39232
5.8413
8.05528
4.28876
7.90087
4.02975
5.12928
7.61471
7.74819
7.36632
7.35755
8
6.17659
6.91886
3.55459
13.0379
4.8392
3.68983
6.45943
8.17493
6.35755
5.00749
7.37504
5.91488
5.09954
5.33539
5.07325
3.72632
6.24793
5.74339
4.65208
6.59246
6.33985
7.87652
5.39803
6.35168
3.72632
6.66297
4.51728
3.67377
8.07682
7.35755
5.40939
7.35755
6.45943
5.6105
5.12102
6.11548
6.08746
5.09452
5.74819
6.81378
3.55459
7.90861
12.7946
8
8
5.78136
7.44294
8
5.12928
5.89482
3.80128
5.51728
6.89482
3.51096
4.35168
6.54946
6.59246
6.14975
7.50779
6.3837
7.49185
8.08215
8
7.3837
8
8.06609
5.10852
6.68182
4.19114
5.24793
8.12928
7.55459
5.79874
5.79442
5.10154
4.41504
6.68182
3.61143
5.46597
7.26679
4.97936
4.87596
5.59246
4.9386
5.24031
5.42626
6.08746
5.09452
4.42626
6.89482
5.25424
4.63743
6.22882
4.30256
5.27922
8.06609
5.69349
7.11894
5.8413
5.98299
4.36712
5.06301
5.51728
5.30986
4.30256
3.9573
6.87856
4.90689
6.79442
4.974
6.26679
6.03562
6.5157
7.64386
7.44294
6.79442
4.974
5.68182
3.51096
4.35168
6.13443
6.10154
3.848
4.38702
7.26679
5.25424
4.63743
5.81378
7.41785
7.36632
5.40939
7.35755
4.57743
7.67948
3.79008
6.3159
4.30256
3.9573
5.65617
8.09803
7.35755
5.40939
7.35755
7.57743
5.40599
3.3744
6.74819
5.11151
5.66297
4.31228
4.58496
5.11151
6.10852
5.35755
3.9542
7.26679
4.8392
3.68983
4.72247
5.2936
6.53398
6.48382
3.10753
13.0111
4.42931
4.29155
7.26679
3.42146
4.90689
6.32793
5.09592
5.49719
7.26679
3.96578
4.54432
6.82655
5.43463
6.59246
7.33985
5.44294
5.50779
4.29155
8.26679
5.40088
5.45943
5.90689
5.65617
5.29068
4.42999
5.20511
5.91488
5.32193
6.38082
7.70736
5.77259
7.44294
9.26562
4.6105
5.40599
1
5.42626
5.11894
6.90087
4.8392
3.68983
6.45943
5.005
5.38543
6.21594
5.29278
6.52356
5.09452
7.89482
7.93664
6.45943
6.59246
7.33985
4.2362
4.30518
3.79256
7.82655
4.42931
5.06916
5.11151
8.24793
4.97936
7.33539
7.40088
6.57743
4.47249
7.8392
5.47573
7.49185
5.32193
7.53138
3.93074
3.61086
4.32193
3.74416
7.24793
3.51096
4.35168
6.13443
6.10154
3.848
4.38702
7.26679
4.42931
4.29155
5.68182
3.51096
7.93664
6.43463
5.0761
6.61471
3.98351
12.4529
3.80128
5.25424
3.72632
7.24793
4.02975
4.80735
8.06609
6.59991
4.18587
5.62205
7
5.09452
5.74819
3.72632
6.66297
4.30256
3.9573
5.87856
4.42931
5.06916
5.11151
5.24793
4.19114
4.11042
6.05528
4.12553
4.87652
5.20511
5.28011
5.11151
5.24793
4.19114
6.56986
1
7.49185
7.46761
4.58496
5.11151
6.66297
4.8392
3.68983
5.72247
4.29068
5.24793
5.32193
5.53138
4.99354
5.08215
3.6865
5.29593
3.74416
6.66297
0.0863085
0.153701
12.8655
8
5.67243
4.59991
5.49719
5.1964
5.11151
7.24793
4.68239
1.78311
10.8757
5.29068
4.42999
4.79008
7.56224
3.92735
4.8125
5.1964
5.11151
6.66297
4.8392
3.68983
8.04439
4.90689
6.79442
4.974
6.68182
4.19114
4.11042
6.05528
4.12553
4.87652
5.20511
4.38702
7.26679
3.927
5
4.12199
5.01282
1
5.45943
4.30256
3.9573
1
0.584963
5.49719
6.00749
7.69349
7.57743
7.53138
7.81378
6.33985
0.153701
0.253132
11.6616
6.46352
6.64386
7.74819
4.14296
4.29546
4.50901
5.45943
4.30256
3.9573
5.1416
3.96578
6.12928
3.90689
4.49185
3.848
7.08746
5.11894
7.90087
4.02975
4.80735
8.06609
6.59991
4.18587
5.62205
7
5.09452
5.74819
3.72632
5.24793
4.19114
4.98489
4.52356
4.1224
3.87652
5.86419
6.10329
7.58496
6.16323
4.42066
4.80735
6.06609
3.55459
12.4529
4.42931
1
6.26679
6.03562
6.5157
7.64386
7.44294
6.79442
4.974
6.68182
3.61143
5.46597
5.68182
3.51096
4.35168
6.54946
4.59246
4.52356
7.55459
7.3837
7.37504
6.61471
4.42626
6.89482
6.46352
5.32193
5.49185
7.70736
8
5.5157
5.11894
6.90087
5.25424
4.63743
7.81378
5.35755
4.56478
4.21245
3.82889
5.51833
4.44478
5.49719
7.26679
4.97936
7.33539
7.40088
6.57743
4.62449
3.70044
5.65617
4.30256
3.9573
5.87856
4.42931
4.29155
7.26679
3.42146
5.32193
5.64386
7
5.67948
6.82655
4.30256
3.9573
5.65617
4.29068
5.24793
5.32193
5.53138
4.99354
5.08215
3.6865
5.29593
6.06609
3.55459
13.0379
3.67094
4.37977
3.94307
7.66534
5.79874
4.98706
4.85086
5.30986
4.30256
3.9573
1
5.25424
3.80735
5.06301
5.25424
3.72632
7.24793
7.17493
7.59246
7.33985
6.45943
7.89482
4.90689
6.79442
4.974
5.94486
4.02975
5.12928
7.61471
7.74819
7.36632
7.35755
8
3.9542
7.26679
4.8392
3.68983
7.04439
5.25424
4.63743
6.22882
5.005
5.38543
6.21594
5.29278
6.52356
5.09452
7.89482
5.40088
5.45943
5.90689
5.65617
5.88753
4.86625
7.70044
5.87447
7.44294
10.2656
5.25424
4.63743
5.81378
4.8392
5.49719
6.00749
7.69349
7.57743
7.53138
6.33985
5.32931
2.95541
2.83574
10.9046
3.85031
4.87652
6.06609
6.84549
6.06609
3.55459
13.0379
4.8392
3.68983
6.45943
4.51096
5.42626
5.15265
7.45121
7.52356
7.5157
4.23095
13.748
3.53107
6.44294
5.48382
5.74819
3.72632
6.66297
3.80128
5.25424
3.72632
6.66297
4.8392
8.08215
7.45121
5.24793
5.20511
7.49985
6.12928
3.72632
6.66297
4.8392
3.68983
6.04439
3.80128
5.25424
3.72632
8.24793
5.40088
5.45943
5.90689
5.87856
4.42931
4.29155
6.26679
6.03562
6.5157
7.64386
7.44294
6.79442
4.974
7.26679
4.59694
4.85086
7.89482
4.19114
4.98489
7.98299
7.43463
7.45943
7.59991
5.78136
7.44294
10.2656
4.02975
3.3744
6.16323
6.64386
7.42626
5.94642
5.77259
5.12102
5.78136
5.45943
4.27955
7.59991
7.39232
5.8413
3.88536
5.47897
4.56768
4.52356
3.27645
6.45943
4.02975
5.12928
7.61471
7.74819
7.36632
7.35755
8
6.17659
6.91886
4.23266
14.3157
5.76377
5.25424
3.72632
7.24793
4.02975
4.80735
8.06609
6.59991
4.18587
5.62205
7
5.09452
5.74819
3.72632
5.44057
4.82704
3.92735
1
4.72247
8.46352
7.36632
7.35755
8
7.04439
4.74339
7.57743
6.33985
6.18322
4.19114
5.24793
7.12928
4.63743
7.91886
6
5.09954
5.01346
5.78136
4.79701
4.80735
5.48113
2.38143
12.5256
5.29068
4.42999
4.56768
4.81307
6.30986
3.15843
3.99469
4.53398
5.58496
4.94084
4.50901
8.04439
4.90689
5.20945
6.45943
9.43879
5.58496
6.52356
6.09452
6.00562
6.61471
5
4.4021
3.6865
4.29593
6.1416
5.78136
6.00749
5.96578
4.56847
6.89482
4.8392
3.68983
8.04439
4.90689
6.79442
4.974
5.68182
4.51096
5.42626
6.37504
6.52356
5.09452
6.89482
4.8392
3.68983
7.04439
5.25424
4.63743
7.81378
5.40088
5.45943
5.90689
5.87856
3.80128
5.25424
3.72632
7.24793
5.58996
3.848
5.28011
4.16993
5.19265
4.05311
5.90689
1
5.08215
4.51658
5.44294
1
6.66297
6.55459
6.18322
4.42931
4.29155
6.26679
4.27955
6.01495
5.84967
4.42999
7.37504
7.37504
7.98299
5.41504
5.10852
4.49719
4.99247
6.53138
3.53743
5.45943
4.30256
3.9573
5.87856
3.80128
5.25424
3.72632
5.24793
4.29068
5.24793
5.32193
5.53138
4.99354
5.08215
3.6865
5.29593
3.74416
7.24793
5.1416
5.67243
4.59991
5.49719
5.1964
5.11151
8.24793
3.61143
5.46597
4.50901
7.04439
3.85031
7.87652
7.33985
5.81592
7.00562
6.08746
5.09452
4.42626
6.89482
4.8392
3.68983
6.04439
3.80128
5.25424
3.72632
7.24793
6.54689
7.35755
8
6.03709
4.53743
7.58496
6.12928
3.72632
6.66297
2.67067
1.38056
11.7707
8.46352
7.36632
7.33985
8
6.81378
7.55459
8
3.9573
5.87856
3.80128
5.25424
3.72632
6.24793
5.74339
7.45943
7.40939
8
6.66297
4.30256
3.9573
6.87856
4.30197
2.68557
1.96478
9.77066
5.005
7.70736
5.49185
4.22005
3.72632
6.66297
4.30256
3.9573
5.2936
7.41785
7.36632
5.40939
7.35755
4.57743
7.67948
3.79008
6.90087
3.51096
4.35168
5.8125
7.65821
6.01495
6.53138
6.61471
5.74819
6.81378
2.38143
13.0111
5.25424
4.63743
6.22882
4.30256
3.9573
5.65617
8.09803
7.35755
5.40939
7.35755
7.57743
5.40599
3.3744
6.74819
5.11151
6.66297
4.51728
3.74416
6.66297
5.25424
4.63743
6.22882
5.74339
7.45943
7.40939
8
6.66297
5.08139
5.80735
4.40475
4.83007
6.03892
4.9542
13.0379
5.25424
4.63743
7.81378
4.6922
9.17742
3.85798
9.13443
4.30256
3.9573
5.87856
3.80128
5.25424
3.72632
5.24793
4.29068
5.24793
5.32193
5.53138
4.99354
5.08215
3.6865
5.29593
3.74416
6.24793
4.74339
7.57743
7.49185
4.91561
5.80735
3.68983
4.72247
4.65617
6.68182
5.29068
6.59991
8.06609
5.69349
5.11894
6.3159
4.30256
3.9573
6.1416
3.61143
7.7879
5.40599
4.32193
3.79008
7.90087
4.02975
5.12928
7.61471
7.53138
7.50779
7.52356
6.61471
4.42626
5.89482
3.80128
5.25424
3.72632
7.24793
5.58996
3.848
5.28011
4.16993
5.19265
4.05311
5.90689
1
5.08215
4.51658
5.44294
1
6.66297
4.30256
4.70659
7.91289
6.52356
5.35755
4.9645
6.25424
5.92283
5.97728
4.48543
5.48113
2.38143
12.5256
4.19114
4.11042
4.59585
6.33539
4.99247
7.53138
6.49185
5.56986
7.03892
6.43463
5.29155
5.08215
3.6865
4.29593
5.2936
6.83289
7.53138
7.74819
6.59246
7.37504
7.3837
6.35755
6.33985
7.26679
6.55459
7.76818
5.40088
5.45943
7.37504
6
7.90689
6.5157
5.52356
3.05889
5.20511
6.5025
5.67243
6.56224
6.1224
4.49985
13.0379
4.51728
3.67377
3.82889
4.41504
7.26679
4.47449
3.05889
5.56768
5.8413
7.05528
5.92283
5.97728
3.80735
6.1416
4.51728
3.67377
3.82889
7
7.67948
7.36632
7.35755
8
4.90689
5.38543
4.66107
4.74819
7.26679
5.005
5.38543
4.99354
4.91222
1
6.87856
4.90689
5.20945
6.45943
4.02975
7.12928
4.67646
4.23406
4.79008
7.56224
4.92735
5.89482
5.08139
5.59991
6.58496
5.09954
5.33539
5.07325
4.22882
7.73471
6.33985
10.6147
4.90689
5.20945
7.04439
4.86441
9.98157
4.24793
9.13443
4.30256
3.9573
1
0.584963
8.08215
7.45121
5.24793
5.20511
7.49985
6.12928
3.72632
5.44057
4.82704
7.73471
6.49185
4.8365
7.12928
5.89885
7.98299
5.41504
6.69349
3.82312
14.0379
4.2936
7.03892
7.36632
5.79874
4.98706
5.07325
3.72632
7.24793
1.80296
7.98299
5.41504
5.10852
3.68983
4.72247
8.46352
7.36632
7.33985
8
6.81378
2.38143
13.0111
4.97936
6.33539
5.99247
5.18587
5.59991
7.74147
4.92735
6.30986
5.74339
7.45943
7.40939
8
6.66297
4.30256
3.9573
6.87856
4.90689
6.79442
4.974
5.45943
6.62449
6.36632
6.59246
7.33985
6.16323
5.35755
7.76155
2.83872
14.333
5.35755
5.73471
4.16547
5.45943
4.27955
7.59991
7.39232
5.8413
8.05528
4.28876
7.90087
4.02975
5.12928
7.61471
7.74819
7.36632
7.35755
8
6.17659
6.91886
3.55459
13.0379
4.8392
3.68983
6.45943
8.17493
6.35755
5.00749
7.37504
5.91488
5.09954
5.33539
5.07325
3.72632
6.24793
5.74339
4.65208
6.59246
6.33985
7.87652
5.39803
6.35168
3.72632
6.66297
4.51728
3.67377
8.07682
7.35755
5.40939
7.35755
6.45943
5.6105
5.12102
6.11548
6.08746
5.09452
5.74819
6.81378
3.55459
7.90861
12.7946
8
8
5.78136
7.44294
8
5.12928
5.89482
3.80128
5.51728
6.89482
3.51096
4.35168
6.54946
6.59246
6.14975
7.50779
6.3837
7.49185
8.08215
8
7.3837
8
8.06609
5.10852
6.68182
4.19114
5.24793
8.12928
7.55459
5.79874
5.79442
5.10154
4.41504
6.68182
3.61143
5.46597
7.26679
4.97936
4.87596
5.59246
4.9386
5.24031
5.42626
6.08746
5.09452
4.42626
6.89482
5.25424
4.63743
6.22882
4.30256
5.27922
8.06609
5.69349
7.11894
5.8413
5.98299
4.36712
5.06301
5.51728
5.30986
4.30256
3.9573
6.87856
4.90689
6.79442
4.974
6.26679
6.03562
6.5157
7.64386
7.44294
6.79442
4.974
5.68182
3.51096
4.35168
6.13443
6.10154
3.848
4.38702
7.26679
5.25424
4.63743
5.81378
7.41785
7.36632
5.40939
7.35755
4.57743
7.67948
3.79008
6.3159
4.30256
3.9573
5.65617
8.09803
7.35755
5.40939
7.35755
7.57743
5.40599
3.3744
6.74819
5.11151
5.66297
4.31228
4.58496
5.11151
6.10852
5.35755
3.9542
7.26679
4.8392
3.68983
4.72247
5.2936
6.53398
6.48382
3.10753
13.0111
4.42931
4.29155
7.26679
3.42146
4.90689
6.32793
5.09592
5.49719
7.26679
3.96578
4.54432
6.82655
5.43463
6.59246
7.33985
5.44294
5.50779
4.29155
8.26679
5.40088
5.45943
5.90689
5.65617
5.29068
4.42999
5.20511
5.91488
5.32193
6.38082
7.70736
5.77259
7.44294
9.26562
4.6105
5.40599
1
5.42626
5.11894
6.90087
4.8392
3.68983
6.45943
5.005
5.38543
6.21594
5.29278
6.52356
5.09452
7.89482
7.93664
6.45943
6.59246
7.33985
4.2362
4.30518
3.79256
7.82655
4.42931
5.06916
5.11151
8.24793
4.97936
7.33539
7.40088
6.57743
4.47249
7.8392
5.47573
7.49185
5.32193
7.53138
3.93074
3.61086
4.32193
3.74416
7.24793
3.51096
4.35168
6.13443
6.10154
3.848
4.38702
7.26679
4.42931
4.29155
5.68182
3.51096
7.93664
6.43463
5.0761
6.61471
3.98351
12.4529
3.80128
5.25424
3.72632
7.24793
4.02975
4.80735
8.06609
6.59991
4.18587
5.62205
7
5.09452
5.74819
3.72632
6.66297
4.30256
3.9573
5.87856
4.42931
5.06916
5.11151
5.24793
4.19114
4.11042
6.05528
4.12553
4.87652
5.20511
5.28011
5.11151
5.24793
4.19114
6.56986
1
7.49185
7.46761
4.58496
5.11151
6.66297
4.8392
3.68983
5.72247
4.29068
5.24793
5.32193
5.53138
4.99354
5.08215
3.6865
5.29593
3.74416
6.66297
0.0863085
0.153701
12.8655
8
5.67243
4.59991
5.49719
5.1964
5.11151
7.24793
4.68239
1.78311
10.8757
5.29068
4.42999
4.79008
7.56224
3.92735
4.8125
5.1964
5.11151
6.66297
4.8392
3.68983
8.04439
4.90689
6.79442
4.974
6.68182
4.19114
4.11042
6.05528
4.12553
4.87652
5.20511
4.38702
7.26679
3.927
5
4.12199
5.01282
1
5.45943
4.30256
3.9573
1
0.584963
5.49719
6.00749
7.69349
7.57743
7.53138
7.81378
6.33985
0.153701
0.253132
11.6616
6.46352
6.64386
7.74819
4.14296
4.29546
4.50901
5.45943
4.30256
3.9573
5.1416
3.96578
6.12928
3.90689
4.49185
3.848
7.08746
5.11894
7.90087
4.02975
4.80735
8.06609
6.59991
4.18587
5.62205
7
5.09452
5.74819
3.72632
5.24793
4.19114
4.98489
4.52356
4.1224
3.87652
5.86419
6.10329
7.58496
6.16323
4.42066
4.80735
6.06609
3.55459
12.4529
4.42931
1
6.26679
6.03562
6.5157
7.64386
7.44294
6.79442
4.974
6.68182
3.61143
5.46597
5.68182
3.51096
4.35168
6.54946
4.59246
4.52356
7.55459
7.3837
7.37504
6.61471
4.42626
6.89482
6.46352
5.32193
5.49185
7.70736
8
5.5157
5.11894
6.90087
5.25424
4.63743
7.81378
5.35755
4.56478
4.21245
3.82889
5.51833
4.44478
5.49719
7.26679
4.97936
7.33539
7.40088
6.57743
4.62449
3.70044
5.65617
4.30256
3.9573
5.87856
4.42931
4.29155
7.26679
3.42146
5.32193
5.64386
7
5.67948
6.82655
4.30256
3.9573
5.65617
4.29068
5.24793
5.32193
5.53138
4.99354
5.08215
3.6865
5.29593
6.06609
3.55459
13.0379
3.67094
4.37977
3.94307
7.66534
5.79874
4.98706
4.85086
5.30986
4.30256
3.9573
1
5.25424
3.80735
5.06301
5.25424
3.72632
7.24793
7.17493
7.59246
7.33985
6.45943
7.89482
4.90689
6.79442
4.974
5.94486
4.02975
5.12928
7.61471
7.74819
7.36632
7.35755
8
3.9542
7.26679
4.8392
3.68983
7.04439
5.25424
4.63743
6.22882
5.005
5.38543
6.21594
5.29278
6.52356
5.09452
7.89482
5.40088
5.45943
5.90689
5.65617
5.88753
4.86625
7.70044
5.87447
7.44294
10.2656
5.25424
4.63743
5.81378
4.8392
5.49719
6.00749
7.69349
7.57743
7.53138
6.33985
5.32931
2.95541
2.83574
10.9046
3.85031
4.87652
6.06609
6.84549
6.06609
3.55459
13.0379
4.8392
3.68983
6.45943
4.51096
5.42626
5.15265
7.45121
7.52356
7.5157
4.23095
13.748
3.53107
6.44294
5.48382
5.74819
3.72632
6.66297
3.80128
5.25424
3.72632
6.66297
4.8392
8.08215
7.45121
5.24793
5.20511
7.49985
6.12928
3.72632
6.66297
4.8392
3.68983
6.04439
3.80128
5.25424
3.72632
8.24793
5.40088
5.45943
5.90689
5.87856
4.42931
4.29155
6.26679
6.03562
6.5157
7.64386
7.44294
6.79442
4.974
7.26679
4.59694
4.85086
7.89482
4.19114
4.98489
7.98299
7.43463
7.45943
7.59991
5.78136
7.44294
10.2656
4.02975
3.3744
6.16323
6.64386
7.42626
5.94642
5.77259
5.12102
5.78136
5.45943
4.27955
7.59991
7.39232
5.8413
3.88536
5.47897
4.56768
4.52356
3.27645
6.45943
4.02975
5.12928
7.61471
7.74819
7.36632
7.35755
8
6.17659
6.91886
4.23266
14.3157
5.76377
5.25424
3.72632
7.24793
4.02975
4.80735
8.06609
6.59991
4.18587
5.62205
7
5.09452
5.74819
3.72632
5.44057
4.82704
3.92735
1
4.72247
8.46352
7.36632
7.35755
8
7.04439
4.74339
7.57743
6.33985
6.18322
4.19114
5.24793
7.12928
4.63743
7.91886
6
5.09954
5.01346
5.78136
4.79701
4.80735
5.48113
2.38143
12.5256
5.29068
4.42999
4.56768
4.81307
6.30986
3.15843
3.99469
4.53398
5.58496
4.94084
4.50901
8.04439
4.90689
5.20945
6.45943
9.43879
5.58496
6.52356
6.09452
6.00562
6.61471
5
4.4021
3.6865
4.29593
6.1416
5.78136
6.00749
5.96578
4.56847
6.89482
4.8392
3.68983
8.04439
4.90689
6.79442
4.974
5.68182
4.51096
5.42626
6.37504
6.52356
5.09452
6.89482
4.8392
3.68983
7.04439
5.25424
4.63743
7.81378
5.40088
5.45943
5.90689
5.87856
3.80128
5.25424
3.72632
7.24793
5.58996
3.848
5.28011
4.16993
5.19265
4.05311
5.90689
1
5.08215
4.51658
5.44294
1
6.66297
6.55459
6.18322
4.42931
4.29155
6.26679
4.27955
6.01495
5.84967
4.42999
7.37504
7.37504
7.98299
5.41504
5.10852
4.49719
4.99247
6.53138
3.53743
5.45943
4.30256
3.9573
5.87856
3.80128
5.25424
3.72632
5.24793
4.29068
5.24793
5.32193
5.53138
4.99354
5.08215
3.6865
5.29593
3.74416
7.24793
5.1416
5.67243
4.59991
5.49719
5.1964
5.11151
8.24793
3.61143
5.46597
4.50901
7.04439
3.85031
7.87652
7.33985
5.81592
7.00562
6.08746
5.09452
4.42626
6.89482
4.8392
3.68983
6.04439
3.80128
5.25424
3.72632
7.24793
6.54689
7.35755
8
6.03709
4.53743
7.58496
6.12928
3.72632
6.66297
2.67067
1.38056
11.7707
8.46352
7.36632
7.33985
8
6.81378
7.55459
7.33985
3.68983
7.04439
4.51728
3.67377
1
4.29593
5.2936
3.51096
3.29278
6.70736
7.52356
4.90689
7.80735
7.33985
7.40088
6.89482
4.8392
1
6.00749
7.69349
7.57743
5.53138
6.89482
4.71741
6.50779
6.43463
6.35755
7.33985
4.51728
5.39803
5.35168
7.89482
5.78136
7.40939
7.49985
7.69349
7.89482
5.40088
5.45943
5.90689
5.65617
2.98351
5.14975
6.14296
3.94342
5.24793
4.66107
4.04775
5.11894
7.90087
4.90689
6.79442
4.974
6.26679
6.03562
6.5157
7.64386
7.44294
6.79442
4.974
6.68182
4.29068
4.7625
5.11894
4.38702
5.68182
4.51096
6.16323
5.35755
3.9542
6.68182
4.29068
5.24793
5.32193
5.53138
4.99354
5.08215
3.6865
6.10329
3.82312
11.4529
5.58996
3.848
5.28011
5.11151
6.66297
5.03185
5.16993
6.39232
7.70736
7.74819
6.40088
4.7625
5.11894
6.3159
3.80128
5.25424
3.72632
7.24793
7.17493
6.59246
6.58496
6.12928
4.42066
4.80735
3.74416
6.66297
4.30256
5.05683
4.63743
5.49185
4.65617
7.72792
6.3837
6.74819
4.1224
5.29155
3.68983
5.45943
4.30256
3.9573
5.87856
3.80128
5.25424
3.72632
7.24793
4.68239
1.78311
10.8757
4.29068
4.7625
4.03148
4.80735
5.38543
6.98299
7.53138
6.49185
6.56986
4.4021
3.6865
5.29593
5.48113
2.38143
13.0111
3.80128
5.25424
3.72632
8.24793
4.97936
8.33539
6.3837
5.69349
3.67377
4.90689
6.70736
5.92283
6.65105
5.09452
6.16323
4.42066
4.80735
3.74416
5.44057
4.13516
6.26053
7.61471
7.44294
7.49185
4.49719
4.99247
6.53138
7.70736
6.53398
4.52356
3.27645
5.45943
4.27955
7.59991
6.59991
4.30117
3.95777
1
6.07325
5.1224
5.49719
7.26679
6.8392
8.46352
8.43879
4.61471
5.05683
5.08215
5.10154
7.70736
5.46761
6.56224
4.66107
4.04775
6.53398
4.52356
3.27645
8.04439
3.61143
7.7879
4.74894
3.82889
4.41504
7.26679
0.781878
3.30697
11.7707
4.59694
7.02237
7.46761
7.40088
4.4021
7.6865
7.35755
7.35755
8
3.95777
7.08215
5.07325
6.81378
3.55459
12.4529
1
4.59991
7.49185
7.55459
5.45121
6.89482
4.6105
5.40599
1
5.42626
1
4.52356
3.27645
6.45943
6.03562
6.5157
7.64386
7.44294
6.79442
5.1964
5.11151
6.66297
4.30256
3.9573
6.1416
5.2936
6.53398
6.48382
8.04439
5.40088
5.45943
5.90689
5.2936
3.51096
4.35168
6.13443
3.6865
4.93336
6.49719
7.40939
6.35755
7.33985
4.50901
6.04439
4.42931
4.29155
5.94486
4.02975
5.12928
7.61471
6.67948
4.40475
4.41504
6.68182
4.29068
4.7625
5.11894
4.38702
8.26679
5.40088
5.45943
5.90689
5.2936
4.51096
6.16323
5.35755
3.9542
8.26679
4.90689
4.98706
4.85086
6.89482
5.35755
5.73471
4.33539
3.6865
7.10329
5.86419
7.70736
5.47573
7.49185
5.59694
5.26053
6.1416
4.8392
3.68983
5.45943
1
7.59991
7.59991
5.08746
7.00562
7.40939
5.32912
5.03953
5.8392
6.32793
5.83289
5.12928
5.89482
4.42931
5.06916
5.11151
6.24793
3.96578
4.54432
6.82655
5.43463
6.59246
7.33985
5.44294
5.50779
5.06916
5.11151
6.66297
4.51728
7.06609
5.9386
6.01495
7.61471
7.36632
7.35755
8
6.56224
4.66107
5.16323
5.11151
6.66297
4.30256
3.9573
5.1416
4.27955
7.59991
5.59991
7.17493
6.59246
6.58496
6.12928
7.00562
5.8413
14.3157
8
3.68983
7.04439
4.51728
3.67377
1
4.29593
5.65617
5.29068
7.44294
5.79442
4.51658
4.56847
6.89482
4.13516
5.26053
5.87856
5.08139
4.48543
3.74416
7.24793
5.1416
7.67948
6.34873
5.09954
6.75043
5.8392
4.21245
4.49185
6.16993
5.87447
7.44294
9.26562
4.2156
5.16993
8.10329
6.39232
6.3837
4.65662
7.91886
6.47573
7.34873
6.58496
8.08215
7.72792
4.39232
14.333
4.90689
5.20945
5.72247
7.02791
7.34873
7.40939
8
4.91488
5.27479
6.64386
5.35168
5.30986
4.30256
3.9573
8.46352
4.97936
7.33539
7.40088
6.57743
4.98706
7.65821
5.52356
3.05889
5.20511
6.5025
5.67243
6.56224
5.70736
2.83872
14.333
4.90689
6.79442
4.974
5.45943
4.50901
5.74819
6.81378
4.56478
4.32793
6.66297
4.30256
3.9573
6.1416
6.03562
6.5157
7.64386
7.44294
6.79442
4.974
7.26679
7.55459
3.95842
12.5256
3.57447
6.09452
5.19827
7.90087
6.54689
7.35755
8
6.03709
4.53743
7.58496
7.71425
4.23095
12.1631
7.55075
7.40088
7.53138
7.82655
7.36632
5.97728
6.16323
4.59585
5.33539
6.65821
5.89077
3.38827
14.333
4.90689
5.20945
6.45943
5.005
7.70736
5.49185
5.09452
5.30986
4.30256
3.9573
7.46352
5.40088
5.45943
7.37504
6
7.90689
6.5157
5.52356
3.05889
5.20511
6.5025
5.67243
6.56224
6.1224
4.49985
12.4529
5.08139
4.59991
7.49185
7.55459
5.45121
5.30986
4.30256
4.70659
5.47897
4.56768
4.52356
3.27645
8.04439
4.90689
6.79442
4.974
5.45943
4.50901
5.74819
6.81378
4.56478
4.32793
6.66297
4.30256
3.9573
6.46352
4.02975
5.12928
7.61471
7.44294
7.49185
6.37504
7.59991
7.74819
4.84967
14.0379
5.1416
4.50956
6.86419
7.61471
7.45943
7.40939
8
6.66297
4.30256
3.9573
5.87856
3.80128
5.25424
3.72632
7.24793
4.02975
4.80735
8.06609
6.59991
4.18587
5.62205
7
5.09452
5.74819
3.72632
5.24793
3.57447
4.22005
6.81378
5.73471
6.38082
7.70736
8
7.45943
3.72632
6.66297
4.8392
3.68983
7.04439
5.25424
4.63743
7.81378
2.46654
8.39874
2.85244
9.13443
4.30256
3.9573
5.65617
4.29068
5.24793
5.32193
5.53138
4.99354
5.08215
3.6865
5.29593
3.74416
6.66297
7.55459
7.40088
7.26679
3.85031
5.29155
4.49719
4.99247
7.53138
3.93074
4.8125
5.78136
5.09452
5.74819
6.81378
2.38143
13.0111
3.80128
5.25424
3.72632
8.24793
4.97936
8.33539
6.3837
5.69349
3.67377
4.90689
6.70736
5.92283
6.65105
5.09452
6.16323
4.42066
4.80735
3.74416
7.24793
6.67243
6.49185
7.37504
4.38606
7.37504
5.79008
5.5157
6.53398
4.52356
3.27645
8.04439
5.40088
5.45943
5.90689
6.1416
5.65617
7.44294
6.58496
5.29155
5.08215
5.10154
4.41504
7.26679
4.8392
3.68983
5.45943
1
7.59991
7.59991
5.08746
7.00562
7.40939
5.32912
5.03953
5.8392
6.32793
5.83289
5.12928
5.89482
4.42931
4.29155
5.68182
4.51096
4.94084
4.4021
5.10154
6.70736
5.29278
6.76155
5.67948
6.82655
4.30256
3.9573
5.87856
4.30378
3.01197
5.75043
7.45121
6.53138
6.01495
6.53138
5.96578
5.44294
3.72632
7.24793
5.2936
5.59694
6.84549
5.74416
5.73471
5.33539
5.07325
6.81378
2.38143
13.0111
3.80128
5.51728
7.89482
5.40088
5.45943
5.90689
5.65617
4.19114
4.98489
4.81307
5.49185
5.43296
6.14296
5.97728
5.80735
5.29278
5.29155
5.08215
3.6865
4.29593
6.1416
4.51728
3.67377
8.07682
6.35755
5.59246
7.35755
4.30256
6.86419
3.9573
6.16993
6.45943
7.40939
8
6.66297
4.30256
3.9573
5.87856
4.42931
4.29155
7.26679
5.65617
5.85798
4.28204
5.52356
4.49719
4.99247
6.53138
3.53743
5.45943
4.30256
3.9573
6.46352
4.02975
5.12928
7.61471
7.74819
7.36632
7.35755
8
6.17659
6.91886
3.55459
12.4529
4.31228
6.75489
6.45396
5.55459
6.05889
3.9
5.46597
4.12199
6.23522
5.59246
4.08746
4.50901
7.04439
5.03185
5.49185
5.80735
7.49185
4.59694
4.66107
4.74819
8.26679
5.40088
5.45943
5.90689
6.1416
4.51728
7.06609
5.9386
4.42999
5.20511
4.08746
4.50901
6.45943
3.51096
3.29278
4.1224
5.29155
6.49719
7.37504
5.16993
5.11894
6.3159
0.0863085
6.27373
8.04985
8
4.98489
4.52356
6.13443
4.51658
8.02791
8
8.46441
5.93074
2.9386
14.333
2.92735
7.56986
5.79442
4.51658
4.56847
6.89482
4.65617
6.26679
5.63421
7.52356
3.93074
6.13443
3.6865
5.51833
5.29278
6.70736
5.04439
13.0111
4.42931
4.29155
6.26679
4.13516
4.52356
7.55459
5.79874
5.47249
5.01282
1
7.26679
2.98351
7.73471
5.59694
5.26053
5.65617
4.30256
3.9573
5.65617
4.19114
6.56986
1
7.49185
7.46761
4.58496
5.11151
6.24793
5.74339
7.45943
7.40939
8
6.66297
4.30256
6.86419
4.40475
4.83007
3.18094
5.2854
6.29155
5.35755
6.17659
5.11151
6.66297
6.55459
5.18322
3.51096
4.35168
3.27645
7.04439
5.74339
7.45943
7.40939
8
5.24793
4.29068
5.24793
5.32193
5.53138
4.99354
5.08215
3.6865
5.29593
5.48113
2.38143
12.333
4.2936
7.03892
7.36632
5.45121
6.89482
4.51728
6.06609
5.52356
4.49719
4.99247
6.53138
6.70736
4.13203
7.81378
4.29068
4.7625
5.11894
4.38702
7.26679
4.51728
6.06609
6.67243
4.50779
7.87652
4.79701
5.12928
7.61471
7.67948
3.79008
6.3159
4.42931
4.29155
1
7.8392
6.39232
5.56986
4.44478
5.49185
7.70736
6
5.0761
5.29278
6.76155
5.67948
7.82655
4.02975
3.3744
6.16323
4.13203
6.22882
4.30256
3.9573
5.87856
4.42931
4.29155
6.26679
6.03562
6.5157
7.64386
7.44294
6.79442
7.78136
4.17792
9.9234
3.04629
6.27373
8.04985
8
3.67377
4.49185
5.44294
3.72632
7.24793
4.02975
4.80735
8.06609
6.59991
4.18587
5.62205
7
5.09452
5.74819
3.72632
5.44057
4.82704
3.92735
1
7.04439
4.74339
7.57743
6.33985
6.18322
4.19114
4.98489
4.52356
4.1224
3.87652
5.86419
6.10329
7.58496
6.16323
4.42066
4.80735
3.74416
6.66297
6.55459
6.76818
5.35755
6.73471
4.99354
5.08215
5.10154
5
4.50901
6.04439
4.42931
4.29155
6.26679
4.31228
4.58496
5.59694
5.26053
5.65617
4.29068
4.7625
5.11894
4.38702
8.26679
4.90689
6.79442
4.974
6.26679
4.13516
4.52356
7.55459
5.79874
5.47249
5.01282
1
7.26679
2.98351
7.73471
5.59694
5.26053
5.65617
4.30256
3.9573
1
0.584963
5.49719
6.00749
7.69349
7.57743
7.53138
3.72632
7.24793
4.71741
6.50779
6.43463
6.35755
7.33985
4.51728
5.39803
6.35168
7.81378
6.33985
8.46441
5.93074
2.9386
13.333
4.02975
4.80735
8.06609
5.69349
5.71699
5.62205
5
4.50901
4.72247
5.00409
5.15265
3.68983
4.12199
5.01282
1
6.68182
5.78136
7.40939
6.39232
7.39232
7.53916
6.55459
6.18322
4.59694
7.02237
7.65821
7.35755
5.46597
8.26679
4.52356
6.49185
5.76155
3.70782
6.87652
1.47393
13.0111
4.97936
8.33539
6.3837
5.69349
3.67377
4.90689
6.70736
5.92283
6.65105
5.09452
6.16323
7.00562
5.28011
5.11151
6.66297
4.30256
3.9573
5.87856
4.42931
4.29155
8.26679
4.90689
4.47249
6.8392
5.41504
4.23406
4.79008
7.56224
6.73471
5.29278
6.76155
5.67948
7.82655
5.73471
7.40088
7.40088
7.36632
5.27053
8.24793
6.1964
5.58496
7.70736
7.33985
5.64386
4.87596
5.27053
5.078
10.375
7.37504
4.07325
6.87856
7.71425
8
5.78136
11.4868
5.40088
5.45943
5.90689
7.46352
4.59694
4.85086
7.89482
3.61143
5.46597
4.50901
5.72247
4.29068
4.7625
4.03148
4.80735
5.38543
6.98299
7.53138
6.49185
6.56986
5.09452
4.42626
6.89482
4.8392
3.68983
7.04439
5.25424
4.63743
5.81378
4.51728
3.67377
5.75489
7.59246
5.12102
5.87652
7.5157
4.23095
13.0111
4.8392
3.68983
8.04439
4.90689
5.20945
6.45943
3.51096
3.29278
4.1224
5.29155
5.08215
5.10154
3.91254
4.79701
5.05528
6.5157
6.89482
3.927
5.19265
5.15265
7.45121
7.52356
7.35755
6.00749
7.34873
5.72247
5.29068
6.44294
5.91488
4.24031
4.59694
4.66107
6.16323
5.09452
4.42626
7.89482
6.1964
7.58496
7.41785
6.35755
13.0379
4.51728
3.67377
3.82889
5
5.11151
6.66297
4.51728
7.06609
5.9386
6.01495
7.61471
6.53138
6.70736
5.71699
5.3339
4.21245
3.82889
5
5.11151
6.66297
4.8392
3.68983
6.45943
6.03562
6.5157
7.64386
7.44294
6.79442
5.1964
5.11151
7.24793
5.08746
8.13443
4.57743
5.35168
6.82655
7.43463
7.44294
8
7.52356
4.66107
5.16323
5.11151
7.24793
4.02975
4.80735
8.06609
5.69349
5.71699
5.62205
5
4.50901
8.04439
4.90689
6.79442
4.974
8.26679
6.67243
6.49185
7.37504
4.38606
7.37504
5.79008
6.5157
5.32193
5.94642
5.77259
5.12102
5.78136
5.45943
4.82704
1
6.00562
7.40088
5.24793
5.80735
4.08215
4.65025
5.05683
5.08215
3.6865
6.10329
3.82312
14.0379
4.90689
4.98706
4.85086
5.30986
4.30256
3.9573
5.87856
3.80128
5.25424
3.72632
5.24793
4.29068
5.24793
5.32193
5.53138
4.99354
5.08215
3.6865
5.29593
3.74416
8.24793
5.40088
5.45943
5.90689
6.46352
4.02975
4.80735
7.06609
6.52356
5.35755
5.13443
5.23522
4.70659
5.47897
4.56768
4.52356
3.27645
4.72247
4.65617
7.26679
4.42931
4.29155
6.26679
6.03562
6.5157
7.64386
7.44294
6.79442
4.974
7.26679
4.47449
4.93336
6.49719
7.40939
6.35755
6.33985
7.26679
4.30378
3.01197
5.75043
7.45121
6.53138
6.01495
6.53138
5.96578
5.44294
3.72632
7.24793
5.2936
5.59694
6.84549
5.74416
5.73471
5.33539
5.07325
3.72632
8.24793
4.59694
4.85086
6.89482
4.82704
4.92735
5.01919
5.51728
6.89482
4.8392
3.68983
5.45943
1
7.59991
6.01495
8.09803
7.35755
5.40939
7.35755
7.57743
5.40599
3.3744
6.74819
5.3339
2.38143
14.333
5.35755
5.73471
5.33539
4.85086
6.89482
3.927
5.19265
5.15265
7.45121
7.52356
7.35755
6.00749
7.34873
7.04439
4.8392
3.68983
7.04439
5.25424
4.63743
7.81378
5.45943
7.43463
7.35755
8
6.65105
5.09452
6.74819
4.23095
15.333
5.40088
5.45943
5.90689
6.1416
5.1416
6.67243
4.7625
4.79701
5.80735
5.08215
3.6865
5.51833
5.29278
5.29155
5.08215
3.6865
4.29593
6.1416
4.51728
3.67377
3.82889
5.41504
4.14296
4.75489
6.26679
4.52748
5.10852
5.62449
7.65821
4.23095
6.14316
12.7946
8
8
6.09452
5.19827
7.90087
5.40088
6.45943
6.33985
7.59246
8
7.49985
4.2936
4.13203
7.81378
4.29068
4.7625
4.79701
5.12928
7.61471
7.67948
3.79008
7.90087
4.47449
4.93336
6.49719
7.40939
6.35755
6.33985
8.26679
4.90689
6.79442
4.974
7.26679
5.08139
4.48543
5.74416
7.73471
5.77259
5.12102
5.78136
8.04439
4.59694
4.85086
6.89482
4.51096
4.94084
5.03953
4.57743
7.67948
8.37504
6.45943
7.35755
8
3.95777
5.49719
4.974
5.68182
4.51096
4.04775
5.11894
5.76553
5.32193
7.49185
3.05889
4.79008
8.05528
5.47573
7.49185
5.35755
3.9542
6.68182
3.57447
6.09452
5.19827
7.90087
4.90689
6.79442
4.974
7.26679
4.74339
7.57743
5.19377
6.41504
5.32193
5.94642
5.77259
5.12102
5.78136
7.04439
4.8392
3.68983
7.04439
5.25424
4.63743
7.81378
4.30117
3.95777
3.68983
6.45943
8.17493
7.40939
7.33985
4.77259
2.04594
15.333
5.40088
5.45943
5.90689
6.1416
4.51728
3.74416
6.66297
4.42931
4.29155
7.26679
3.42146
4.90689
6.32793
5.09592
5.49719
8.26679
5.40088
5.45943
5.90689
6.1416
3.61143
7.7879
7.72792
7.3837
6.35755
6.33985
7.26679
4.8392
3.68983
5.45943
1
7.59991
1
7.41785
7.36632
5.40939
7.35755
4.57743
7.67948
3.79008
6.3159
4.30256
3.9573
5.65617
8.09803
7.35755
5.40939
7.35755
7.57743
5.40599
3.3744
6.74819
6.91886
3.55459
13.0379
4.51728
3.67377
4.49185
4.56847
7.89482
3.61143
6.7879
4.64386
4.35755
5.65617
5.29068
4.59991
5.49719
6.00749
5.69349
5.11894
7.90087
5.40088
5.45943
5.90689
6.1416
5.25424
4.63743
7.81378
5.35755
4.56478
4.21245
3.82889
5.51833
4.44478
5.49719
7.26679
4.97936
7.33539
7.40088
6.57743
4.62449
3.70044
6.1416
6.46352
5.32193
5.49185
7.70736
8
7.5157
5.09452
4.42626
7.89482
3.57447
6.09452
5.19827
6.3159
4.42931
4.29155
6.26679
6.03562
6.5157
7.64386
7.44294
6.79442
4.974
6.68182
3.57447
7.67948
6.48382
6.59246
6.45943
6.35755
6.33985
5.68182
3.51096
3.29278
6.1224
5.86625
5.16993
5.65535
7.70736
4.28876
7.90087
4.59694
4.85086
6.89482
4.82704
4.92735
5.01919
5.51728
6.89482
5.25424
4.63743
6.22882
7.17493
6.59246
6.58496
6.12928
5.19827
6.3159
4.19114
4.11042
6.05528
4.77761
3.99469
4.79701
5.05528
7.5157
4.23095
14.333
5.35755
5.73471
5.33539
4.85086
6.89482
3.927
5.19265
5.15265
7.45121
7.52356
7.35755
6.00749
7.34873
6.04439
4.42931
4.29155
7.26679
3.85031
3.87652
7.86419
7.35755
7.40939
8
3.82889
5
4.91886
4.56478
4.32793
6.66297
4.8392
3.68983
8.04439
7.67243
7.52356
3.848
3.98299
3.72632
7.24793
6.54689
7.44294
8
7.40939
5.32912
5.62449
1
6.81378
4.23266
14.3157
8
4.33787
7.45943
7.78136
5.32193
7.53138
6.5157
6.30986
3.85031
7.87652
5.80735
5.80735
4.56768
7.98299
4.23095
13.0111
5.03185
5.49185
7.39232
4.42999
5.79008
7.61471
4.56847
6.89482
4.8392
3.68983
6.45943
4.97936
7.33539
7.40088
6.57743
4.98706
7.65821
5.52356
3.05889
5.20511
6.5025
5.67243
6.56224
3.53743
5.45943
4.30256
3.9573
5.87856
4.42931
4.29155
5.68182
4.71741
6.50779
6.43463
6.35755
7.33985
4.51728
4.66107
4.74819
8.26679
4.90689
4.47249
6.8392
5.41504
4.23406
4.79008
7.56224
6.73471
5.29278
6.76155
5.67948
6.82655
4.30256
3.9573
7.46352
4.91886
7.78136
4.53138
5.5157
7.11894
5.8413
5.5025
2.83872
13.333
4.30256
5.27922
3.67377
3.82889
6.41504
6.64386
1
7.26679
5.25424
4.63743
5.49185
6.87856
4.53138
5.19377
5.03953
4.57743
7.67948
3.82312
7.33745
0.0863085
6.27373
8.04985
8
7.44294
5.88264
4.12199
3.42786
4.42626
6.89482
5.25424
4.63743
5.81378
6.83289
7.53138
7.74819
7.59246
8
5.9386
5.62449
4.85086
6.89482
5.03185
5.16993
6.39232
7.70736
7.74819
6.40088
7.56986
7.26679
4.51728
3.67377
4.49185
5.44294
3.72632
7.24793
7.17493
6.59246
6.58496
6.12928
4.42066
4.80735
3.74416
5.44057
4.27955
7.59991
5.16993
5.80735
3.80735
7.46352
5.40088
5.45943
7.49185
7.58496
5.17659
5.11894
6.90087
4.8392
8.08215
7.45121
5.24793
5.20511
6.49985
4.41709
7.58496
6.76155
5.67948
7.82655
4.02975
4.80735
5.74416
6.73471
7.61471
6.45121
4.88264
6.03892
4.9542
13.0379
4.51728
3.67377
4.49185
5.44294
3.72632
7.24793
4.02975
4.80735
8.06609
6.59991
4.18587
5.62205
7
5.09452
5.74819
3.72632
8.24793
4.59694
5.07325
3.72632
6.24793
4.74339
7.57743
4.90689
3.67377
4.49185
3.848
4.08746
4.50901
8.04439
5.40088
5.45943
5.90689
5.65617
5.29068
7.44294
7.49185
6.58496
3.9573
5.65617
4.47449
4.93336
4.91222
5.21501
3.79008
6.3159
4.13516
5.52356
5.08215
5.10154
6.70736
6.61471
4.42626
6.89482
8.46352
7.36632
6.33985
7.33985
5.35755
5.55459
4.28876
6.90087
4.51728
3.67377
3.82889
4.41504
6.26679
6.03562
6.5157
7.64386
7.44294
6.79442
6.78136
2.83872
15.333
5.40088
5.45943
5.90689
6.1416
4.51728
3.74416
6.66297
4.42931
4.29155
6.68182
4.19114
4.11042
6.05528
4.12553
4.87652
5.20511
4.38702
5.45943
4.30256
3.9573
6.1416
5.2936
6.53398
6.48382
8.04439
5.40088
5.45943
5.90689
6.1416
3.61143
5.46597
7.26679
3.96578
6.12928
3.90689
4.49185
3.848
6.08746
5.09452
4.42626
7.89482
4.02975
4.80735
8.06609
6.59991
4.18587
5.62205
7
5.09452
5.74819
3.72632
5.24793
3.57447
4.22005
6.81378
5.73471
6.38082
7.70736
8
7.45943
3.72632
6.66297
4.8392
3.68983
7.04439
5.25424
4.63743
7.81378
8.09803
7.35755
5.40939
7.35755
7.57743
5.40599
3.3744
6.74819
5.3339
2.38143
12.333
4.65617
7.26679
3.80128
5.25424
3.72632
7.24793
5.58996
3.848
5.28011
4.16993
5.19265
4.05311
5.90689
1
5.08215
4.51658
5.44294
1
7.24793
3.51096
4.35168
7.13443
6.3837
5.10852
4.49719
4.99247
7.53138
3.93074
4.8125
4.45943
5.23156
4.48543
6.06609
3.55459
14.0379
4.90689
6.79442
4.974
6.26679
4.27955
6.01495
5.84967
4.42999
7.37504
7.37504
7.98299
6
6.39803
4.99354
4.49719
4.99247
6.53138
3.53743
5.45943
4.30256
3.9573
6.87856
2.95541
2.83574
10.9046
3.85031
4.87652
6.06609
6.84549
3.74416
5.44057
5.35755
5.73471
4.16547
6.45943
4.02975
5.12928
7.61471
7.74819
7.36632
7.35755
8
3.9542
7.26679
4.51728
3.74416
8.24793
4.90689
5.20945
6.45943
5.005
5.38543
6.21594
5.29278
6.52356
5.09452
6.30986
4.74339
7.57743
6.33985
6.76818
4.02975
4.80735
7.06609
5.9386
5.59991
4.40475
5.41504
6.14296
5.97728
6.80735
4.79008
8.46441
5.93074
2.9386
13.333
4.02975
4.80735
8.06609
5.69349
5.71699
5.62205
7
4.49985
12.0379
5.29068
4.42999
4.56768
4.81307
6.89482
5.25424
4.63743
6.81378
5.08746
8.13443
7.57743
5.78136
5.85798
7.34873
5.8392
6.47573
5.45121
6.89482
3.927
5.19265
5.15265
7.45121
7.52356
7.35755
6.00749
7.34873
4.72247
5.1416
6.67948
7.40939
6.39803
5.47897
5.79008
4.80735
1
5.65617
4.30256
3.9573
7.46352
5.40088
5.45943
6.49185
2.44478
12.5256
3.57447
6.09452
5.19827
6.3159
8.46352
7.40088
5.26303
7.00562
5.5025
2.83872
8.31061
0.0863085
6.27373
8.04985
8
4.29155
7.26679
4.47449
5.51833
7.61471
7.39232
6.07325
5.01919
5.8392
7.47573
7.3837
6.35755
6.33985
6.68182
4.29068
4.7625
5.11894
4.38702
5.45943
4.30256
5.27922
8.06609
5.69349
7.11894
5.8413
5.98299
4.36712
5.2854
7.87652
5.11894
6.90087
4.51728
3.67377
3.82889
5
5.11151
7.24793
6.03562
6.5157
7.64386
7.44294
6.79442
5.1964
5.11151
6.66297
4.51728
3.74416
6.24793
4.74339
7.57743
6.33985
5.18322
3.51096
3.29278
6.70736
7.52356
4.90689
7.80735
7.33985
7.52356
2.83872
13.0111
4.51728
7.06609
5.9386
6.01495
7.61471
6.53138
6.70736
7.03892
6.43463
5.29155
5.08215
3.6865
4.29593
5.65617
3.57447
6.09452
8.00562
7.33985
5.45943
5.90689
6.1416
3.61143
5.7879
3.67054
7.76818
5.40088
5.45943
5.90689
6.1416
3.61143
6.7879
4.64386
7.67948
3.79008
7.90087
4.90689
6.79442
4.974
6.68182
3.57447
6.09452
5.19827
6.3159
4.29068
5.24793
5.32193
5.53138
4.99354
5.08215
3.6865
8.10329
4.79008
8.46441
7.5157
1.00791
14.0379
5.65617
7.44294
7.79442
8
5.45943
5.90689
6.1416
5.25424
4.63743
6.22882
7.17493
6.59246
6.58496
6.12928
5.19827
6.3159
4.30256
3.9573
5.65617
8.09803
7.35755
5.40939
7.35755
7.57743
5.40599
3.3744
6.74819
5.11151
8.24793
4.59694
4.85086
6.89482
4.51728
3.74416
8.24793
4.90689
4.98706
4.85086
5.30986
4.30256
3.9573
5.87856
3.80128
5.25424
3.72632
6.24793
5.74339
7.45943
7.40939
8
7.24793
3.51096
3.29278
6.70736
6.57743
4.62449
4.32193
5.48113
2.38143
14.333
4.82704
4.92735
5.01919
5.51728
6.89482
4.8392
3.68983
8.04439
0.781878
7.96232
5.50144
1
11.7707
4.13516
5.26053
5.65617
4.30256
3.96963
7.70736
5.15381
6.45943
5.07325
3.90689
4.90689
5.38543
4.66107
4.04775
6.53398
4.52356
3.27645
7.04439
5.74339
7.45943
7.40939
8
6.66297
4.30256
3.9573
8.46352
7.19476
5.33628
3.49033
2.99623
1.96478
9.44874
4.51096
5.16323
1
6.73471
3.72632
6.66297
4.8392
3.68983
7.04439
4.51728
7.06609
5.52356
7.56986
7.36632
6.33985
7.33985
4.17792
12.7308
7.36632
4.62449
4.974
7.26679
4.70598
5.24793
4.91561
7.48382
5.82443
5.40939
7.35755
4.65025
7.86419
7.39232
7.3837
5.79874
4.54432
6.13443
3.6865
5.29593
5.48113
2.38143
12.5256
3.57447
6.09452
6.00562
6.61471
6.41504
5.20945
7.45943
7.33985
6.54689
4.30256
3.9573
5.87856
4.42931
4.29155
6.26679
4.82704
6.14975
6.01495
5.53138
6.8009
7.58496
6.76155
5.67948
7.82655
4.51728
7.06609
5.52356
7.56986
7.36632
7.33985
8
6.24159
4.29155
5.45943
4.30256
3.9573
6.87856
5.08746
8.13443
4.57743
5.35168
5.01919
5.8392
7.47573
7.3837
6.35755
6.33985
7.26679
5.74339
4.65208
6.59246
6.33985
7.87652
4.66107
7.74819
2.83872
12.748
4.6105
5.40599
5.32193
1
7.46352
5.40088
5.45943
5.90689
6.1416
4.51728
3.67377
3.82889
4.41504
7.26679
4.51728
3.74416
8.24793
4.90689
6.79442
4.974
5.94486
0.0863085
6.27373
8.04985
8
5.08746
4.98489
5.98299
7.47573
7.07682
4.77761
5.27479
5.32193
5.94642
5.77259
5.12102
5.78136
7.04439
4.74339
7.57743
6.33985
6.76818
4.51728
7.06609
5.9386
4.42999
5.20511
4.08746
6.20945
7.37504
7.49185
5.09452
6.16323
7.00562
8.08746
5.35755
8.46441
7.5157
1.00791
7.33745
0.0863085
6.27373
8.04985
8
7.7879
6.14296
5.56224
5.55459
5.96
6.12928
3.72632
6.66297
4.30256
3.9573
6.87856
4.90689
5.20945
6.45943
7.17493
6.59246
6.58496
6.12928
5.19827
7.90087
5.40088
5.45943
5.90689
5.65617
5.58996
3.848
5.28011
5.11151
8.24793
4.90689
6.79442
4.974
5.68182
6.83289
7.53138
7.74819
6.59246
7.37504
7.3837
6.35755
6.33985
6.26679
4.82704
4.92735
5.01919
5.51728
7.89482
5.29068
7.44294
7.49185
6.58496
3.9573
6.46352
4.02975
5.12928
7.61471
7.53138
7.50779
5.9386
4.28876
7.90087
5.40088
5.45943
7.37504
6
7.90689
6.5157
5.52356
3.05889
5.20511
6.5025
5.67243
6.56224
3.53743
6.68182
4.29068
4.7625
5.11894
4.38702
7.26679
5.25424
5.89885
7.98299
5.64386
3.91254
5.11894
7.90087
4.02975
5.12928
7.61471
7.74819
7.36632
7.35755
8
6.17659
5.3339
2.38143
13.748
5.58996
3.848
5.28011
4.16993
5.19265
4.05311
5.90689
1
5.08215
4.51658
1
6.89482
4.65617
6.26679
4.27955
7.59991
7.59991
4.77259
7.69349
7.39232
7.54689
3.51096
4.35168
3.27645
8.04439
4.90689
5.20945
7.04439
5.25424
5.80735
6.80735
5.89885
7.5157
5.09452
4.42626
7.89482
7.54689
6.35755
7.33985
5.23522
7.87652
4.66107
4.35755
5.65617
4.30256
3.9573
5.65617
6.02791
5.10434
1
6.64386
5.16323
6.3339
6.73471
3.72632
6.66297
6.55459
5.18322
3.51096
4.35168
3.27645
8.04439
4.90689
6.79442
4.974
7.26679
3.53107
8.02791
7.47573
8.66178
6.98299
6.53138
5.29278
6.76155
5.67948
7.82655
4.74339
7.57743
6.33985
7.76818
9.43879
5.58496
6.52356
6.09452
6.00562
6.61471
5
4.4021
3.6865
8.10329
4.79008
8.46441
5.93074
2.9386
13.0111
5.03185
5.49185
5.80735
7.49185
4.59694
4.66107
7.74819
4.49985
7.33745
0.0863085
6.27373
8.04985
8
3.67377
3.82889
4.29593
5.65617
5.58996
3.848
5.28011
4.16993
5.19265
4.05311
5.90689
1
5.08215
4.51658
1
6.89482
4.51728
3.74416
8.24793
4.90689
5.20945
8.04439
5.78136
6.00749
5.96578
4.56847
6.89482
4.8392
3.68983
6.04439
3.80128
5.25424
3.72632
5.24793
4.29068
5.24793
5.32193
5.53138
4.99354
5.08215
3.6865
5.29593
3.74416
6.66297
4.8392
3.68983
6.04439
3.80128
5.25424
3.72632
8.24793
5.40088
5.45943
5.90689
5.1416
4.13516
5.26053
5.2936
3.51096
4.35168
6.54946
6.59246
6.14975
7.50779
6.3837
5.90689
6.1416
4.51728
3.67377
4.90689
4.53743
6.58496
6.57743
5.50779
7.87652
5.11894
6.90087
5.25424
4.63743
1
4.30378
3.01197
5.75043
7.45121
6.53138
6.01495
6.53138
5.96578
4.56847
6.89482
7.17493
5.1375
13.0379
4.51728
3.67377
3.82889
5.19265
1
6.12928
3.72632
7.24793
3.51096
4.35168
7.13443
4.79874
8.98299
6.16323
4.80735
5.38543
4.99354
4.08215
3.42786
4.42626
7.89482
4.90689
5.20945
6.45943
7.17493
6.59246
6.58496
6.12928
5.19827
6.90087
6.02791
7.42626
6.45943
7.35755
8
4.23095
15.333
5.40088
5.45943
5.90689
7.46352
4.59694
4.85086
7.89482
4.02975
4.80735
7.06609
6.52356
5.35755
5.13443
4.65025
3.9573
6.1416
4.65617
7.26679
4.97936
7.33539
7.40088
6.57743
4.98706
7.65821
5.52356
3.05889
5.20511
6.5025
5.67243
6.56224
5.70736
2.83872
13.0111
4.8392
3.68983
8.04439
4.90689
4.98706
4.85086
6.89482
4.51096
6.16323
5.71699
6.91886
4.99354
5.08215
3.6865
6.10329
2.44478
15.333
5.40088
5.45943
5.90689
5.65617
3.57447
6.67948
5.52356
4.93336
4.49719
4.99247
6.53138
6.70736
7.03892
6.43463
5.29155
5.08215
3.6865
4.29593
5.1416
7.52748
6.40088
7.35755
7.46761
3.80128
5.51728
7.89482
3.61143
4.61798
6.53398
6.45943
7.40939
8
8.46441
5.93074
2.9386
12.333
8.46352
7.36632
6.33985
7.33985
4.50956
7.86419
4.06413
13.3157
7.34873
6.75489
6.45396
5.55459
6.05889
3.9
5.46597
4.12199
6.23522
5.59246
4.08746
4.50901
8.04439
3.61143
7.7879
6.14296
5.56224
4.29155
6.26679
4.82704
7.73471
6.49185
4.8365
3.95936
5.87856
4.42931
5.06916
5.11151
6.66297
4.30378
7.91886
6
5.32193
5.64386
6.41504
5.32193
7.53138
3.93074
3.61086
4.32193
3.74416
6.66297
4.30256
3.9573
5.1416
4.27955
7.59991
5.59991
5.58996
3.848
5.76553
4.14296
7.75489
7.34873
6.40088
4.84967
7.33745
0.0863085
6.27373
8.04985
8
3.74416
6.66297
4.30256
6.87652
7.46761
7.34873
7.35755
8
5.20945
4.79442
5.81378
3.51096
3.29278
6.70736
7.52356
4.7625
5.11894
7.08746
5.11894
6.3159
3.80128
5.51728
7.89482
5.40088
5.45943
5.90689
6.1416
4.77259
7.69349
5.29278
6.12928
3.72632
6.66297
4.8392
3.68983
6.04439
3.80128
5.25424
3.72632
5.24793
4.29068
5.24793
5.32193
5.53138
4.99354
5.08215
3.6865
5.29593
3.74416
7.24793
6.03562
6.5157
7.64386
7.44294
6.79442
5.78136
5.09452
5.74819
3.72632
7.24793
3.51096
4.35168
3.27645
6.04439
3.80128
5.51728
7.89482
5.40088
5.45943
5.90689
6.1416
1.80296
8.98299
7.58496
6.12928
3.72632
6.66297
4.8392
3.68983
6.04439
3.80128
5.25424
3.72632
5.44057
4.27955
6.01495
5.84967
4.42999
7.37504
7.37504
7.98299
6
6.39803
4.99354
5.08215
3.6865
5.29593
3.74416
7.24793
4.65617
7.26679
4.42931
7.87652
6.53398
7.40939
5.45121
7.89482
5.29068
4.16993
7.87652
6.53138
7.3837
4.23095
12.5256
5.29068
4.42999
4.56768
4.81307
6.89482
7.52748
6.40088
7.35755
7.46761
4.52748
6.10852
5.40599
6.1964
5.29278
6.12928
3.72632
8.24793
5.40088
5.45943
5.90689
6.1416
5.25424
4.63743
6.22882
5.005
7.70736
5.49185
5.09452
5.30986
4.30256
3.9573
5.2936
7.41785
7.36632
7.59246
8
7.59991
5.50779
5.06916
5.11151
8.24793
4.97936
7.33539
7.40088
6.57743
4.62449
4.32193
1
8.24793
5.40088
5.45943
5.90689
5.1416
4.13516
5.26053
6.1416
6.46352
5.32193
5.49185
7.70736
8
5.19377
4.50901
5.45943
4.82704
3.92735
1
6.04439
4.42931
5.06916
5.11151
6.24793
3.42146
4.90689
6.32793
5.09592
5.08215
7.91886
8
10.6147
3.80128
5.25424
3.72632
6.66297
4.30378
3.01197
5.75043
7.45121
6.53138
6.01495
6.53138
5.96578
5.44294
3.72632
7.24793
5.2936
5.59694
6.84549
5.74416
5.73471
5.33539
5.07325
3.72632
7.24793
7.17493
6.33985
4.6105
6.49985
6.33985
7.34873
8
8.46441
5.93074
2.9386
13.0111
5.03185
5.49185
5.80735
7.49185
4.59694
4.66107
7.74819
4.49985
13.0379
5.25424
4.63743
6.22882
5.74339
4.65208
6.59246
6.33985
7.87652
5.39803
5.35168
5.30986
4.30256
7.87652
4.66107
4.35755
7.46352
5.40088
5.45943
5.90689
6.1416
3.61143
5.7879
3.67054
7.76818
5.40088
5.45943
5.90689
5.1416
4.13516
4.52356
7.55459
7.3837
5.79008
4.28876
6.90087
4.51728
3.67377
5.75489
7.59246
5.12102
3.96963
4.9
4.12199
3.42786
4.42626
6.89482
4.51728
3.67377
3.82889
4.41504
6.26679
6.03562
6.5157
7.64386
7.44294
6.79442
4.974
7.26679
5.03185
5.49185
7.39232
4.42999
4.79008
6.05528
4.12553
5.29155
5.08215
5.10154
4.83007
4.13203
6.22882
3.96578
6.12928
5.89885
6.87652
5.46761
6.56224
4.66107
4.94084
4.12199
3.42786
4.42626
5.89482
4.30378
6.3339
7.50779
4.85086
5.20511
4.62803
4.37504
5.29155
5.08215
3.6865
4.29593
5.87856
3.80128
5.25424
3.72632
7.24793
5.005
5.38543
6.21594
5.29278
6.52356
4.22005
3.72632
6.66297
4.30256
3.9573
5.2936
3.51096
3.29278
6.1224
7.45121
5.9386
5.01346
7.78136
5.32193
5.94642
5.77259
5.12102
5.78136
6.45943
3.51096
4.35168
3.27645
6.04439
4.42931
4.29155
8.26679
5.40088
5.45943
7.37504
6
7.90689
6.5157
6.30986
6.55459
6.18322
4.42931
4.29155
7.26679
4.97936
7.33539
7.40088
6.57743
4.98706
7.65821
5.52356
3.05889
5.20511
6.5025
5.67243
6.56224
3.53743
6.68182
4.29068
4.7625
5.11894
4.38702
6.26679
4.77259
4.23406
3.79008
6.3159
5.35755
5.41278
6.91886
3.85031
7.87652
7.33985
5.81592
7.00562
4.38702
7.26679
4.42931
4.29155
1
7.8392
6.39232
5.56986
4.44478
5.49185
7.70736
6
5.0761
5.29278
6.76155
7.67948
3.98351
11.4529
3.927
5.19265
5.15265
7.45121
7.52356
7.35755
6.00749
7.34873
6.45943
4.47449
4.93336
4.08215
6.23522
6.59246
6.45943
5.40939
7.35755
8.04439
5.40088
5.45943
5.90689
6.46352
4.02975
4.80735
7.06609
6.52356
5.35755
5.13443
4.65025
3.86419
1
6.3159
4.65617
7.26679
4.42931
4.29155
6.68182
4.19114
5.24793
8.12928
7.55459
5.79874
5.79442
5.10154
4.41504
7.26679
5.74339
7.45943
7.40939
8
7.24793
6.46352
7.64386
7.44294
6.45121
6.53138
4.9
4.4021
3.6865
8.10329
8
2.83335
12.7946
8
8
6.09452
5.19827
7.90087
5.40088
6.45943
6.33985
5.59246
7.35755
4.82704
4.92735
5.01919
5.51728
5.89482
4.42931
4.29155
7.26679
3.42146
5.32193
5.64386
7
5.67948
6.82655
4.30256
3.9573
5.65617
4.29068
5.24793
5.32193
5.53138
4.99354
5.08215
3.6865
5.29593
3.74416
7.24793
4.02975
3.3744
6.16323
6.64386
7.42626
7.53138
3.93074
4.8125
6.78136
4.50901
4.72247
1
7.26679
4.42931
4.29155
6.26679
6.03562
6.5157
7.64386
7.44294
6.79442
7.78136
