157
8
8
2.43229
5.10137
2.75685
3.76334
1.75043
4.3643
8.77017
3.87774
4.42253
4.27302
4.32893
1.4793
2.43229
5.13312
1
3.24793
1.98828
6.03518
4.05731
8.61802
6.28471
1.61866
1.75043
4.32893
1.4793
2.43229
3.71291
10.9511
3.98055
2.8111
4.57154
1
2.76156
2.78184
3.95053
1.3992
1.56293
4.58308
6.92425
2.43209
4.71425
4.66819
4.27278
5.44078
0.0543463
3.29929
5.55789
2.87339
4.32767
1.4793
2.43229
3.70536
11.7753
7.74819
2.8111
4.57154
6.7628
1.85248
3.97179
4.54874
1.3349
2.88011
1.7318
1
2.88011
5.55789
2.87339
4.74566
8.77017
3.87774
4.42253
4.27302
5.26905
2.73593
4.57021
3.65247
3.45822
9.37279
1.85042
4.13863
5.55789
2.87339
10.0914
4.22726
9.44087
5.04439
7.13955
1.4793
2.43229
5.10137
2.75685
3.76334
1.75043
3.91222
2.53948
4.80049
3.16967
3.70363
2.16127
1.51121
2.26139
3.26216
1
4.3643
2.83943
7.84135
3.08576
3.47118
4.15697
3.95929
3.56883
1
3.76169
2.75821
5.89907
6.90105
3.6722
6.66001
4.82684
1
0.584963
5.60208
1.71051
2.0094
2.62956
1.41955
2.78184
4.78974
0.607748
4.83366
2.55805
6.82163
3.1547
5.33665
4.66819
1.92184
5.60922
2.75685
3.76334
1.75043
5.19308
2.42897
1.68314
2.0585
3.58638
4.02714
3.68953
7.70176
2.16127
1.51121
5.08315
4.63006
1.75043
4.32893
1.38315
3.464
5.94695
3.42392
3.2908
2.21796
4.43405
5.65525
4.06805
2.62116
5.51122
0.0543463
4.07267
1
0.584963
4.47621
3.39527
1.5619
3.37959
3.56224
3.57037
6.79561
3.97689
1.45775
1.51121
2.26139
3.16327
3.71291
3.19055
3.81999
5.44226
8.32103
10.0661
6.73471
3.26748
3.21723
10.4318
3.93256
6.79604
0.0275554
2.03652
10.0399
2.77162
7.72013
6.91965
2.30609
1.40305
2.71634
5.54684
3.23784
3.81331
6.33006
1.75992
4.13863
1.7318
1.16765
3.40868
2.33334
1
1.69714
1.40305
4.71455
2.14025
4.15768
1
4.06805
1
3.64389
1.7318
1.16765
3.40868
8.23727
10.2607
4.66928
4.43741
7.40939
3.03918
3.57715
1.52864
2.70198
5.30922
4.05731
7.59249
2.16127
3.83031
1
6.20587
2.12106
1
4.20892
0.607748
5.72222
2.04066
1.46114
4.34691
3.39719
4.46166
5.60922
2.83987
1.85067
6.54713
1.44783
5.17824
3.99825
4.58064
11.2121
1.75112
1
2.12106
8.5182
8.37142
4.6248
8.23122
5.08746
7.13955
1.4793
2.43229
3.64389
5.97292
9.96281
1.60081
1.57498
4.97544
3.85763
4.49448
1.75043
3.76291
3.54992
8.79705
3.0387
3.32488
5.72222
1.51336
5.32529
1.8499
10.5582
1.38683
2.7449
3.75873
7.59907
5.6453
4.24329
6.79237
3.99825
1.75043
5.27551
1.32519
5.32529
1.8499
2.34447
3.95929
3.56883
9.68629
4.76939
4.30581
7.36632
5.44078
0.0543463
3.69546
0.67603
3.39527
1
3.58288
1.99984
6.96166
1
4.64288
8.77017
3.87774
4.42253
4.27302
4.32893
1.4793
2.43229
6.20587
2.12106
4.37472
2.55979
4.33143
10.4308
3.13876
5.05257
5.87447
6.02952
4.99595
5.94413
0.0737452
3.5507
2.83945
4.0765
1.79087
3.78185
2.22595
5.88609
5.63597
2.68784
9.8856
3.52823
4.78974
0.607748
4.83366
1
14.5174
6.22882
7.02237
7.30378
4.75812
6.39173
1.28622
4.13863
5.97292
3.95929
4.93641
10.4131
3.92125
3.43786
7.67948
2.56836
1.44783
5.17824
3.99825
1.75043
4.3643
8.77017
3.07039
5.35213
4.59352
3.2074
3.7805
5.58945
1
0.584963
1.7318
1.16765
10.6784
4.54273
2.8111
3.654
3.49142
2.84389
3.98029
2.60253
5.42631
4.86834
4.27278
6.76794
1.28622
11.5816
8.29002
8
7.30378
7.7879
4.29956
7.40088
2.96989
5.60922
2.75685
2.18179
4.11415
1.3992
1.56293
3.2133
1.80955
4.54016
4.13457
5.39258
3.6249
14.9628
7.30378
7.34873
1.89939
6.90105
3.26936
3.76169
1
4.08385
2.73408
4.95074
4.24329
1.22287
3.51328
2.33334
5.59813
1.71051
5.46269
3.88768
0.67603
4.69625
6.54614
3.14924
5.21993
3.81423
5.42631
4.86834
1.92184
1
5.55789
2.87339
4.32767
1.4793
3.44209
6.90105
3.6722
5.73324
1
4.18995
3.69571
3.37259
2.18179
4.59385
1.4793
2.43229
6.20587
2.12106
4.37472
2.55979
5.14048
2.92221
5.60786
1
3.70773
4.37472
2.55979
3.66066
1.3992
1.56293
3.70307
4.47077
1.68314
3.24622
2.81404
5.55789
2.87339
3.85622
10.9511
3.98055
2.8111
4.57154
1
2.76156
2.78184
4.82684
1.4793
2.43229
3.70536
11.7753
7.74819
2.8111
4.57154
6.7628
1.85248
3.97179
4.54874
1.3349
5.98553
2.47113
3.87806
5.54701
7.53505
4.99595
1
2.81404
5.97292
3.95929
3.56883
4.30375
7.02188
7.68323
0.379287
5.73553
2.28132
2.99696
4.23248
2.99978
3.19256
6.50678
2.78809
3.44488
4.23248
2.20158
5.16312
10.7428
3.20945
5.05257
7.45943
2.31588
2.07408
2.99696
6.06862
0.0275554
1.79573
0.658158
3.70536
2.75821
0.800511
4.97544
2.56836
3.21927
1
11.2555
4.30639
5
7.40088
4.47943
1.85248
3.97179
3.83533
6.66001
3.28492
5.97292
3.95929
4.93641
4.05731
7.59249
4.6874
3.43529
2.14697
6.54714
5.30402
9.48482
2.70044
5.05257
5.45943
3.50503
4.82589
4.39987
5.00845
2.28132
4.46654
1.3349
3.63341
0.67603
12.729
5.09452
1.90199
2.5502
7.82688
1.10558
4.95869
3.16967
5.35744
1.04497
2.22986
2.6239
1.93179
3.63798
1.3992
1.56293
3.70307
4.47077
1.68314
3.24622
5.16444
2.28132
2.99696
3.66066
1.3992
8.56099
1.08888
4.2137
10.0818
1.71006
5.51119
2.75685
3.76334
1.75043
4.94583
0.607748
2.92365
7.4119
2.92815
2.66082
2.22887
8.23727
4.86834
4.27278
1.75043
4.32893
1.4793
2.43229
5.10137
2.28132
4.46654
1.3349
3.91222
1.62
2.00539
3.92082
4.01799
1.87725
2.71634
5.58117
1.3349
3.91222
1.62
6.41683
1
6.34356
1.38747
3.87806
1.3349
2.88011
5.97292
3.95929
3.33107
2.53948
4.80049
3.16967
3.70363
2.16127
1.51121
2.26139
3.26216
1
9.52667
0.288657
3.4015
4.73697
6.39232
4.70486
4.70399
4.37128
4.6102
1.3349
5.26326
4.15991
1
4.33854
2.75821
1
4.34691
3.39719
2.88416
3.51513
4.6102
1.3349
2.88011
5.97292
3.95929
5.09001
2.12106
4.37472
2.55979
3.76169
1.62
2.00539
3.92082
4.01799
1.87725
2.71634
3.24622
5.30922
1
0.584963
3.8444
2.51369
3.12547
4.33143
1.4793
2.43229
3.64389
5.97292
2.4063
5.93471
9.20747
5.52925
4.61667
13.5493
2.13191
3.4015
3.19265
5.99247
4.25953
4.53257
6.58072
3.14973
2.27672
5.98098
4.82204
1.4793
2.43229
4.51256
2.20158
4.49448
2.05695
2.89351
1.68314
4.79439
6.66001
4.78974
0.607748
2.92365
7.4119
2.92815
2.66082
2.22887
8.23727
4.86834
4.27278
1.75043
3.91222
1
1.36716
2.87416
3.14958
3.75286
4.70239
9.57968
5.47328
3.42478
2.91629
2.92365
6.73693
1.28622
5.51119
2.28132
2.99696
5.14048
2.92221
5.60786
1
3.70773
4.37472
2.55979
5.59813
1.71051
5.46269
3.66066
1.3992
1.56293
3.2133
2.79721
8.28376
4.95074
3.48207
5.00176
4.66819
1.92184
3.57053
4.25953
1.83076
1.96936
5.59091
3.27014
2.56102
6.66001
3.28492
5.55789
2.87339
3.36806
2.83945
3.19115
3.16035
3.31093
2.44814
4.05993
3.44488
3.88768
0.67603
12.729
5.09452
1.90199
4.39368
1.94059
4.3042
1.4793
2.43229
5.10137
2.28132
2.99696
4.23248
2.99978
3.21927
1.88228
8.23727
1.10079
4.27937
1.4793
2.43229
3.70536
2.53948
4.80049
3.16967
3.70363
2.16127
1.51121
2.26139
3.26216
6.73693
1.28622
4.70383
4.23528
6.21021
4.17535
1.4857
4.24329
6.79237
1
4.59385
1.4793
2.43229
3.64389
5.55789
1.57371
1
3.76334
1.75043
5.19308
3.21933
12.5347
6.69448
2.88685
6.15433
2.12106
4.37472
2.55979
4.88618
0.607748
4.83366
1
14.5174
6.22882
7.02237
7.30378
3.12547
2.81404
5.97292
3.95929
4.17705
5.55789
2.87339
5.40961
4.05731
7.59249
4.6874
3.43529
2.14697
6.54714
6.51492
0.0275554
1.79573
0.658158
4.3042
3.19855
5.97891
10.3617
4.89308
5
5.81592
5.55789
2.87339
3.75159
5.97292
2.4063
5.93471
9.20747
5.52925
8.52356
1.75112
7.94934
2.59505
3.21205
3.60193
2.65608
5.0408
5.01047
3.90783
6.73693
1.28622
4.13863
5.97292
3.95929
3.49142
2.42226
3.82126
5.5715
1
4.9575
6.04985
0.122163
5.36029
3.91964
7.40767
3.00339
4.27278
1.75043
5.26905
2.75685
3.76334
1.75043
2.88011
5.97292
9.96281
1.60081
1.57498
4.97544
3.85763
4.49448
1.75043
2.88011
5.97292
3.95929
4.7196
2.75685
3.76334
1.75043
5.86176
0.0275554
1.79573
0.658158
5.10137
2.28132
2.99696
5.14048
2.92221
5.60786
1
3.70773
4.37472
2.55979
4.99801
1.10696
1.34515
4.15954
1.62
1.36716
3.64852
4.76362
1.92892
10.6989
7.7879
5
7.40088
0.607748
3.97179
7.13955
3.06721
1.96355
10.2107
4.30639
3.0458
1
3.78185
2.22595
5.88609
5.63597
2.68784
4.75452
1
4.78258
3.50538
3.79807
4.20892
0.607748
4.83366
1
14.5174
6.22882
7.02237
7.30378
4.75812
6.39173
0.953915
4.82417
3.85717
3.76334
1.75043
4.94583
0.607748
2.92365
7.4119
2.92815
2.66082
2.22887
8.23727
4.86834
4.27278
1.75043
3.76291
3.54992
2.88416
1
3.56883
9.68629
7.22882
5.72247
7.33092
3.99612
2.83943
13.1989
4.87915
4.27248
1.62
4.08385
5.0048
2.58755
5.56244
2.77162
1.44783
3.4864
3.82703
3.63318
2.92365
5.51122
0.0543463
4.07267
2.75821
0.800511
4.78258
3.02856
4.64288
1.62755
2.8549
4.18589
2.5053
3.21529
5.98098
5.09001
2.12106
1
4.27875
4.16996
2.68736
2.14697
2.70904
3.08827
2.93181
3.48098
2.51842
2.26139
3.16327
5.60208
2.56847
4.6568
5.16826
2.79437
1
5.97292
3.95929
5.09001
2.12106
4.37472
2.55979
3.66066
2.42226
3.82126
5.13141
2.14697
6.54714
4.17441
5.97292
3.95929
4.17705
5.55789
2.87339
6.6764
0.0275554
1.79573
0.658158
5.10137
2.75685
3.76334
1.75043
5.19308
2.42897
1.68314
2.0585
3.58638
4.02714
3.68953
7.70176
2.16127
1.51121
5.08315
4.63006
1.75043
11.4428
3.93256
5.27248
2.28132
2.99696
3.48177
2.22595
3.711
1.18735
0.800511
5.48331
2.36862
5.32529
1.8499
2.34447
7.32618
1.5619
2.90038
1
4.33143
1.4793
2.43229
5.10137
2.75685
3.76334
1.75043
3.91222
2.53948
4.80049
3.16967
3.70363
2.16127
1.51121
2.26139
3.26216
1
3.37641
4.10627
4.70486
4.70399
4.37128
4.6102
1.3349
5.4752
1.71051
3.08775
5.98098
3.99612
2.65608
12.603
4.62936
3.77032
4.07847
5.42631
4.86834
1.92184
1
5.97292
3.95929
4.7196
2.75685
3.76334
1.75043
13.0751
6.87652
5.72247
5.74595
1.84625
5.01493
3.23298
4.49448
1
10.2885
3.14547
1.83361
3.10918
9.68629
4.76939
4.30581
7.36632
6.76794
10.911
6.57743
2.43229
5.10137
2.75685
3.76334
1.75043
4.3643
8.77017
3.87774
4.42253
4.27302
4.32893
1.4793
2.43229
5.13312
1
3.24793
1.98828
6.03518
4.05731
8.61802
6.28471
1.61866
1.75043
4.32893
1.4793
2.43229
3.71291
10.9511
3.98055
2.8111
4.57154
1
2.76156
2.78184
3.95053
1.3992
1.56293
4.58308
6.92425
2.43209
4.71425
4.66819
4.27278
5.44078
0.0543463
3.29929
5.55789
2.87339
4.32767
1.4793
2.43229
3.70536
11.7753
7.74819
2.8111
4.57154
6.7628
1.85248
3.97179
4.54874
1.3349
2.88011
1.7318
1
2.88011
5.55789
2.87339
4.74566
8.77017
3.87774
4.42253
4.27302
5.26905
2.73593
4.57021
3.65247
3.45822
9.37279
1.85042
4.13863
5.55789
2.87339
10.0914
4.22726
9.44087
5.04439
7.13955
1.4793
2.43229
5.10137
2.75685
3.76334
1.75043
3.91222
2.53948
4.80049
3.16967
3.70363
2.16127
1.51121
2.26139
3.26216
1
4.3643
2.83943
7.84135
3.08576
3.47118
4.15697
3.95929
3.56883
1
3.76169
2.75821
5.89907
6.90105
3.6722
6.66001
4.82684
1
0.584963
5.60208
1.71051
2.0094
2.62956
1.41955
2.78184
4.78974
0.607748
4.83366
2.55805
6.82163
3.1547
5.33665
4.66819
1.92184
5.60922
2.75685
3.76334
1.75043
5.19308
2.42897
1.68314
2.0585
3.58638
4.02714
3.68953
7.70176
2.16127
1.51121
5.08315
4.63006
1.75043
4.32893
1.38315
3.464
5.94695
3.42392
3.2908
2.21796
4.43405
5.65525
4.06805
2.62116
5.51122
0.0543463
4.07267
1
0.584963
4.47621
3.39527
1.5619
3.37959
3.56224
3.57037
6.79561
3.97689
1.45775
1.51121
2.26139
3.16327
3.71291
3.19055
3.81999
5.44226
8.32103
10.0661
6.73471
3.26748
3.21723
10.4318
3.93256
6.79604
0.0275554
2.03652
10.0399
2.77162
7.72013
6.91965
2.30609
1.40305
2.71634
5.54684
3.23784
3.81331
6.33006
1.75992
4.13863
1.7318
1.16765
3.40868
2.33334
1
1.69714
1.40305
4.71455
2.14025
4.15768
1
4.06805
1
3.64389
1.7318
1.16765
3.40868
8.23727
10.2607
4.66928
4.43741
7.40939
3.03918
3.57715
1.52864
2.70198
5.30922
4.05731
7.59249
2.16127
3.83031
1
6.20587
2.12106
1
4.20892
0.607748
5.72222
2.04066
1.46114
4.34691
3.39719
4.46166
5.60922
2.83987
1.85067
6.54713
1.44783
5.17824
3.99825
4.58064
11.2121
1.75112
1
2.12106
8.5182
8.37142
4.6248
8.23122
5.08746
7.13955
1.4793
2.43229
3.64389
5.97292
9.96281
1.60081
1.57498
4.97544
3.85763
4.49448
1.75043
3.76291
3.54992
8.79705
3.0387
3.32488
5.72222
1.51336
5.32529
1.8499
10.5582
1.38683
2.7449
3.75873
7.59907
5.6453
4.24329
6.79237
3.99825
1.75043
5.27551
1.32519
5.32529
1.8499
2.34447
3.95929
3.56883
9.68629
4.76939
4.30581
7.36632
5.44078
0.0543463
3.69546
0.67603
3.39527
1
3.58288
1.99984
6.96166
1
4.64288
8.77017
3.87774
4.42253
4.27302
4.32893
1.4793
2.43229
6.20587
2.12106
4.37472
2.55979
4.33143
10.4308
3.13876
5.05257
5.87447
6.02952
4.99595
5.94413
0.0737452
3.5507
2.83945
4.0765
1.79087
3.78185
2.22595
5.88609
5.63597
2.68784
9.8856
3.52823
4.78974
0.607748
4.83366
1
14.5174
6.22882
7.02237
7.30378
4.75812
6.39173
1.28622
4.13863
5.97292
3.95929
4.93641
10.4131
3.92125
3.43786
7.67948
2.56836
1.44783
5.17824
3.99825
1.75043
4.3643
8.77017
3.07039
5.35213
4.59352
3.2074
3.7805
5.58945
1
0.584963
1.7318
1.16765
10.6784
4.54273
2.8111
3.654
3.49142
2.84389
3.98029
2.60253
5.42631
4.86834
4.27278
6.76794
1.28622
11.5816
8.29002
8
7.30378
7.7879
4.29956
7.40088
2.96989
5.60922
2.75685
2.18179
4.11415
1.3992
1.56293
3.2133
1.80955
4.54016
4.13457
5.39258
3.6249
14.9628
7.30378
7.34873
1.89939
6.90105
3.26936
3.76169
1
4.08385
2.73408
4.95074
4.24329
1.22287
3.51328
2.33334
5.59813
1.71051
5.46269
3.88768
0.67603
4.69625
6.54614
3.14924
5.21993
3.81423
5.42631
4.86834
1.92184
1
5.55789
2.87339
4.32767
1.4793
3.44209
6.90105
3.6722
5.73324
1
4.18995
3.69571
3.37259
2.18179
4.59385
1.4793
2.43229
6.20587
2.12106
4.37472
2.55979
5.14048
2.92221
5.60786
1
3.70773
4.37472
2.55979
3.66066
1.3992
1.56293
3.70307
4.47077
1.68314
3.24622
2.81404
5.55789
2.87339
3.85622
10.9511
3.98055
2.8111
4.57154
1
2.76156
2.78184
4.82684
1.4793
2.43229
3.70536
11.7753
7.74819
2.8111
4.57154
6.7628
1.85248
3.97179
4.54874
1.3349
5.98553
2.47113
3.87806
5.54701
7.53505
4.99595
1
2.81404
5.97292
3.95929
3.56883
4.30375
7.02188
7.68323
0.379287
5.73553
2.28132
2.99696
4.23248
2.99978
3.19256
6.50678
2.78809
3.44488
4.23248
2.20158
5.16312
10.7428
3.20945
5.05257
7.45943
2.31588
2.07408
2.99696
6.06862
0.0275554
1.79573
0.658158
3.70536
2.75821
0.800511
4.97544
2.56836
3.21927
1
11.2555
4.30639
5
7.40088
4.47943
1.85248
3.97179
3.83533
6.66001
3.28492
5.97292
3.95929
4.93641
4.05731
7.59249
4.6874
3.43529
2.14697
6.54714
5.30402
9.48482
2.70044
5.05257
5.45943
3.50503
4.82589
4.39987
5.00845
2.28132
4.46654
1.3349
3.63341
0.67603
12.729
5.09452
1.90199
2.5502
7.82688
1.10558
4.95869
3.16967
5.35744
1.04497
2.22986
2.6239
1.93179
3.63798
1.3992
1.56293
3.70307
4.47077
1.68314
3.24622
5.16444
2.28132
2.99696
3.66066
1.3992
8.56099
1.08888
4.2137
10.0818
1.71006
5.51119
2.75685
3.76334
1.75043
4.94583
0.607748
2.92365
7.4119
2.92815
2.66082
2.22887
8.23727
4.86834
4.27278
1.75043
4.32893
1.4793
2.43229
5.10137
2.28132
4.46654
1.3349
3.91222
1.62
2.00539
3.92082
4.01799
1.87725
2.71634
5.58117
1.3349
3.91222
1.62
6.41683
1
6.34356
1.38747
3.87806
1.3349
2.88011
5.97292
3.95929
3.33107
2.53948
4.80049
3.16967
3.70363
2.16127
1.51121
2.26139
3.26216
1
9.52667
0.288657
3.4015
4.73697
6.39232
4.70486
4.70399
4.37128
4.6102
1.3349
5.26326
4.15991
1
4.33854
2.75821
1
4.34691
3.39719
2.88416
3.51513
4.6102
1.3349
2.88011
5.97292
3.95929
5.09001
2.12106
4.37472
2.55979
3.76169
1.62
2.00539
3.92082
4.01799
1.87725
2.71634
3.24622
5.30922
1
0.584963
3.8444
2.51369
3.12547
4.33143
1.4793
2.43229
3.64389
5.97292
2.4063
5.93471
9.20747
5.52925
4.61667
13.5493
2.13191
3.4015
3.19265
5.99247
4.25953
4.53257
6.58072
3.14973
2.27672
5.98098
4.82204
1.4793
2.43229
4.51256
2.20158
4.49448
2.05695
2.89351
1.68314
4.79439
6.66001
4.78974
0.607748
2.92365
7.4119
2.92815
2.66082
2.22887
8.23727
4.86834
4.27278
1.75043
3.91222
1
1.36716
2.87416
3.14958
3.75286
4.70239
9.57968
5.47328
3.42478
2.91629
2.92365
6.73693
1.28622
5.51119
2.28132
2.99696
5.14048
2.92221
5.60786
1
3.70773
4.37472
2.55979
5.59813
1.71051
5.46269
3.66066
1.3992
1.56293
3.2133
2.79721
8.28376
4.95074
3.48207
5.00176
4.66819
1.92184
3.57053
4.25953
1.83076
1.96936
5.59091
3.27014
2.56102
6.66001
3.28492
5.55789
2.87339
3.36806
2.83945
3.19115
3.16035
3.31093
2.44814
4.05993
3.44488
3.88768
0.67603
12.729
5.09452
1.90199
4.39368
1.94059
4.3042
1.4793
2.43229
5.10137
2.28132
2.99696
4.23248
2.99978
3.21927
1.88228
8.23727
1.10079
4.27937
1.4793
2.43229
3.70536
2.53948
4.80049
3.16967
3.70363
2.16127
1.51121
2.26139
3.26216
6.73693
1.28622
4.70383
4.23528
6.21021
4.17535
1.4857
4.24329
6.79237
1
4.59385
1.4793
2.43229
3.64389
5.55789
1.57371
1
3.76334
1.75043
5.19308
3.21933
12.5347
6.69448
2.88685
6.15433
2.12106
4.37472
2.55979
4.88618
0.607748
4.83366
1
14.5174
6.22882
7.02237
7.30378
3.12547
2.81404
5.97292
3.95929
4.17705
5.55789
2.87339
5.40961
4.05731
7.59249
4.6874
3.43529
2.14697
6.54714
6.51492
0.0275554
1.79573
0.658158
4.3042
3.19855
5.97891
10.3617
4.89308
5
5.81592
5.55789
2.87339
3.75159
5.97292
2.4063
5.93471
9.20747
5.52925
8.52356
1.75112
7.94934
2.59505
3.21205
3.60193
2.65608
5.0408
5.01047
3.90783
6.73693
1.28622
4.13863
5.97292
3.95929
3.49142
2.42226
3.82126
5.5715
1
4.9575
6.04985
0.122163
5.36029
3.91964
7.40767
3.00339
4.27278
1.75043
5.26905
2.75685
3.76334
1.75043
2.88011
5.97292
9.96281
1.60081
1.57498
4.97544
3.85763
4.49448
1.75043
2.88011
5.97292
3.95929
4.7196
2.75685
3.76334
1.75043
5.86176
0.0275554
1.79573
0.658158
5.10137
2.28132
2.99696
5.14048
2.92221
5.60786
1
3.70773
4.37472
2.55979
4.99801
1.10696
1.34515
4.15954
1.62
1.36716
3.64852
4.76362
1.92892
10.6989
7.7879
5
7.40088
0.607748
3.97179
7.13955
3.06721
1.96355
10.2107
4.30639
3.0458
1
3.78185
2.22595
5.88609
5.63597
2.68784
4.75452
1
4.78258
3.50538
3.79807
4.20892
0.607748
4.83366
1
14.5174
6.22882
7.02237
7.30378
4.75812
6.39173
0.953915
4.82417
3.85717
3.76334
1.75043
4.94583
0.607748
2.92365
7.4119
2.92815
2.66082
2.22887
8.23727
4.86834
4.27278
1.75043
3.76291
3.54992
2.88416
1
3.56883
9.68629
7.22882
5.72247
7.33092
3.99612
2.83943
13.1989
4.87915
4.27248
1.62
4.08385
5.0048
2.58755
5.56244
2.77162
1.44783
3.4864
3.82703
3.63318
2.92365
5.51122
0.0543463
4.07267
2.75821
0.800511
4.78258
3.02856
4.64288
1.62755
2.8549
4.18589
2.5053
3.21529
5.98098
5.09001
2.12106
1
4.27875
4.16996
2.68736
2.14697
2.70904
3.08827
2.93181
3.48098
2.51842
2.26139
3.16327
5.60208
2.56847
4.6568
5.16826
2.79437
1
5.97292
3.95929
5.09001
2.12106
4.37472
2.55979
3.66066
2.42226
3.82126
5.13141
2.14697
6.54714
4.17441
5.97292
3.95929
4.17705
5.55789
2.87339
6.6764
0.0275554
1.79573
0.658158
5.10137
2.75685
3.76334
1.75043
5.19308
2.42897
1.68314
2.0585
3.58638
4.02714
3.68953
7.70176
2.16127
1.51121
5.08315
4.63006
1.75043
11.4428
3.93256
5.27248
2.28132
2.99696
3.48177
2.22595
3.711
1.18735
0.800511
5.48331
2.36862
5.32529
1.8499
2.34447
7.32618
1.5619
2.90038
1
4.33143
1.4793
2.43229
5.10137
2.75685
3.76334
1.75043
3.91222
2.53948
4.80049
3.16967
3.70363
2.16127
1.51121
2.26139
3.26216
1
3.37641
4.10627
4.70486
4.70399
4.37128
4.6102
1.3349
5.4752
1.71051
3.08775
5.98098
3.99612
2.65608
12.603
4.62936
3.77032
4.07847
5.42631
4.86834
1.92184
1
5.97292
3.95929
4.7196
2.75685
3.76334
1.75043
13.0751
6.87652
5.72247
5.74595
1.84625
5.01493
3.23298
4.49448
1
10.2885
3.14547
1.83361
3.10918
9.68629
4.76939
4.30581
7.36632
6.76794
9.91102
7.87652
3.95929
4.17705
1.7318
1.16765
3.31093
1
3.71291
1
0.736966
3.46099
2.65795
2.26591
12.2093
4.62936
6.13955
1
5.97292
2.4063
5.93471
9.20747
5.52925
5.20163
4.11415
4.96355
9.17284
5.57202
3.9349
6.43463
3.10563
3.7805
4.01217
5.82963
3.21005
7.10276
7.17825
3.61808
6.51492
0.0275554
1.79573
0.658158
4.78839
2.3529
3.34727
4.72923
1.00444
3.56524
1.52864
3.04823
6.66001
5.70227
2.12106
1
2.55979
5.14048
2.92221
5.60786
1
3.70773
4.37472
2.55979
3.76169
2.53948
1.64511
4.26418
3.24622
3.66066
2.42226
6.02952
4.99595
3.12547
3.76169
2.53948
4.80049
3.16967
3.70363
2.16127
1.51121
2.26139
8.32253
1.38683
5.05802
1
1.68314
5.58117
1.3349
2.88011
3.46886
3.07915
3.50585
7.93353
6.45423
3.29851
1.64511
6.66001
5.33441
2.75685
3.76334
1.75043
5.19308
3.21933
2.3774
9.4017
1.805
2.91629
2.92365
1.93179
1
1.4793
4.77905
2.87339
3.32325
4.03685
6.80044
2.83519
2.56917
3.14958
1.45775
3.95929
4.82204
1.4793
2.43229
5.10137
2.75685
3.76334
1.75043
5.26326
4.15991
1
4.33854
2.53948
1.64511
3.21317
1.69892
3.57715
2.31548
3.37959
1
3.65447
2.51842
2.26139
3.26216
5.51122
0.0543463
5.73553
2.75685
3.76334
1.75043
3.63341
0.67603
5.92485
0.553875
4.22726
1.16765
3.03918
7.13076
3.16057
7.20484
4.86834
3.42478
2.91629
2.92365
1.93179
3.76291
2.14207
3.52254
2.49751
8.2175
3.6249
7.32618
1.5619
2.90038
4.97936
5.10155
3.50538
3.79807
3.78185
2.22595
5.08206
5.82579
1.34775
1.32458
5.95158
2.8498
2.53842
3.44488
2.81404
1
3.79707
5.98858
1.39707
3.098
1.51121
2.22833
6.62772
0.736338
1.35972
1.52864
3.04823
5.10155
3.50538
3.79807
4.69162
1.71051
5.39672
2.40343
3.40868
2.33334
8.97664
0.935342
3.25653
4.80868
2.95785
6.85448
1
0.963474
2.51842
11.2772
4.78374
5.43741
7.33985
1.32458
5.95158
3.99825
6.76794
1.28622
5.51119
2.83987
1
10.8671
4.49541
1.96271
4.11415
4.47943
1.85248
3.97179
3.83533
5.10155
3.50538
3.79807
5.16257
2.92221
5.60786
1
3.70773
4.37472
4.6102
1.3349
4.32893
1.4793
2.43229
3.22555
4.30375
7.02188
1
5.85076
0.0275554
1.79573
0.658158
3.71291
1.3992
1.56293
3.70307
2.26139
3.75112
11.1555
5.30378
3.26748
7.53916
5.98098
4.7196
2.28132
2.99696
4.88618
0.607748
4.83366
3.10395
1
3.65247
2.33334
3.76169
2.53948
1.64511
4.26418
3.24622
6.06862
0.0275554
1.79573
0.658158
3.71291
2.42226
6.02952
4.99595
3.12547
6.07088
2.12106
6.79237
1.34515
4.03859
2.83945
4.0765
3.54504
2.26139
6.09489
3.00861
10.2961
1.10558
6.21245
6.19909
2.58285
1
0.584963
3.95929
3.78185
2.22595
5.08206
5.85493
2.1496
5.91385
2.72977
2.9675
3.09621
2.08711
6.50678
2.57752
1
5.60922
2.28132
4.46654
1.3349
4.3643
2.20158
5.16312
10.7428
3.20945
5.05257
7.45943
2.31588
2.07408
4.46654
1.3349
2.88011
1.7318
6.63223
1.37223
3.69429
12.9353
4.32847
7.02237
6.31288
1.35972
1.52864
4.12827
1
4.32893
1.4793
2.43229
3.57171
2.22595
5.08206
5.31989
3.21933
2.3774
9.4017
1.805
7.89445
0.683581
4.09465
5.80628
3.95929
4.17705
1.7318
1.16765
3.31093
1
3.70536
4.03197
5.70947
1
5.08315
2.79437
4.03859
2.14207
2.58285
5.10137
2.73593
2.62116
1.93179
3.37641
2.82942
4.14518
0.521732
1.44783
3.31721
2.08711
3.16035
2.89351
8.90731
4.89308
5
6.40088
4.63474
3.32173
12.1299
5.66432
4.86964
1.99506
8.71264
6.59743
4.98299
6.63733
8.61783
11.1928
2.27907
1
2.12106
8.5182
4.77908
11.0133
6.02975
4.42253
7.44294
0.716008
5.74956
4.31783
4.01217
4.59385
1.4793
2.43229
3.79707
0.67603
12.729
5.09452
1.90199
6.79237
4.59777
2.30609
1.40305
2.71634
5.54684
3.23784
3.81331
4.74735
0.0737452
4.72541
2.12106
4.37472
2.55979
4.33143
1
4.27278
3.4226
3.19115
0.760811
4.32893
1.4793
2.43229
4.95384
2.92221
5.60786
1
3.70773
4.37472
2.55979
10.4318
7.04803
1.20414
4.07267
2.54449
2.70904
3.28356
12.2048
6.87652
5.72247
5.74595
1.84625
5.01493
3.23298
6.75279
0.122163
1
14.6771
1
0.736966
7.2834
3.5325
4.60118
3.07341
4.47621
5.17824
9.32418
5.6837
1.09752
4.72541
2.12106
8.5182
4.93641
4.05731
8.61802
6.28471
6.54714
4.59385
1.4793
2.43229
6.29567
0.0275554
2.03652
10.0399
2.77162
7.72013
6.91965
2.30609
1.40305
2.71634
5.54684
3.23784
3.81331
6.33006
1.75992
5.51119
2.83987
1
10.8671
4.49541
1.96271
4.59385
1.38315
2.19471
3.76392
4.78258
3.50538
3.79807
1
2.12106
4.37472
2.55979
4.33143
1
4.27278
3.4226
3.19115
0.760811
4.32893
1.4793
2.43229
1
0.607748
4.83366
2.49751
8.2175
3.08576
6.73397
3.28767
7.57199
1.5693
2.7449
2.82942
3.40268
3.00152
11.5734
3.87774
4.42253
4.27302
4.32893
1.4793
2.43229
5.10137
2.75685
3.76334
1.75043
4.94583
0.607748
2.92365
7.4119
2.92815
2.66082
2.22887
8.23727
4.86834
4.27278
1.75043
3.91222
2.54449
1.61866
3.4226
2.34906
3.57333
5.59091
4.52984
4.35252
1.75043
2.88011
5.97292
3.95929
4.17705
5.55789
2.87339
9.09144
2.85841
8.3837
2.4344
7.13955
1.4793
2.43229
3.70536
2.53948
4.80049
3.16967
3.70363
2.16127
1.51121
2.26139
3.26216
1
11.4428
2.85164
3.55459
4.23248
2.65608
1.45775
7.32618
1.5619
5.35744
1.04497
3.51513
7.4909
4.86834
4.27278
5.44078
0.0543463
5.73553
2.75685
3.76334
1.75043
3.63341
0.67603
5.92485
0.553875
4.22726
1.16765
3.03918
7.13076
3.16057
7.20484
4.86834
3.42478
2.91629
2.92365
1.93179
5.76586
3.09875
2.82733
2.30203
3.06902
5.48331
1.05359
2.56102
5.10155
3.50538
3.79807
5.85076
0.0275554
1.79573
0.658158
3.22555
3.67958
7.30163
5.26285
1.45775
1.51121
3.51328
2.33334
2.81404
5.97292
3.95929
3.78185
2.22595
5.08206
5.85493
2.1496
5.91385
2.72977
2.9675
3.09621
2.08711
6.50678
2.57752
1
5.60922
2.28132
2.99696
3.66066
2.42226
3.21529
1
2.22833
7.91759
3.25686
8.12735
1.10079
4.27937
1.4793
2.43229
5.10137
1.64973
3.70465
6.08874
3.31822
7.77273
2.43209
3.19785
5.16826
4.63006
1.75043
3.37641
5.08438
1
3.90783
3.95247
4.0765
5.17824
3.99825
5.44078
1
5.73553
2.75685
2.18179
6.51492
0.0275554
1.79573
0.658158
3.70536
1.62
1.36716
4.98473
3.20824
5.95241
1
4.06805
3.3827
4.93779
1.45775
1.51121
2.26139
3.16327
3.64389
1.7318
1.16765
10.6784
3.92125
3.16993
4.28876
1.4793
5.31133
4.71643
8.90731
4.11548
4.42253
4.27302
4.32893
1.4793
2.43229
5.10137
2.28132
2.99696
3.37341
3.67958
2.41372
7.44431
3.38095
7.32618
1.5619
2.90038
1
4.33143
1.4793
2.43229
1
0.607748
4.83366
1
14.5174
6.22882
7.02237
7.30378
4.75812
6.39173
1.28622
6.54595
2.47113
4.40967
4.29909
5.14653
4.02067
2.50415
3.08775
3.8444
4.53467
1.75669
3.00235
5.98098
4.17705
3.46886
3.26618
2.13161
2.23514
3.01282
1.52864
2.70198
6.06862
0.0275554
1.79573
0.658158
3.64389
1.7318
6.63223
1.37223
0.800511
2.71634
3.00235
5.98098
3.49142
1.3992
2.49625
3.14958
1.45775
9.20792
2.80266
3.11847
6.66001
8.74534
0.288657
4.23549
5.9542
5.73697
1.36716
3.50538
3.70307
5.08315
12.8
3.80735
4.2199
5.37504
4.75489
10.0968
2.96505
3.79494
1.22287
5.08315
2.79437
3.57053
4.08217
5.82188
1
4.9575
1.04497
3.70307
2.26139
6.34478
5.41956
7.89392
1.3112
5.73553
2.28132
2.99696
3.48177
1
8.28376
4.95074
4.24329
2.88772
2.51369
3.12547
4.74037
2.3529
5.23156
1
2.58285
4.3042
1.4793
2.43229
3.70536
1.62
6.41683
1
6.34356
1.38747
3.87806
1.3349
4.3643
8.77017
3.87774
4.42253
4.27302
4.32893
1.4793
5.31133
3.65247
3.45822
3.79756
1.75794
6.11862
4.99595
4.75812
1.3349
11.4428
3.93256
3.51064
1.3992
1.56293
3.79807
3.99612
8.77017
3.87774
4.42253
4.27302
3.91222
2.53948
4.80049
3.16967
3.70363
2.16127
1.51121
2.26139
3.26216
5.51122
0.0543463
3.48673
3.75873
7.59907
1.98423
1.96271
4.17441
1.7318
5.01047
3.38095
7.32618
1.5619
2.90038
4.99669
6.33264
3.9553
2.53948
1.64511
4.26418
3.24622
2.81404
1.7318
5.17543
8.42546
1.25696
2.37513
3.63318
4.83366
3.10395
2.76156
2.78184
5.33441
2.28132
2.99696
2.81404
7.06792
1.11569
1.56292
1.94906
1.96936
5.59091
1.10068
4.2137
3.25686
8.12735
1.10079
4.91944
0.607748
3.97179
5.28765
6.33264
4.32767
1.4793
2.43229
5.10137
2.28132
2.99696
5.14048
2.92221
5.60786
1
3.70773
4.37472
6.98436
1.44892
12.1927
5.32193
4.23549
6.36923
7.31288
1.16765
4.49672
4.63006
1
4.94583
0.607748
2.92365
7.4119
2.92815
2.66082
2.22887
8.23727
4.86834
4.27278
1.75043
3.76291
3.54992
2.88416
1
3.99612
2.83943
13.1989
4.87915
4.27248
1.62
1.36716
2.87416
3.14958
3.75286
4.70239
9.57968
5.47328
3.42478
2.91629
2.92365
1.93179
11.4428
3.93256
3.98868
2.83945
1
2.16127
1
3.51328
3.48098
5.98098
4.7196
2.28132
2.99696
5.82188
2.47113
3.87806
6.19909
1
3.70536
2.53948
1.64511
4.26418
3.24622
6.07088
2.12106
4.37472
2.55979
3.48177
2.14207
8.28376
4.95074
4.24329
2.88772
2.51369
3.12547
4.74037
2.3529
5.23156
1
2.58285
4.3042
1.4793
2.43229
3.64389
5.97292
2.4063
5.93471
9.20747
5.52925
4.61667
1.75043
3.63798
4.96355
9.17284
5.57202
3.9349
6.43463
3.10563
3.7805
1
13.5493
2.13191
4.2199
5.37504
4.75489
5.50551
0.607748
2.92365
6.90105
3.57266
4.39035
2.22887
3.48098
1
3.56883
4.75238
4.868
2.15408
3.8444
2.51369
3.12547
5.59813
3.21005
10.4247
1.1412
5.32602
8.80413
3.93256
5.70858
2.95785
9.06393
7.14466
4.43045
5.46269
9.50339
2.63459
6.10553
6.24345
1.86083
7.4954
0.103416
3.69546
0.67603
5.92485
0.553875
4.22726
1.16765
3.03918
7.13076
3.16057
7.20484
4.86834
3.42478
4.07847
5.58117
1.3349
4.32893
1.4793
2.43229
5.10137
2.28132
2.99696
6.07088
2.12106
2.5502
5.23127
1.8499
1.46114
4.34691
1.97363
5.00451
3.25686
8.12735
1.10079
9.67433
2.19771
2.36696
1
3.98868
3.33453
5.4752
1.88856
7.06546
11.4393
5.35755
2.72056
4.69625
3.33453
6.09669
5.12543
8.59246
3.19046
6.20587
12.3966
11.236
2.66051
5.66065
0.0275554
1.79573
0.658158
5.02807
1.10696
1.34515
5.82963
1.71051
3.08775
5.98098
3.33107
2.53948
1.64511
3.21317
1.69892
3.57715
2.31548
3.37959
1
7.44074
4.86834
1.92184
1
5.97292
3.95929
4.17705
5.55789
2.87339
3.75159
1.7318
1.16765
4.60844
4.76877
1.48962
4.21575
6.04985
0.122163
3.29929
5.97292
3.95929
5.09001
2.12106
1
3.49142
1.3992
2.49625
3.14958
1.45775
1.51121
3.51328
4.06103
1.92496
3.87437
2.08125
5.22906
2.95531
4.02714
5.5715
4.14505
10.7713
4.30639
4.66025
5.89077
3.33107
4.03197
2.4324
1.59229
0.373503
3.01282
1.52864
6.02952
4.86834
1
5.82963
1.88856
10.7379
6.27146
3.8618
4.13863
1.7318
1.16765
3.40868
4.15279
1.3349
2.88011
1.7318
6.63223
1.37223
3.69429
2.55805
2.90038
4.99669
0.982834
2.65856
3.16035
3.40868
4.15279
1.3349
2.88011
5.97292
3.95929
5.16257
2.92221
5.60786
1
3.70773
4.37472
4.6102
1.3349
5.76586
6.78398
5.97265
2.06931
2.72376
10.7428
4.67894
7
6.30378
4.5476
1.52864
4.12827
1
4.94583
0.607748
2.92365
6.90105
3.57266
4.39035
2.22887
3.48098
1
5.09001
2.12106
4.37472
2.55979
5.70128
3.09875
2.82733
2.30203
3.06902
5.48331
1.05359
5.60786
3.16967
10.2107
4.30639
3.0458
1
3.78185
3.54992
2.68071
6.29125
3.5518
4.08385
4.15697
3.53602
2.48959
3.098
1.51121
2.26139
8.32253
1.38683
1
2.12106
6.79237
1.34515
4.59385
1.4793
2.43229
5.10137
2.75685
3.76334
1.75043
3.91222
2.53948
4.80049
3.16967
3.70363
2.16127
1.51121
2.26139
3.26216
1
5.86176
0.0275554
1.79573
0.658158
1
0.607748
2.92365
6.63223
3.42392
3.2908
4.66973
1.7698
2.19471
3.76392
4.78258
3.50538
3.79807
3.56883
4.08217
5.16444
2.28132
2.99696
5.14048
2.92221
5.60786
1
3.70773
4.37472
2.55979
5.30922
1.69714
3.75112
11.1555
5.30378
3.26748
3.21723
5.16444
1.64973
3.70465
6.08874
3.31822
7.77273
2.43209
3.19785
5.16826
4.63006
1.75043
3.37641
5.08438
1
3.90783
3.95247
4.0765
5.17824
3.99825
1.75043
5.07737
1.10696
1.34515
4.03859
3.54992
1.98007
2.82696
2.18179
4.17441
5.97292
3.95929
3.78185
2.22595
5.08206
3.79016
11.7753
7.74819
2.8111
4.57154
6.7628
1.85248
3.97179
4.54874
4.9657
0.0543463
3.5507
2.83945
4.0765
5.17824
1.34515
5.22906
2.95531
4.02714
5.5715
4.14505
10.7713
4.30639
4.66025
5.89077
4.17705
5.97292
3.95929
4.17705
5.55789
2.87339
5.7222
8.76463
6.56478
5.43741
7.33985
7.20484
4.86834
6.17967
0.122163
3.10094
0.0275554
1.79573
0.658158
3.22555
4.10627
3.82186
1.64511
1
4.15697
1.51121
2.26139
2.44814
1
1.45775
1.51121
2.26139
3.16327
3.64389
1.7318
1.16765
3.40868
5.58433
3.14973
4.72803
3.48177
3.10336
2.69968
4.70615
6.28465
0.122163
14.3447
8.29002
8
8
2.70904
3.28356
5.0449
0.0275554
9.88277
3.94753
9.05257
8
4.08746
3.75873
6.33264
3.9553
2.53948
1.64511
3.63318
4.83366
3.10395
2.76156
2.78184
5.38035
1
3.75112
11.1555
5.30378
3.26748
3.21723
6.07088
2.12106
4.37472
2.55979
5.16444
2.73593
2.62116
3.95247
11.4944
4.30639
3.0458
1
5.44835
1.10696
1.34515
4.11415
2.42226
3.21529
3.94685
3.69312
2.76156
12.109
4.70044
5.43741
1
1.32458
4.37128
2.55979
3.66066
2.42226
3.04823
4.26418
5.05601
1.83076
5.34008
1.40305
2.6409
10.3217
1.10558
6.006
4.99595
1
3.76169
2.54449
2.70904
3.28356
5.70227
2.12106
1
2.55979
4.23248
2.83943
4.5124
2.79595
6.94604
3.16967
10.2107
4.30639
3.0458
1
0.584963
5.97292
3.95929
4.17705
5.55789
2.87339
5.89504
1
1.32458
1
4.93641
13.735
7.78136
7.30378
5.99624
1.11159
3.10094
0.0275554
1.79573
0.658158
3.64389
1.7318
1.93179
5.26905
2.28132
2.99696
4.23248
2.99978
3.19256
6.50678
2.78809
3.44488
6.06862
0.0275554
1.79573
0.658158
5.60208
1.71051
2.0094
9.73332
5.88264
3.26748
3.21723
2.81404
5.97292
3.95929
3.78185
2.22595
5.08206
3.69485
10.9511
3.98055
2.8111
4.57154
1
2.76156
2.78184
4.82684
1.4793
2.43229
3.70536
11.7753
7.74819
2.8111
4.57154
6.7628
1.85248
3.97179
4.54874
6.39173
1.28622
4.13863
1.7318
1.16765
4.49672
2.79437
5.82963
1.71051
4.63261
3.41435
3.40627
3.70536
2.75821
4.70399
2.4063
5.93471
3.6722
1
5.0449
0.0275554
1.79573
0.658158
3.64389
5.55789
2.87339
3.36806
2.83945
3.19115
3.16035
3.31093
2.44814
4.05993
3.44488
3.88768
0.67603
12.729
5.09452
1.90199
4.39368
1.94059
1
4.25953
1.83076
1.96936
5.59091
3.27014
6.38382
4.86834
1
4.15954
2.54449
2.70904
3.28356
5.33441
2.28132
2.99696
5.14048
2.92221
5.60786
1
3.70773
4.37472
2.55979
3.76169
2.54449
7.41589
7.41133
6.64283
4.70044
3.26748
3.21723
3.66066
1.3992
2.49625
6.96384
4.21128
1.71253
1.86779
7.93353
3.52823
5.33853
1.10696
1
4.03859
3.54992
1.98007
2.82696
2.18179
4.17441
5.55789
2.87339
5.40961
3.21933
1
0.584963
1.805
3.28356
3.7036
1.62
2.00539
3.92082
2.33741
2.8549
1.92496
3.87437
6.04985
0.122163
3.5507
2.83945
4.0765
5.17824
1.34515
5.22906
2.95531
4.02714
5.5715
4.14505
10.7713
4.30639
4.66025
5.89077
4.7196
2.28132
2.99696
4.23248
2.65608
3.75286
12.2672
4.54273
4.42253
7.44294
3.40868
4.15279
3.43785
3.19115
0.760811
2.88011
5.97292
3.95929
4.97173
6.31741
6.65632
2.69449
4.11243
1.75043
13.0751
6.29155
4.29956
7.40088
2.72977
2.9675
4.70615
3.99825
6.76794
0.953915
3.49137
7.47352
1.84917
1.6027
5.95643
1
5.35744
1
4.64288
2.65608
4.99942
2.87339
3.70278
4.78258
7.03611
0.122163
3.29929
3.46886
3.26618
2.05218
0.800511
4.09546
5.03435
2.79437
4.17441
5.97292
3.95929
4.27875
0.67603
12.729
5.09452
1.90199
6.79237
4.59777
2.30609
1.40305
2.71634
5.54684
3.23784
3.81331
1.81401
4.33143
1.4793
2.43229
5.10137
2.28132
2.99696
3.66066
4.96355
9.17284
5.57202
3.9349
6.43463
3.10563
1.52864
2.70198
6.07088
2.12106
2.5502
5.23127
1.8499
1.46114
4.34691
1.97363
5.00451
3.25686
8.12735
1.10079
4.27937
1.4793
2.43229
5.02807
2.23107
4.78518
3.26804
2.56102
5.73324
1.32714
6.80629
0.0737452
4.80652
1.4793
3.44209
1.16765
3.40868
6.94604
4.53257
2.70198
1
5.55789
2.87339
1
7.87586
1
3.15369
3.94685
3.69312
9.79329
1.38683
10.5816
0.288657
4.23549
4.78427
5.04439
8.13004
4.25989
3.8444
3.21387
1
4.17441
5.55789
2.87339
3.85622
3.19055
3.81999
5.44226
12.7584
4.53051
3.42403
4.70615
1
4.17441
3.46886
3.07915
3.50585
7.93353
6.45423
3.29851
4.90936
2.81404
1.7318
1.16765
4.49672
4.63006
1
5.19308
3.21933
2.3774
9.4017
1.805
2.91629
2.92365
1.93179
3.76291
2.22595
5.56882
5.39464
2.87339
3.38164
6.29567
0.0275554
1.79573
9.86712
4.84442
3.20452
6.66001
3.28492
5.97292
9.96281
1.60081
1.57498
4.97544
3.7791
3.30041
4.84442
8.12735
1
0.584963
0.415037
2.92365
3.95247
5.00451
3.26483
4.07968
4.53494
9.37279
1.85042
4.13863
1.7318
1.16765
4.49672
4.63006
1
4.94583
0.607748
2.92365
7.4119
2.92815
2.66082
2.22887
8.23727
4.86834
4.27278
1.75043
5.07737
1.10696
3.99825
1.75043
4.3643
2.83943
7.84135
6.58914
1.16765
2.89351
1
3.00235
1
5.85076
0.0275554
1.79573
0.658158
3.70536
4.03197
3.85929
9.86712
2.13874
1
5.42516
1.69714
3.75112
3.83031
3.4956
2.78184
3.85163
2.14207
3.38095
1.51121
2.22833
7.91759
4.66819
1.92184
3.57053
9.68629
4.76939
4.0163
7.3837
3.26442
7.0013
3.52823
1
1.7318
1.16765
3.40868
2.33334
5.14048
2.92221
5.60786
1
3.70773
4.37472
5.61643
0.0737452
3.10094
0.0275554
1.79573
0.658158
3.64389
1.7318
1.93179
5.26905
2.28132
2.99696
3.76169
1.62
2.00539
3.92082
4.01799
1.87725
2.71634
3.24622
4.33143
1.4793
2.43229
3.22555
4.30375
7.02188
1
5.85076
0.0275554
1.79573
0.658158
5.60208
1.71051
5.46269
4.23248
2.20158
4.49448
2.05695
2.89351
1.68314
5.42631
4.86834
1.92184
5.30402
0.607748
2.92365
7.4119
2.92815
2.66082
2.22887
8.23727
4.86834
4.27278
1.75043
3.91222
2.54449
1.61866
3.4226
2.34906
3.57333
5.59091
4.52984
4.35252
1.75043
2.88011
5.97292
3.95929
4.17705
5.55789
2.87339
3.9553
11.7753
7.74819
2.8111
4.57154
6.7628
1.85248
3.97179
4.54874
4.9657
0.0543463
3.48673
4.08217
5.16444
2.75685
3.76334
1.75043
5.19308
2.42897
1.68314
2.0585
3.58638
4.02714
3.68953
7.70176
2.16127
1.51121
5.08315
4.63006
1.75043
3.63798
1.3992
1.56293
6.35484
0.553875
2.34447
7.32618
1.5619
5.35744
1.04497
3.51513
3.59704
2.694
2.62116
6.73693
1.28622
5.28145
2.12106
4.37472
2.55979
3.48177
2.22595
3.711
1.18735
0.800511
5.48331
2.36862
5.32529
1.10068
5.55837
2.16127
7.32618
1.5619
2.90038
1
4.33143
1.4793
2.43229
5.13312
2.59505
3.21205
3.60193
2.65608
5.0408
5.01047
3.90783
1.93179
1
2.83945
4.0765
1.79087
4.20892
0.607748
4.83366
1
14.5174
6.22882
7.02237
7.30378
3.12547
2.81404
1.7318
1
0.584963
2.12106
8.5182
4.93641
4.05731
7.59249
4.6874
3.43529
2.14697
6.54714
4.64288
2.83943
13.1989
4.87915
5.79604
0.607748
2.92365
6.63223
1.37223
4.18626
3.65247
5.58433
1
4.06805
12.2093
2.71621
4.2199
5.37504
4.75489
5.50551
0.607748
2.92365
6.90105
3.57266
4.39035
2.22887
5.89524
1.75992
3.66271
2.75821
0.800511
4.78258
3.02856
4.17441
5.55789
2.87339
4.64297
6.78398
5.97265
11.3478
7.7879
5.41504
7.33985
3.02352
4.88242
1
5.22906
2.95531
4.02714
5.5715
4.14505
10.7713
4.30639
4.66025
5.89077
3.56883
2.82942
5.3013
4.79212
5.55837
3.76392
4.09546
2.6247
3.16327
4.3042
1.4793
2.43229
6.29567
0.0275554
1.79573
5.77966
0.0757709
4.07267
2.54449
2.70904
3.28356
3.04322
11.5825
3.98413
3.27231
4.07847
6.80629
0.0737452
11.7597
0.288657
4.23549
6.9542
7.30378
2.99696
5.30922
1.69714
6.34478
1
0.584963
0.415037
0.321928
0.263034
10.6768
6.73471
3.26748
3.21723
3.76169
2.53948
1.64511
4.26418
3.24622
4.33143
1.4793
3.44209
6.90105
3.6722
5.73324
1
4.18995
3.69571
1.75794
2.37513
6.66001
3.28492
1.7318
1.16765
3.40868
4.15279
1.3349
5.27551
2.92221
5.60786
1
3.70773
4.37472
4.6102
1.3349
2.88011
1.7318
1
4.3643
2.83943
13.1989
4.87915
3.51064
1.3992
2.49625
3.46099
2.65795
2.26591
12.2093
5.04439
8.91588
0.0737452
3.29929
1.7318
6.63223
1.37223
3.69429
2.55805
2.90038
4.99669
6.79561
3.97689
1.45775
1.51121
2.26139
3.16327
3.70536
1
2.70904
9.50161
1.19555
1.79573
1
5.60208
1.71051
8.12565
2.49683
6.79604
0.0275554
1.79573
0.658158
5.60208
1.71051
4.63261
3.41435
1
2.78184
5.70227
2.12106
1
2.55979
3.76169
2.54449
2.70904
3.28356
3.7036
2.53948
1
3.16967
3.70363
2.16127
1.51121
2.26139
13.3523
2.71621
4.2199
4.50057
6.3837
2.7449
3.67958
5.84477
8.75921
0.368802
1.79573
0.658158
3.64389
5.55789
2.87339
5.40961
3.21933
1
0.584963
1.805
3.28356
4.82684
1.4793
2.43229
3.70536
11.7753
7.74819
2.8111
4.57154
6.7628
1.85248
3.97179
4.54874
1.3349
5.07737
1.10696
1.34515
4.17441
1.7318
1
6.26776
2.12106
6.79237
1.34515
4.59385
1.4793
2.43229
5.10137
2.75685
3.76334
1.75043
4.3643
8.77017
3.87774
4.42253
4.27302
3.63798
1.3992
2.49625
1
0.584963
0.415037
2.6239
5.51122
0.0543463
3.5507
3.54992
1.98007
2.82696
2.18179
4.17441
5.97292
3.95929
9.30633
0.935342
7.32364
5.3147
1
4.32149
2.14207
2.58285
4.3042
1.38315
3.52881
9.89822
1.75246
2.65443
3.99825
2.05695
3.03918
3.57715
1.52864
3.04823
5.10155
3.50538
3.79807
3.99612
8.77017
3.87774
4.42253
4.27302
4.32893
1.4793
2.43229
8.57659
5.93782
5.8679
2.86129
2.37147
1.98828
3.87814
2.42226
4.12827
7.14846
6.42201
1.75043
2.88011
5.97292
3.95929
4.17705
1.7318
6.63223
2.22744
10.8558
4.76939
4.0163
7.3837
1.44892
3.01775
1.44072
3.81558
2.55979
4.74037
3.33166
1
4.86425
7.42019
3.30378
2.8111
3.74147
2.48959
9.63902
5.88671
7.42626
4.30518
2.09598
3.70307
2.26139
3.26216
5.51122
0.0543463
4.07267
2.54449
2.70904
3.08827
2.93181
5.65865
4.87725
9.74483
6.07682
3.84938
1.4793
2.43229
5.10137
2.28132
2.99696
3.48177
3.54992
2.48304
2.43209
3.70363
7.4614
4.84442
8.12735
1
3.64515
1.7318
6.63223
2.22744
10.8558
4.76939
4.30581
5.04439
2.03074
2.99696
4.33143
1.4793
2.43229
5.465
6.78398
5.97265
2.06931
2.72376
2.82696
3.02352
10.6768
6.73471
3.26748
3.21723
4.23248
8.77017
3.07039
5.35213
4.59352
3.2074
1.52864
5.70679
0.0737452
3.46973
1
1.85248
8.30974
3.19046
6.29567
0.0275554
1.79573
0.658158
3.64389
1.7318
1.16765
3.40868
2.33334
2.81404
1.7318
1
0.584963
2.12106
4.37472
2.55979
8.9266
0.288657
4.23549
5.9542
7.32193
3.79101
1.36716
6.86986
1.93238
1.68994
2.33741
5.74956
3.16967
10.2107
4.30639
3.0458
1
3.99612
2.83943
13.1989
4.87915
3.81876
1.7318
6.63223
1.37223
0.800511
2.71634
3.00235
9.52192
2.80266
6.006
4.86834
1
0.584963
13.4597
2.85599
4.2199
4.50057
6.3837
10.5816
0.288657
4.23549
6.36923
7.32193
2.0094
7.3854
4.10121
3.94813
6.02063
4.49448
1.75043
4.32893
1.4793
2.43229
6.20587
2.12106
1
4.93641
1
0.736966
9.4017
1.805
3.28356
5.0449
0.0275554
1.79573
0.658158
5.42516
2.42897
1.68314
1
0.584963
6.26776
2.12106
4.37472
2.55979
3.66066
3.19055
3.81999
5.44226
8.32103
10.0661
6.73471
3.26748
3.21723
3.48177
3.54992
1.98007
2.82696
2.18179
4.15954
4.03197
3.85929
9.86712
2.13874
1
5.00702
0.607748
4.83366
2.55805
6.82163
3.1547
5.14193
3.52823
5.0449
0.0275554
2.03652
10.0399
2.77162
7.72013
6.91965
2.30609
1.40305
2.71634
5.54684
3.23784
3.81331
1.81401
3.76169
2.53948
1.64511
4.26418
3.24622
2.81404
6.88713
1.51336
1.8383
1.88228
4.06103
6.66001
4.78974
0.607748
4.83366
1
14.5174
6.22882
7.02237
7.30378
4.75812
4.9657
0.0543463
5.36029
2.42897
1.68314
2.0585
3.58638
4.02714
3.68953
7.70176
2.16127
1.51121
5.08315
2.79437
3.57053
4.08217
3.48177
2.22595
5.08206
4.97779
1.5817
10.5582
2.09664
4.80047
1.3992
1.56293
3.79807
5.09001
2.12106
1
0.584963
5.55789
2.87339
5.19059
2.75687
6.38382
4.86834
1
13.2698
5.87652
3.9349
6.43463
1.7698
3.2074
3.68872
3.40627
4.3042
1.4793
2.43229
4.78839
2.97983
0.672623
1
4.53257
4.12827
7.14846
6.42201
1.75043
11.4428
3.93256
3.51064
1.3992
1.56293
3.79807
5.09001
2.12106
4.37472
2.55979
5.30922
3.91964
10.215
1.93238
4.1914
2.31548
4.71425
3.25686
8.12735
1.10079
3.95903
2.83943
13.1989
4.87915
4.51064
4.16996
2.68736
2.14697
2.70904
3.08827
2.93181
3.48098
2.51842
2.26139
13.3523
2.71621
4.2199
5.37504
4.75489
3.29929
3.46886
3.26618
2.13161
2.23514
3.01282
1.52864
6.50613
1.75992
10.5816
0.288657
4.23549
6.36923
7.31288
1.16765
3.31093
1
5.42516
2.42897
1.68314
2.0585
3.58638
4.02714
3.68953
7.70176
2.16127
1.51121
5.08315
2.79437
4.17441
1.7318
1
6.26776
2.12106
8.5182
4.69162
2.56847
4.6568
5.16826
2.79437
1
5.97292
3.95929
4.7196
2.75685
3.76334
1.75043
3.91222
2.53948
4.80049
3.16967
3.70363
2.16127
1.51121
2.26139
3.26216
1
2.88011
5.97292
3.95929
4.7196
2.75685
3.76334
1.75043
5.86176
0.0275554
1.79573
0.658158
3.57171
2.14207
2.58285
3.71291
1.3992
1.56293
3.2133
1.80955
4.54016
4.13457
5.39258
0.658158
3.64389
1.7318
1.16765
3.03918
5.01493
2.60121
2.44904
2.07408
2.37513
1
0.584963
5.55789
2.87339
5.28408
1.64973
3.70465
6.08874
3.31822
7.77273
2.43209
3.19785
5.16826
2.79437
5.22906
9.21147
1.2428
4.13863
1.7318
1.16765
3.40868
4.02714
6.02063
4.49448
1.75043
3.63798
1.3992
1.56293
6.35484
3.24317
3.90396
4.91818
1.69892
7.59249
2.16127
3.53602
3.21387
1
6.15433
2.12106
8.5182
4.93641
3.21933
2.3774
9.4017
1.805
3.28356
4.3019
2.97983
9.51057
4.70044
8.02237
7.30378
0.122163
3.10094
0.0275554
1.79573
0.658158
5.02807
1.10696
1.34515
5.30402
1
2.92365
6.63223
3.42392
3.2908
4.66973
2.48959
2.43229
3.22555
4.08217
3.88768
0.67603
12.729
5.09452
1.90199
6.79237
4.59777
2.30609
1.40305
2.71634
5.54684
3.23784
3.81331
4.74735
0.0737452
3.29929
5.97292
3.95929
5.09001
2.12106
6.79237
1.34515
4.11415
2.42226
4.56754
0.982834
5.71867
2.16127
1.51121
2.26139
6.66111
0.0757709
3.10094
0.0275554
1.79573
0.658158
3.70536
2.54449
3.38743
2.30609
3.75112
7.32618
1.5619
2.90038
4.99669
6.79561
3.97689
1.45775
1.51121
2.26139
3.16327
3.57171
10.756
5.88264
4.85244
7.37504
2.75685
2.18179
5.82963
1.71051
2.96915
10.5328
4.11548
8.59246
8
4.2199
5.37504
4.75489
3.48673
9.68629
4.76939
4.0163
7.3837
3.40268
10.6979
1.03637
5.42119
2.3015
4.40967
1
5.14653
4.02067
2.50415
3.08775
3.8444
4.53467
1.75669
3.00235
5.98098
4.69162
1.71051
2.0094
7.3854
4.10121
2.99696
1
3.54992
8.79705
3.0387
3.32488
2.52866
5.10137
2.28132
4.46654
1.3349
5.26905
1.64973
5.56244
2.77162
3.21927
1.88228
6.94604
3.16967
5.35744
1.04497
2.22986
2.6239
1.93179
4.32893
1.4793
2.43229
3.57171
2.22595
5.08206
5.31989
2.42897
1.68314
5.96788
1
12.6528
3.21594
7.72451
1.5693
10.5816
0.288657
4.23549
6.36923
7.31288
1.93179
4.32893
1.38315
5.563
9.58183
5.29278
5.70044
5.75489
5.06771
6.08711
3.85622
1.3992
1
3.46099
4.70131
1.64511
4.26418
4.79439
6.66001
5.33441
2.75685
2.18179
6.51492
0.0275554
1.79573
0.658158
4.95384
1.5817
4.234
4.33907
4.49448
1.75043
2.88011
5.97292
3.95929
4.7196
2.75685
3.76334
1.75043
3.91222
2.53948
4.80049
3.16967
3.70363
2.16127
1.51121
2.26139
3.26216
1
5.27551
2.92221
5.60786
1
3.70773
4.37472
7.4909
4.86834
4.27278
1.75043
3.63798
1.3992
1.56293
3.79807
4.7196
2.75685
2.18179
6.51492
0.0275554
1.79573
0.658158
4.95384
1.32519
6.9002
3.23298
4.49448
1
2.88011
5.97292
3.95929
4.7196
2.75685
3.76334
1.75043
3.76291
2.22595
3.711
1.18735
0.800511
5.48331
2.36862
5.32529
1.10068
5.55837
2.16127
1.51121
2.26139
3.26216
1
3.37641
4.08217
5.16444
2.28132
2.37513
5.99058
3.25088
1.96271
4.15954
4.3414
1.8526
8.92597
4.35642
4.63517
0.122163
4.07267
2.75821
0.800511
4.78258
3.02856
1
10.756
5.88264
4.85244
5.79008
3.10336
5.49323
2.62956
4.94664
4.33907
4.49448
1.75043
5.86176
0.0275554
1.79573
0.658158
3.64389
5.55789
2.87339
5.40961
4.05731
8.61802
6.28471
6.54714
4.59385
1.4793
2.43229
3.71291
10.9511
4.46597
4.73064
7.45943
7.01437
2.07408
4.46654
1.3349
3.63341
0.67603
12.729
5.09452
1.90199
4.39368
2.6239
1
5.86176
0.0275554
1.79573
0.658158
3.57171
2.14207
2.58285
3.22555
4.25953
1.83076
1.96936
5.59091
3.27014
3.15369
5.98098
3.78185
3.54992
2.88416
1
4.7196
2.28132
4.46654
1.3349
4.3643
2.99978
3.19256
6.50678
2.78809
4.93001
9.42148
1.51245
5.14199
2.75685
3.76334
1.75043
5.26905
1.64973
3.70465
6.08874
3.31822
7.77273
2.43209
3.19785
5.16826
4.63006
1.75043
3.37641
5.08438
1
3.90783
3.95247
4.0765
5.17824
3.99825
1.75043
5.19308
11.735
3.58096
9.08321
8.11374
7.31288
8
8
4.2199
5.37504
4.75489
3.29929
3.46886
3.26618
2.13161
2.23514
3.01282
1.52864
6.50613
1.75992
4.13863
5.55789
2.87339
4.74566
8.77017
3.07039
5.35213
4.59352
3.2074
3.7805
4.01217
4.59385
1.38315
3.2074
3.68872
3.40627
6.29567
0.0275554
1.79573
0.658158
5.60208
1.71051
8.12565
2.49683
6.79604
0.0275554
1.79573
0.658158
3.57171
2.14207
8.28376
4.95074
3.48207
7.84725
1
3.28492
1.7318
1.16765
4.60844
4.76877
1.48962
3.52881
3.31912
3.8444
3.21387
1
4.17441
1.7318
1.16765
3.40868
2.33334
5.14048
2.92221
5.60786
1
3.70773
4.37472
2.55979
2.81404
3.46886
3.26618
2.05218
0.800511
2.6409
3.92082
4.01799
1.45775
1.51121
3.51328
3.45822
1
4.74566
2.20158
3.46666
1.95847
5.563
0.736338
1.35972
1.52864
3.21529
3.8444
3.21387
1
5.60922
1.64973
5.52501
3.32722
2.13377
2.71634
4.53492
3.24773
1.45775
1.51121
2.26139
3.16327
5.10137
2.75685
3.76334
1.75043
5.19308
4.05731
7.59249
4.6874
3.43529
2.14697
1.61866
1.75043
4.32893
1.4793
2.43229
3.71291
1.3992
2.49625
6.96384
4.14505
4.27943
3.4864
5.95643
3.16967
10.2107
4.30639
3.0458
1
3.49142
1.3992
1.56293
3.79807
4.7196
2.28132
2.99696
6.06862
0.0275554
2.03652
10.0399
2.77162
7.72013
2.08125
11.8548
3.93256
5.27248
2.28132
2.99696
3.88768
0.67603
12.729
5.09452
1.90199
6.79237
4.59777
2.30609
1.40305
2.71634
5.54684
3.23784
3.81331
1.81401
3.76169
2.53948
1.64511
4.26418
3.24622
5.14048
1.5817
1.46114
1
3.85163
2.83945
3.86045
4.45984
2.65608
12.603
4.62936
3.77032
4.07847
3.24622
5.16444
2.28132
2.99696
2.81404
7.06792
1.11569
1.56292
1.94906
1.96936
5.59091
1.10068
4.2137
3.25686
8.12735
11.4306
1.71006
5.05802
2.95531
4.02714
5.5715
4.14505
10.7713
4.30639
4.66025
5.89077
4.93641
1.69714
3.75112
3.53602
4.53467
6.64283
4.11548
2.8111
3.654
5.85076
0.0275554
1.79573
0.658158
1
0.607748
2.92365
6.63223
3.42392
3.2908
4.66973
2.48959
2.87667
2.78184
1
4.08217
5.16444
2.28132
2.99696
3.76169
1.62
4.08385
2.73408
4.95074
4.24329
1.22287
3.51328
2.33334
4.23248
8.77017
3.87774
4.42253
4.27302
3.37641
4.25953
3.86119
10.13
2.558
2.90038
3.31912
2.51842
2.26139
11.3523
1.14342
8.94934
8.29002
8
8
2.70904
3.28356
5.0449
0.0275554
9.88277
3.94753
3.16993
6.74819
3.54992
1.98007
2.82696
2.18179
5.60922
2.28132
2.99696
4.23248
2.99978
3.21927
1.88228
8.23727
1.10079
4.27937
1.4793
2.43229
3.70536
2.53948
4.80049
3.16967
3.70363
2.16127
1.51121
2.26139
3.26216
1
4.94583
1
3.97179
7.13955
3.06721
1.96355
5.35744
1.04497
3.51513
4.9368
5.98098
3.56883
4.08217
5.16444
2.28132
2.99696
5.14048
2.92221
5.60786
1
3.70773
4.37472
13.4682
