171
8
8
1.8415
4.97717
3.42006
4.29153
1.38886
4.56455
3.03345
5.10532
4.22437
2.16419
4.79915
2.26774
1
6.42582
4.30541
3.16099
1
5.39653
5.30443
9.53722
5.62623
5.38685
1.38886
4.79915
1
1.8415
4.0726
4.11099
5.21778
2.46538
6.18322
1
5.4273
1
4.0767
3.15085
2.98606
5.77894
2.88892
6.04591
7.17749
9.5652
6.75013
5.892
0.0943134
5.78588
6.6921
1.83404
4.4452
2.26774
1.8415
5.61726
2.82723
7.34829
2.46538
6.18322
7.3443
2.94429
0.836151
4.03485
1.06029
3.05051
6.10373
2.04954
3.05051
6.6921
1.83404
4.6428
3.03345
5.10532
4.22437
2.16419
5.38084
1.2554
5.83216
3.67503
4.69768
6.46096
0.792394
8.02011
6.6921
1.83404
12.411
4.35114
6.95226
1.91359
0.397309
2.26774
1
4.97717
3.42006
4.29153
1.38886
6.42664
3.34806
4.21079
8.12941
5.78703
2.93529
3.45089
2.87789
6.78243
1
4.56455
3.19659
6.94373
2.45943
1
5.98203
1
0.736966
0.584963
5.91751
4.10479
4.96285
3.03482
6.66448
1.44171
4.25986
2.26774
1.8415
7.87213
3.18391
6.99855
5.12748
2.89988
1
5.68715
4.6145
6.66321
4.04439
8.29948
3.68247
2.55306
9.5652
1.01557
3.67644
3.42006
4.29153
1.38886
4.64289
3.86486
1
4.63717
2.00191
5.63692
7.08504
6.32528
2.93529
3.45089
4.27587
5.57616
1.38886
4.79915
5.32856
3.9096
10.8246
5.80405
5.04221
5.32265
6.5654
3.98355
3.0017
6.09364
4.33494
0.0943134
5.26504
1
3.50417
3.56881
7.64342
2.27821
5.16777
1.46492
4.44453
6.01964
4.05408
4.51204
3.45089
2.87789
1.52857
4.0726
3.85928
7.43274
10.869
2.3058
9.95674
9.16541
2.67397
1.3164
10.6391
2.05428
9.08481
1.09954
1.73974
3.09534
5.10148
4.62226
4.9591
6.02881
4.2713
4.04606
8.10995
5.07714
4.44413
5.47491
0.560389
8.02011
6.10373
2.70268
2.44181
3.13224
3.0818
4.85128
4.2713
4.55592
4.77452
5.75733
3.98355
3.0017
1.25982
5.96869
6.10373
2.70268
2.44181
5.81057
10.9553
7.97908
4.90074
6.17659
3.74712
3.50655
5.83724
1
3.0818
5.30443
6.86479
2.93529
5.28305
1.33495
7.48173
4.10681
1.60789
4.73549
4.6145
8.32479
1.85148
1.69383
3.76963
1.18896
1
3.67644
3.20678
5.39408
8.74441
3.2637
7.71246
5.51041
7.35143
11.9263
3.02748
7.04696
4.10681
1.60789
4.77416
4.30541
9.12799
1.42409
0.397309
2.26774
1
5.96869
7.15217
6.29141
3.72163
4.61558
5.56642
4.68182
4.17991
1
4.9264
5.49116
6.19838
4.14129
2.37124
8.32479
2.33065
6.58195
1.74758
6.10412
0.64656
2.79732
6.71689
7.1676
5.65153
4.13046
9.12717
5.51041
1.38886
8.83831
1.77705
6.58195
1
0.584963
1.20395
1.73572
14.9051
3.16993
2.45066
5.52356
5.892
0.0943134
5.09328
3.20705
7.64342
5.25683
2.92416
4.9193
1
5.77655
4.35734
3.03345
5.10532
4.22437
2.16419
4.79915
2.26774
1
7.48173
4.10681
4.7987
1.04619
3.61874
2.26058
6.5234
6.76487
6.50779
5.16694
2.52506
6.87484
0.0730635
4.4853
2.83312
1
2.74713
3.96972
3.91545
9.23202
6.21594
3.09601
10.8957
0.929222
5.68715
4.6145
6.66321
4.88685
8.50084
2.08029
6.2074
5.24793
6.50333
5.22927
0.678487
8.02011
7.15217
1.20395
3.71822
4.46212
6.53889
3.99228
7.97728
5.11067
3.2637
7.71246
5.51041
1
4.56455
3.03345
5.74999
1
4.1479
4.33242
7.038
5.6865
1.38886
3.05051
6.10373
2.70268
2.1418
4.36055
2.46538
1.73476
3.79534
3.28569
1
2.93333
4.22953
6.64185
6.75013
6.63871
0.678487
12.6051
8.20945
8
8
6.27791
3.92571
7.88264
4.98726
3.67644
3.42006
1
0.584963
3.15085
2.98606
6.08495
6.49185
7.75616
8.89752
7.46344
3.488
12.7177
5.49185
7.53916
5.72247
3.03482
2.9461
5.91751
2.32646
4.39482
7.19926
5.61697
4.13046
3.99415
1.13079
3.13224
4.71782
3.18391
1.54577
5.74183
3.20705
7.80746
7.33713
3.55029
3.36884
8.24748
4.22953
6.64185
1.01557
6.29102
6.6921
1.83404
4.4452
2.26774
6.68557
3.03482
6.66448
3.31487
6.00279
6.17135
3.13912
5.5014
1
3.71383
2.26774
1.8415
7.48173
4.10681
4.7987
1.04619
9.43744
2.18655
7.88387
9.42087
4.94802
4.7987
1.04619
3.36543
3.15085
2.98606
4.30304
5.77727
2.61172
1
4.29329
6.6921
1.83404
4.46456
4.11099
5.21778
2.46538
6.18322
1
5.4273
1
4.25986
2.26774
1.8415
5.61726
2.82723
7.34829
2.46538
6.18322
7.3443
2.94429
0.836151
4.03485
1.06029
4.62595
2.8697
5.63859
2.34836
5.44333
1
4.28484
4.29329
7.15217
1.20395
1.73572
7.15018
6.3438
4.94307
0.0416604
4.79673
3.05274
3.39708
4.80871
3.52483
4.32528
8.36518
1.31951
4.74896
4.80871
3.60945
5.08037
5.40163
5.65964
6.76487
5.18587
4.36306
1.96714
1
12.6391
1.09954
1.28705
3.05504
1
4.10479
1
5.56642
5.11067
1
4.8243
3.82986
4.9542
3.90402
6.24413
4.23825
2.94429
0.836151
3.16805
1.44171
1
7.15217
1.20395
3.71822
5.30443
6.86479
5.72379
5.45447
5.004
1
4.95191
2.69742
6.3406
6.76487
5.92283
4.32495
4.49185
1.96138
5.39253
3.05274
3.68472
1.06029
5.53917
3.20705
3.84524
9.7292
3.07719
4.5698
7.72294
2.82749
4.19401
8.12941
2.30479
1.56941
5.88094
5.70252
2.04954
3.80735
3.15085
2.98606
4.30304
5.77727
2.61172
1
5.30279
3.05274
3.39708
3.36543
3.15085
9.53085
2.16156
4.14899
7.34797
0.786917
5.96122
3.42006
4.29153
1.38886
6.15957
4.6145
5.47316
7.33494
4.02257
2.34089
1.69748
5.81057
6.64185
6.75013
1
4.79915
2.26774
1
4.97717
3.05274
3.68472
1.06029
6.42664
2.32646
3.50417
7.1953
2.77052
4.70469
4.04606
4.47398
1
6.42664
1
6.44846
9.16491
5.73954
3.72973
5.63859
1.06029
3.05051
7.15217
1.20395
6.59351
3.34806
4.21079
8.12941
5.78703
2.93529
3.45089
2.87789
6.78243
1
0.584963
0.155398
8.40484
5.72792
7.44294
3.53657
2.97513
4.63021
4.99556
1.06029
5.56232
3.9964
3.12288
7.1565
4.10479
2.69574
3.76963
1.18896
0.575909
2.53335
4.99556
1.06029
3.05051
7.15217
1.20395
6.73518
4.10681
4.7987
1.04619
5.91751
2.32646
3.50417
7.1953
2.77052
4.70469
4.04606
1
3.0818
3.51063
3.94107
6.49957
2.75282
4.28484
3.61874
2.26774
1.8415
5.96869
7.15217
4.72332
3.04111
9.6472
4.97346
5.04803
10.5214
1.5518
8.40484
2.72792
4.92057
5.76893
4.74549
6.44195
2.51815
3.78822
0.859471
3.77975
2.26774
1.8415
4.68633
3.60945
4.17991
2.89747
3.96279
2.61172
7.7492
1.44171
5.68715
4.6145
1
7.33494
4.02257
2.34089
1.69748
5.81057
6.64185
6.75013
1
6.42664
2.32646
3.53285
3.31937
6.43353
6.14167
4.29583
8.36739
4.18948
3.96121
5.22304
5.47316
4.82398
0.678487
5.96122
3.05274
3.39708
9.43744
2.18655
7.88387
9.42087
4.94802
4.7987
1.04619
4.71782
1
1.54577
3.36543
3.15085
2.98606
6.08495
4.4549
9.88253
5.61697
1
0.584963
9.5652
1.01557
2.91878
5.76893
6.8395
3.41825
7.07779
2.84946
2.41138
1.44171
4.44589
6.6921
1.83404
4.42419
2.83312
4.77344
3.8821
2.24659
7.67832
5.2282
1
5.74183
3.20705
3.84524
9.7292
3.07719
6.22905
1.33495
4.42109
2.26774
1
4.97717
3.05274
3.39708
4.80871
3.52483
4.93137
5.50017
5.81057
2.63865
3.75087
2.26774
1
5.61726
3.34806
4.21079
8.12941
5.78703
2.93529
3.45089
2.87789
6.78243
4.82398
0.678487
6.23003
5.33983
5.19456
4.22817
5.56192
4.13046
9.12717
1.55979
3.71383
2.26774
1.8415
5.96869
6.6921
2.54039
5.5014
1
1.38886
4.64289
4.0824
10.3133
6.86419
1
6.94404
4.10681
4.7987
1.04619
4.65076
4.6145
6.66321
4.88685
8.50084
2.08029
6.2074
5.24793
4.28484
4.29329
7.15217
1.20395
1
6.6921
1.83404
5.03016
5.30443
6.86479
5.72379
5.45447
5.004
1
10.2452
1.09954
1.28705
3.05504
4.42109
4.08071
5.48113
8.59689
6.94588
3.90402
6.7587
6.6921
1.83404
4.27143
7.15217
4.72332
3.04111
9.6472
4.97346
8.633
3.02748
6.40651
1
4.62544
2.69377
3.50911
4.96873
5.01302
8.56061
4.82398
0.678487
8.02011
7.15217
1.20395
3.79534
3.51365
4.73266
6.19721
1
3.5502
7.84917
0.231598
4.13331
4.65945
7.88196
4.61768
6.75013
1.38886
5.38084
3.42006
1
1.38886
1
7.15217
6.29141
3.72163
4.61558
5.56642
4.68182
4.17991
1
3.05051
7.15217
1.20395
4.88746
3.42006
4.29153
1.38886
12.097
1.09954
1.28705
3.05504
4.97717
3.05274
3.39708
9.43744
2.18655
7.88387
9.42087
4.94802
4.7987
1.04619
4.99089
3.90042
1.55979
5.43418
1
3.53285
6.2665
5.42626
4.98299
8.7564
6.27791
3.90402
7.98109
4.6145
0.836151
2.13782
9.46459
3.82073
4.22203
4.9542
2.16275
1.76407
3.96972
3.91545
9.23202
6.21594
3.09601
6.07132
3.04709
5.50458
3.97551
1.38031
4.73549
4.6145
1
4.88685
8.50084
2.08029
6.2074
5.24793
6.50333
5.22927
1.86734
7.10482
3.94996
4.29153
1.38886
6.15957
4.6145
5.47316
7.33494
4.02257
2.34089
1.69748
5.81057
6.64185
6.75013
1
4.9264
5.49116
0.575909
1
0.584963
14.9051
7.45533
2.56119
2.45418
5.74701
3.19659
10.2167
3.63472
5.24351
2.32646
4.39482
8.37823
3.76979
6.34678
5.10148
3.2637
6.65696
5.41656
7.2532
5.47316
4.33494
0.0943134
5.26504
4.10479
2.69574
5.50458
3.44671
4.35734
1.61465
1.69247
5.9163
1.78408
3.11714
0.859471
6.73518
4.10681
1.60789
1
6.847
3.96868
5.004
1
2.58149
2.37622
3.94107
5.32953
2.87789
1.52857
7.87213
4.44694
1
0.584963
3.79922
6.29102
7.15217
1.20395
6.73518
4.10681
4.7987
1.04619
3.36543
1
4.73266
5.8839
5.004
6.11621
1
7.15217
1.20395
1
6.6921
1.83404
11.674
1.09954
1.28705
3.05504
4.97717
3.42006
4.29153
1.38886
4.64289
3.86486
1
4.63717
2.00191
5.63692
7.08504
6.32528
2.93529
3.45089
4.27587
5.57616
1.38886
10.4781
2.05428
5.42184
3.05274
3.39708
3.95912
3.91545
7.64706
4.52669
2.69574
6.55592
3.1964
6.58195
1.74758
1.95544
5.13271
2.27821
2.49516
3.35712
3.61874
2.26774
1.8415
4.97717
3.42006
4.29153
1.38886
6.42664
3.34806
4.21079
8.12941
5.78703
2.93529
3.45089
2.87789
6.78243
1
1.68153
10.9822
1
0.584963
4.63021
4.99556
1.06029
8.79587
3.18391
3.64879
0.859471
5.74701
3.50911
10.0622
2.86736
4.28622
1
4.22953
6.64185
1.01557
6.29102
7.15217
1.20395
4.88746
3.42006
4.29153
1.38886
6.31756
10.6494
6.06369
7.48382
2.84768
4.43393
7.09502
4.17991
1.38886
8.45319
3.10801
2.50794
2.56053
14.9051
3.16993
2.45066
5.52356
6.63871
11.0272
5.54689
1.8415
4.97717
3.42006
4.29153
1.38886
4.56455
3.03345
5.10532
4.22437
2.16419
4.79915
2.26774
1
6.42582
4.30541
3.16099
1
5.39653
5.30443
9.53722
5.62623
5.38685
1.38886
4.79915
1
1.8415
4.0726
4.11099
5.21778
2.46538
6.18322
1
5.4273
1
4.0767
3.15085
2.98606
5.77894
2.88892
6.04591
7.17749
9.5652
6.75013
5.892
0.0943134
5.78588
6.6921
1.83404
4.4452
2.26774
1.8415
5.61726
2.82723
7.34829
2.46538
6.18322
7.3443
2.94429
0.836151
4.03485
1.06029
3.05051
6.10373
2.04954
3.05051
6.6921
1.83404
4.6428
3.03345
5.10532
4.22437
2.16419
5.38084
1.2554
5.83216
3.67503
4.69768
6.46096
0.792394
8.02011
6.6921
1.83404
12.411
4.35114
6.95226
1.91359
0.397309
2.26774
1
4.97717
3.42006
4.29153
1.38886
6.42664
3.34806
4.21079
8.12941
5.78703
2.93529
3.45089
2.87789
6.78243
1
4.56455
3.19659
6.94373
2.45943
1
5.98203
1
0.736966
0.584963
5.91751
4.10479
4.96285
3.03482
6.66448
1.44171
4.25986
2.26774
1.8415
7.87213
3.18391
6.99855
5.12748
2.89988
1
5.68715
4.6145
6.66321
4.04439
8.29948
3.68247
2.55306
9.5652
1.01557
3.67644
3.42006
4.29153
1.38886
4.64289
3.86486
1
4.63717
2.00191
5.63692
7.08504
6.32528
2.93529
3.45089
4.27587
5.57616
1.38886
4.79915
5.32856
3.9096
10.8246
5.80405
5.04221
5.32265
6.5654
3.98355
3.0017
6.09364
4.33494
0.0943134
5.26504
1
3.50417
3.56881
7.64342
2.27821
5.16777
1.46492
4.44453
6.01964
4.05408
4.51204
3.45089
2.87789
1.52857
4.0726
3.85928
7.43274
10.869
2.3058
9.95674
9.16541
2.67397
1.3164
10.6391
2.05428
9.08481
1.09954
1.73974
3.09534
5.10148
4.62226
4.9591
6.02881
4.2713
4.04606
8.10995
5.07714
4.44413
5.47491
0.560389
8.02011
6.10373
2.70268
2.44181
3.13224
3.0818
4.85128
4.2713
4.55592
4.77452
5.75733
3.98355
3.0017
1.25982
5.96869
6.10373
2.70268
2.44181
5.81057
10.9553
7.97908
4.90074
6.17659
3.74712
3.50655
5.83724
1
3.0818
5.30443
6.86479
2.93529
5.28305
1.33495
7.48173
4.10681
1.60789
4.73549
4.6145
8.32479
1.85148
1.69383
3.76963
1.18896
1
3.67644
3.20678
5.39408
8.74441
3.2637
7.71246
5.51041
7.35143
11.9263
3.02748
7.04696
4.10681
1.60789
4.77416
4.30541
9.12799
1.42409
0.397309
2.26774
1
5.96869
7.15217
6.29141
3.72163
4.61558
5.56642
4.68182
4.17991
1
4.9264
5.49116
6.19838
4.14129
2.37124
8.32479
2.33065
6.58195
1.74758
6.10412
0.64656
2.79732
6.71689
7.1676
5.65153
4.13046
9.12717
5.51041
1.38886
8.83831
1.77705
6.58195
1
0.584963
1.20395
1.73572
14.9051
3.16993
2.45066
5.52356
5.892
0.0943134
5.09328
3.20705
7.64342
5.25683
2.92416
4.9193
1
5.77655
4.35734
3.03345
5.10532
4.22437
2.16419
4.79915
2.26774
1
7.48173
4.10681
4.7987
1.04619
3.61874
2.26058
6.5234
6.76487
6.50779
5.16694
2.52506
6.87484
0.0730635
4.4853
2.83312
1
2.74713
3.96972
3.91545
9.23202
6.21594
3.09601
10.8957
0.929222
5.68715
4.6145
6.66321
4.88685
8.50084
2.08029
6.2074
5.24793
6.50333
5.22927
0.678487
8.02011
7.15217
1.20395
3.71822
4.46212
6.53889
3.99228
7.97728
5.11067
3.2637
7.71246
5.51041
1
4.56455
3.03345
5.74999
1
4.1479
4.33242
7.038
5.6865
1.38886
3.05051
6.10373
2.70268
2.1418
4.36055
2.46538
1.73476
3.79534
3.28569
1
2.93333
4.22953
6.64185
6.75013
6.63871
0.678487
12.6051
8.20945
8
8
6.27791
3.92571
7.88264
4.98726
3.67644
3.42006
1
0.584963
3.15085
2.98606
6.08495
6.49185
7.75616
8.89752
7.46344
3.488
12.7177
5.49185
7.53916
5.72247
3.03482
2.9461
5.91751
2.32646
4.39482
7.19926
5.61697
4.13046
3.99415
1.13079
3.13224
4.71782
3.18391
1.54577
5.74183
3.20705
7.80746
7.33713
3.55029
3.36884
8.24748
4.22953
6.64185
1.01557
6.29102
6.6921
1.83404
4.4452
2.26774
6.68557
3.03482
6.66448
3.31487
6.00279
6.17135
3.13912
5.5014
1
3.71383
2.26774
1.8415
7.48173
4.10681
4.7987
1.04619
9.43744
2.18655
7.88387
9.42087
4.94802
4.7987
1.04619
3.36543
3.15085
2.98606
4.30304
5.77727
2.61172
1
4.29329
6.6921
1.83404
4.46456
4.11099
5.21778
2.46538
6.18322
1
5.4273
1
4.25986
2.26774
1.8415
5.61726
2.82723
7.34829
2.46538
6.18322
7.3443
2.94429
0.836151
4.03485
1.06029
4.62595
2.8697
5.63859
2.34836
5.44333
1
4.28484
4.29329
7.15217
1.20395
1.73572
7.15018
6.3438
4.94307
0.0416604
4.79673
3.05274
3.39708
4.80871
3.52483
4.32528
8.36518
1.31951
4.74896
4.80871
3.60945
5.08037
5.40163
5.65964
6.76487
5.18587
4.36306
1.96714
1
12.6391
1.09954
1.28705
3.05504
1
4.10479
1
5.56642
5.11067
1
4.8243
3.82986
4.9542
3.90402
6.24413
4.23825
2.94429
0.836151
3.16805
1.44171
1
7.15217
1.20395
3.71822
5.30443
6.86479
5.72379
5.45447
5.004
1
4.95191
2.69742
6.3406
6.76487
5.92283
4.32495
4.49185
1.96138
5.39253
3.05274
3.68472
1.06029
5.53917
3.20705
3.84524
9.7292
3.07719
4.5698
7.72294
2.82749
4.19401
8.12941
2.30479
1.56941
5.88094
5.70252
2.04954
3.80735
3.15085
2.98606
4.30304
5.77727
2.61172
1
5.30279
3.05274
3.39708
3.36543
3.15085
9.53085
2.16156
4.14899
7.34797
0.786917
5.96122
3.42006
4.29153
1.38886
6.15957
4.6145
5.47316
7.33494
4.02257
2.34089
1.69748
5.81057
6.64185
6.75013
1
4.79915
2.26774
1
4.97717
3.05274
3.68472
1.06029
6.42664
2.32646
3.50417
7.1953
2.77052
4.70469
4.04606
4.47398
1
6.42664
1
6.44846
9.16491
5.73954
3.72973
5.63859
1.06029
3.05051
7.15217
1.20395
6.59351
3.34806
4.21079
8.12941
5.78703
2.93529
3.45089
2.87789
6.78243
1
0.584963
0.155398
8.40484
5.72792
7.44294
3.53657
2.97513
4.63021
4.99556
1.06029
5.56232
3.9964
3.12288
7.1565
4.10479
2.69574
3.76963
1.18896
0.575909
2.53335
4.99556
1.06029
3.05051
7.15217
1.20395
6.73518
4.10681
4.7987
1.04619
5.91751
2.32646
3.50417
7.1953
2.77052
4.70469
4.04606
1
3.0818
3.51063
3.94107
6.49957
2.75282
4.28484
3.61874
2.26774
1.8415
5.96869
7.15217
4.72332
3.04111
9.6472
4.97346
5.04803
10.5214
1.5518
8.40484
2.72792
4.92057
5.76893
4.74549
6.44195
2.51815
3.78822
0.859471
3.77975
2.26774
1.8415
4.68633
3.60945
4.17991
2.89747
3.96279
2.61172
7.7492
1.44171
5.68715
4.6145
1
7.33494
4.02257
2.34089
1.69748
5.81057
6.64185
6.75013
1
6.42664
2.32646
3.53285
3.31937
6.43353
6.14167
4.29583
8.36739
4.18948
3.96121
5.22304
5.47316
4.82398
0.678487
5.96122
3.05274
3.39708
9.43744
2.18655
7.88387
9.42087
4.94802
4.7987
1.04619
4.71782
1
1.54577
3.36543
3.15085
2.98606
6.08495
4.4549
9.88253
5.61697
1
0.584963
9.5652
1.01557
2.91878
5.76893
6.8395
3.41825
7.07779
2.84946
2.41138
1.44171
4.44589
6.6921
1.83404
4.42419
2.83312
4.77344
3.8821
2.24659
7.67832
5.2282
1
5.74183
3.20705
3.84524
9.7292
3.07719
6.22905
1.33495
4.42109
2.26774
1
4.97717
3.05274
3.39708
4.80871
3.52483
4.93137
5.50017
5.81057
2.63865
3.75087
2.26774
1
5.61726
3.34806
4.21079
8.12941
5.78703
2.93529
3.45089
2.87789
6.78243
4.82398
0.678487
6.23003
5.33983
5.19456
4.22817
5.56192
4.13046
9.12717
1.55979
3.71383
2.26774
1.8415
5.96869
6.6921
2.54039
5.5014
1
1.38886
4.64289
4.0824
10.3133
6.86419
1
6.94404
4.10681
4.7987
1.04619
4.65076
4.6145
6.66321
4.88685
8.50084
2.08029
6.2074
5.24793
4.28484
4.29329
7.15217
1.20395
1
6.6921
1.83404
5.03016
5.30443
6.86479
5.72379
5.45447
5.004
1
10.2452
1.09954
1.28705
3.05504
4.42109
4.08071
5.48113
8.59689
6.94588
3.90402
6.7587
6.6921
1.83404
4.27143
7.15217
4.72332
3.04111
9.6472
4.97346
8.633
3.02748
6.40651
1
4.62544
2.69377
3.50911
4.96873
5.01302
8.56061
4.82398
0.678487
8.02011
7.15217
1.20395
3.79534
3.51365
4.73266
6.19721
1
3.5502
7.84917
0.231598
4.13331
4.65945
7.88196
4.61768
6.75013
1.38886
5.38084
3.42006
1
1.38886
1
7.15217
6.29141
3.72163
4.61558
5.56642
4.68182
4.17991
1
3.05051
7.15217
1.20395
4.88746
3.42006
4.29153
1.38886
12.097
1.09954
1.28705
3.05504
4.97717
3.05274
3.39708
9.43744
2.18655
7.88387
9.42087
4.94802
4.7987
1.04619
4.99089
3.90042
1.55979
5.43418
1
3.53285
6.2665
5.42626
4.98299
8.7564
6.27791
3.90402
7.98109
4.6145
0.836151
2.13782
9.46459
3.82073
4.22203
4.9542
2.16275
1.76407
3.96972
3.91545
9.23202
6.21594
3.09601
6.07132
3.04709
5.50458
3.97551
1.38031
4.73549
4.6145
1
4.88685
8.50084
2.08029
6.2074
5.24793
6.50333
5.22927
1.86734
7.10482
3.94996
4.29153
1.38886
6.15957
4.6145
5.47316
7.33494
4.02257
2.34089
1.69748
5.81057
6.64185
6.75013
1
4.9264
5.49116
0.575909
1
0.584963
14.9051
7.45533
2.56119
2.45418
5.74701
3.19659
10.2167
3.63472
5.24351
2.32646
4.39482
8.37823
3.76979
6.34678
5.10148
3.2637
6.65696
5.41656
7.2532
5.47316
4.33494
0.0943134
5.26504
4.10479
2.69574
5.50458
3.44671
4.35734
1.61465
1.69247
5.9163
1.78408
3.11714
0.859471
6.73518
4.10681
1.60789
1
6.847
3.96868
5.004
1
2.58149
2.37622
3.94107
5.32953
2.87789
1.52857
7.87213
4.44694
1
0.584963
3.79922
6.29102
7.15217
1.20395
6.73518
4.10681
4.7987
1.04619
3.36543
1
4.73266
5.8839
5.004
6.11621
1
7.15217
1.20395
1
6.6921
1.83404
11.674
1.09954
1.28705
3.05504
4.97717
3.42006
4.29153
1.38886
4.64289
3.86486
1
4.63717
2.00191
5.63692
7.08504
6.32528
2.93529
3.45089
4.27587
5.57616
1.38886
10.4781
2.05428
5.42184
3.05274
3.39708
3.95912
3.91545
7.64706
4.52669
2.69574
6.55592
3.1964
6.58195
1.74758
1.95544
5.13271
2.27821
2.49516
3.35712
3.61874
2.26774
1.8415
4.97717
3.42006
4.29153
1.38886
6.42664
3.34806
4.21079
8.12941
5.78703
2.93529
3.45089
2.87789
6.78243
1
1.68153
10.9822
1
0.584963
4.63021
4.99556
1.06029
8.79587
3.18391
3.64879
0.859471
5.74701
3.50911
10.0622
2.86736
4.28622
1
4.22953
6.64185
1.01557
6.29102
7.15217
1.20395
4.88746
3.42006
4.29153
1.38886
6.31756
10.6494
6.06369
7.48382
2.84768
4.43393
7.09502
4.17991
1.38886
8.45319
3.10801
2.50794
2.56053
14.9051
3.16993
2.45066
5.52356
6.63871
9.44225
8.46352
1.20395
4.6494
6.10373
2.70268
1
1.52857
4.0726
3.15085
2.79429
4.61581
1.60407
1.4062
10.5562
2.86736
1
6.29102
7.15217
4.72332
3.04111
9.6472
4.97346
4.31107
3.03298
4.39767
3.14338
4.02737
2.07162
6.66676
2.61602
7.038
5.25557
1
5.16742
7.03768
7.21626
5.08898
10.2452
1.09954
1.28705
3.05504
4.79451
1
8.46376
5.36753
3.17324
3.54702
5.83724
3.33929
1.44171
7.65952
4.10681
4.7987
1.04619
9.43744
2.18655
7.88387
9.42087
4.94802
4.7987
1.04619
5.91751
3.34806
2.96221
2.69408
3.80037
3.36543
3.51365
5.16694
2.52506
4.28484
5.91751
3.34806
4.21079
8.12941
5.78703
2.93529
3.45089
2.87789
4.99058
0.64656
1.64942
3.86486
2.61172
4.47398
1.06029
3.05051
9.27706
3.57693
6.74147
3.67303
8.71143
0.834941
2.96221
1.44171
5.34793
3.42006
4.29153
1.38886
4.64289
4.0824
6.81076
7.57449
3.15016
5.22304
5.47316
2.04954
4.79915
2.26774
4.99029
1.83404
1.42064
8.13909
1
6.65105
4.71842
6.43353
4.51204
1.20395
3.77975
2.26774
1.8415
4.97717
3.42006
4.29153
1.38886
5.56232
3.9964
3.12288
7.1565
3.34806
1
4.19481
1
3.50655
5.35931
5.16777
1.46492
3.23566
5.32953
1
6.78243
4.33494
0.0943134
4.79673
3.42006
4.29153
1.38886
5.53917
1
11.2974
3.12776
5.06664
2.70268
1
3.72023
7.6009
2.61143
6.64185
3.96121
5.22304
5.47316
2.04954
4.9264
2.61034
8.68989
4.98995
8.62045
3.488
5.13271
2.27821
2.49516
2.77348
7.27851
3.97551
1.38031
3.96972
3.91545
8.64706
5.98619
3.44525
4.8024
6.32536
4.25665
1
4.74896
4.29329
0.770536
6.14845
6.29495
3.05068
2.96905
3.45089
2.59904
8.1449
0.937329
4.071
5.83724
3.33929
7.27851
3.97551
1.38031
7.99104
3.18391
4.93471
3.84075
2.44181
3.13224
7.31714
1.08543
1
5.55699
3.6978
3.0309
12.5018
3.51658
5.32953
7.04405
6.068
5.59735
7.63662
4.8024
6.32536
5.51041
6.63871
0.678487
5.96122
3.20678
9.15962
6.67243
2.89115
1
3.03298
4.23825
2.94429
0.836151
3.16805
7.27851
3.97551
1.38031
9.07333
2.18655
7.88387
9.42087
4.94802
4.7987
4.99556
1.06029
4.79915
2.26774
1
1.6948
7.15018
6.3438
2.94737
11.4926
1.09954
1.28705
3.05504
4.0726
3.15085
2.98606
4.30304
2.87789
6.04546
6.63021
5.45474
2.67397
7.61102
0.859471
4.88746
3.05274
3.39708
4.65076
4.6145
6.66321
5.57491
8.99023
3.67503
3.13224
5.91751
3.34806
2.96221
2.69408
3.80037
12.6391
1.09954
1.28705
3.05504
4.0726
3.51365
5.16694
2.52506
4.28484
8.62115
4.10681
9.12717
1.55979
3.88264
2.83312
1.14461
6.08339
2.87789
1
5.00139
5.87901
2.82749
7.65344
8.13049
3.36796
5.96869
1
1.20395
3.96972
1
8.64706
7.6433
3.9442
3.54496
2.43402
3.45716
8.75029
2.32666
8.36518
4.85316
4.98726
3.67644
3.05274
3.68472
1.06029
4.56455
3.60945
5.08037
5.40163
5.65964
6.76487
5.18587
4.36306
1.96714
3.68472
1.06029
1
6.10373
5.01302
3.77657
6.26053
8.74483
7.51057
9.45533
7.42626
4.071
5.83724
4.26882
1.06029
4.79915
2.26774
1
3.50355
3.91545
8.64706
3.83067
4.0824
6.81076
7.57449
3.15016
6.52704
1.581
8.17697
6.45943
1.20395
4.6494
6.10373
2.70268
1
1.52857
5.61726
5.40418
2.99354
3.99415
4.27587
1
3.88264
2.61034
3.36796
4.97717
1.2554
6.09364
2.04954
1.68153
8.32512
11.8728
5.26053
3.2637
4.6914
2.32666
3.8821
3.96279
2.466
6.94588
3.90402
5.7587
1
5.71132
12.9821
6.17243
3.70695
4.14176
8.43132
6.17326
5.44531
1.33184
11.3825
9.64055
1.79234
7.52356
4.10681
1.60789
5.35848
3.95128
6.93782
4.28096
7.9542
0.924394
2.83889
6.92091
5.25557
3.71383
2.26774
1.8415
6.14845
3.20705
3.84524
9.7292
3.07719
9.12717
4.28349
6.02881
4.2713
4.04606
8.10995
5.07714
4.44413
4.92629
0.0730635
7.52356
4.10681
4.7987
1.04619
3.61874
3.48227
6.75013
7.23595
1
0.584963
4.79915
2.26774
1.8415
8.70412
2.18655
7.88387
9.42087
4.94802
4.7987
1.04619
10.6391
6.81805
0.688232
5.26504
2.69925
1.80763
3.57457
5.6451
10.6494
6.06369
7.48382
2.84768
4.43393
7.09502
7.4023
0.231598
4.66359
14.6809
3.86942
5.56778
6.35188
5.8686
3.10225
4.76689
3.56881
7.71246
9.0182
5.61471
1.88691
1
4.10681
1.60789
3.71822
5.30443
9.53722
5.62623
6.11621
3.71383
2.26774
1.8415
10.7144
1.09954
1.73974
3.09534
5.10148
4.62226
4.9591
6.02881
4.2713
4.04606
8.10995
5.07714
4.44413
5.47491
0.560389
5.96122
3.20678
9.15962
6.67243
2.89115
1
3.71383
1
4.96898
3.04709
5.50458
3.97551
1.38031
6.73518
4.10681
4.7987
1.04619
3.61874
3.48227
6.75013
7.23595
1
0.584963
4.79915
2.26774
1.8415
5.27572
4.6145
6.66321
4.98995
8.62045
2.45943
2.95192
5.35588
6.4871
0.783778
2.79732
8.32512
7.92379
7.71452
8.86047
5.10532
4.22437
2.16419
4.79915
2.26774
1
4.97717
3.42006
4.29153
1.38886
6.15957
4.6145
5.47316
7.33494
4.02257
2.34089
1.69748
5.81057
6.64185
6.75013
1
6.42664
2.69925
5.38685
7.23595
6.43423
4.8243
7.07779
4.34903
5.81307
1.38886
3.05051
7.15217
1.20395
1
6.6921
1.83404
11.674
3.25604
5.2854
1
0.397309
1
1.8415
5.61726
3.34806
4.21079
8.12941
5.78703
2.93529
3.45089
2.87789
6.78243
1
10.4781
3.35862
2.74526
4.80871
3.50911
1
5.13271
2.27821
2.30479
1.56941
2.53335
5.04522
6.64185
6.75013
5.892
0.0943134
4.79673
3.42006
4.29153
1.38886
5.53917
1
11.2974
3.12776
5.06664
2.70268
1
3.72023
7.6009
2.61143
6.64185
3.96121
5.22304
5.47316
2.04954
7.44088
2.68541
9.37454
5.25873
6.31485
6.55592
2.34395
2.41138
7.27851
3.97551
1.38031
11.4926
1.09954
1.28705
3.05504
1.6948
10.2904
5.75933
6.53496
4.51204
3.45089
1.13079
3.13224
4.29329
7.15217
1.20395
3.96972
1
8.64706
7.6433
3.9442
3.54496
2.43402
3.45716
8.75029
2.32666
8.36518
4.85316
4.98726
3.67644
3.05274
3.39708
3.36543
3.51365
3.11714
5.32953
2.59904
5.99806
7.26507
3.84984
1
3.75087
1
1.8415
4.97717
3.07526
2.26624
11.7999
4.61471
8.21986
6.04591
6.38694
7.23323
5.57616
1.38886
1.68153
6.15185
8.13049
1
4.50712
1.14461
7.71246
5.51041
5.892
0.0943134
4.79673
3.42006
4.56886
10.2452
1.09954
1.28705
3.05504
1
2.32646
3.53285
2.55434
2.69994
7.73987
7.13805
3.0017
4.38722
0.551217
4.51204
3.45089
2.87789
1.52857
5.96869
6.10373
2.70268
2.1418
6.53889
1.98351
3.6044
2.26774
9.53166
4.46917
2.466
6.31064
4.22437
2.16419
4.79915
2.26774
1
4.97717
3.05274
3.39708
1
10.2904
3.40178
6.80436
5.96879
5.13271
2.27821
2.49516
3.35712
3.61874
2.26774
1.8415
5.27572
4.6145
6.66321
4.88685
8.50084
2.08029
6.2074
5.24793
6.50333
5.22927
0.678487
3.34239
2.8697
4.01146
2.371
2.46973
0.152338
2.14564
3.64879
6.49957
4.09627
1
2.59174
0.859471
4.6494
9.27706
5.16189
5.93074
3.42487
4.82169
5.83724
3.68279
12.6391
1.09954
1.28705
3.05504
5.96869
6.10373
5.01302
3.77657
2.69574
4.04606
2.59174
0.859471
3.79534
3.15085
2.79429
6.43353
1
5.79881
1
3.68382
1.44171
7.99114
0.155398
4.6576
5.19771
5.56986
3.53285
3.97551
4.30304
4.27587
11.0519
2.5502
4.67303
3.16794
1.60795
8.30944
3.11777
1
3.99415
4.27587
1
2.91878
2.76014
3.23521
4.8945
3.5502
1.56941
4.30304
2.87789
8.6967
1.95042
5.38467
0.0575967
4.79673
3.05274
3.39708
3.95912
2.61034
9.88253
5.61697
4.13046
4.8519
2.75282
4.28484
5.3842
2.15081
6.79634
8.13049
3.36796
4.42109
2.26774
1
5.61726
2.32646
6.44846
9.16491
5.73954
3.72973
5.63859
1.06029
4.56455
3.03345
5.10532
4.22437
2.16419
4.79915
2.26774
9.53166
3.67503
4.69768
2.13726
2.20849
4.1586
2.52506
6.50333
1.06029
10.4781
2.05428
4.42184
3.15085
1
1.38031
5.74701
3.03345
5.10532
4.22437
2.16419
6.42664
3.34806
4.21079
8.12941
5.78703
2.93529
3.45089
2.87789
6.78243
4.33494
0.0943134
1.68436
6.71689
7.1676
5.97346
2.92232
6.29102
6.10373
1
5.96879
5.13271
2.27821
2.49516
4.45779
1
6.22116
3.34806
2.96221
2.69408
3.80037
4.29329
6.10373
4.88869
9.12842
1.61885
6.08262
7.2532
6.66321
5.57491
5.4273
2.60105
5.34793
3.05274
1
4.29329
12.0243
3.56478
8.53311
3.15987
3.41825
7.07779
3.30012
4.14899
7.26507
1
2.63865
5.19382
4.6145
0.836151
4.22459
2.84394
4.4452
2.26774
1.8415
4.97717
3.05274
3.39708
9.43744
2.18655
7.88387
9.42087
4.94802
4.7987
6.98901
1.90447
3.79882
0.265894
4.6576
5.27171
7.56224
2.70268
4.12458
5.57616
1.38886
6.15957
4.6145
5.47316
7.33494
4.02257
2.34089
1.69748
5.81057
6.64185
6.75013
1
4.9264
5.49116
0.575909
1
5.74701
3.19659
10.2167
3.63472
5.24351
2.32646
3.53285
3.31937
6.43353
6.14167
4.29583
8.36739
4.18948
3.96121
5.22304
5.47316
2.04954
10.4781
2.05428
4.73903
2.83312
7.06101
2.93529
3.45089
1.13079
3.94107
0.859471
4.88746
3.05274
3.39708
3.23521
2.8697
5.63859
8.13049
3.36796
5.61726
3.34806
2.96221
2.69408
3.80037
1
0.584963
4.7987
1.04619
3.95912
2.61034
9.88253
5.61697
4.13046
4.8519
2.75282
4.28484
5.3842
2.15081
6.79634
8.13049
3.36796
4.42109
2.26774
1
5.96869
7.15217
4.72332
3.04111
9.6472
4.97346
5.04803
1.38886
3.80735
4.39767
3.14338
4.02737
2.07162
6.66676
2.61602
7.038
5.6865
10.5214
1.5518
4.67303
3.16794
1.60795
5.18442
4.6145
5.47316
3.03482
5.29133
3.63853
1.69748
3.94107
1
1.73572
4.52894
3.19261
3.42827
6.49957
2.75282
4.28484
4.71782
5.16742
12.5768
3.34147
4.29418
7.23649
2.05428
5.11518
3.6978
9.18795
8.45943
4.28824
1.54577
11.8455
2.87213
6.2384
2.96354
4.80631
1
0.584963
5.09328
3.20705
11.2974
3.12776
5.06664
2.70268
1
3.72023
7.6009
2.61143
6.64185
3.96121
3.1927
4.47398
1.06029
4.79915
2.26774
1
4.97717
3.05274
3.39708
8.62115
4.10681
4.5698
6.23355
1.74758
1.69383
3.76963
4.57969
6.35406
7.26507
3.84984
1
9.58084
1.46066
1.88933
1.58496
8.11991
0.458015
8.79587
4.18391
1
8.15819
5.47573
2.67386
7.80746
0.458015
6.59152
4.7809
7.58996
3.28951
7.48173
10.0375
7.56224
3.88613
12.272
1.09954
1.28705
3.05504
3.39944
3.90042
1.55979
7.14568
3.18391
3.64879
0.859471
6.59351
3.34806
1
0.584963
5.08861
3.50655
5.35931
5.16777
1.46492
5.48124
6.64185
1.01557
6.29102
7.15217
1.20395
1
6.6921
1.83404
4.27143
6.10373
2.70268
5.62746
6.31326
5.86561
3.53737
7.84917
0.231598
5.78588
7.15217
1.20395
6.73518
4.10681
1.60789
3.79534
3.15085
2.79429
6.43353
1
3.45089
1
4.19108
5.76777
3.89324
1
4.26957
1
5.63692
6.19721
1.34429
10.5275
7.29659
4.34983
3.47805
6.59351
5.40418
3.6045
3.5495
1.26202
4.82169
5.83724
5.16694
6.64185
1.01557
7.14568
4.18391
1
7.38802
1.68164
8.02011
6.10373
2.70268
2.44181
4.21586
1
3.05051
6.10373
5.01302
3.77657
6.26053
4.04439
2.49516
4.45779
5.73678
4.40972
3.8821
2.44181
4.21586
1
3.05051
7.15217
1.20395
9.07333
2.18655
7.88387
9.42087
4.94802
4.7987
4.99556
1.06029
7.44088
5.53596
1
3.96926
2.91614
5.40163
5.74891
6.06322
5.94642
4.75339
5.83724
4.26882
1.06029
6.15957
4.6145
5.47316
3.03482
5.29133
3.63853
1.69748
3.94107
1
6.73518
4.10681
4.7987
1.04619
7.82145
2.68541
9.37454
5.25873
6.31485
6.55592
2.34395
7.88387
8.12941
4.22203
4.9542
2.16275
1.76407
3.96972
5.49116
6.01941
5.87821
8.04439
4.39482
5.98203
5.04525
1
2.96905
3.45089
2.87789
4.99058
0.64656
9.05049
4.10681
9.12717
1.55979
3.71383
2.26774
1.8415
4.97717
3.42006
4.29153
1.38886
6.42664
3.34806
4.21079
8.12941
5.78703
2.93529
3.45089
2.87789
6.78243
1
12.097
1.09954
1.28705
3.05504
5.27572
4.6145
5.47316
5.01302
5.80405
5.04221
6.41911
4.00733
4.96898
3.04709
5.50458
3.97551
1.38031
1.73572
2.76014
5.30279
3.05274
3.39708
9.43744
2.18655
7.88387
9.42087
4.94802
4.7987
1.04619
3.0818
4.85128
6.04546
6.63021
5.45474
2.67397
1.3164
5.30279
3.07526
1
11.7999
4.61471
8.21986
6.04591
6.38694
7.23323
5.57616
1.38886
1.68153
6.15185
8.13049
1
4.50712
1.14461
7.71246
5.51041
1
3.75021
3.90042
1.55979
3.88264
5.49116
4.43444
2.8969
4.56886
6.29102
7.15217
1.20395
3.96972
1
8.64706
6.55366
2.82723
7.34829
2.46538
6.18322
7.3443
2.94429
0.836151
4.03485
5.28132
0.0943134
4.4853
2.83312
1
7.71246
1
4.26957
3.51063
5.63692
6.19721
1.34429
10.5275
7.29659
4.34983
3.47805
4.6494
7.15217
1.20395
1
6.6921
1.83404
7.80612
5.66107
7.21702
5.59735
7.63662
2.61143
6.64185
6.35934
0.231598
11.2605
1.09954
1.28705
3.05504
1.6948
10.9822
1.63369
2.96221
7.2532
5.98203
3.45089
2.87789
7.67832
0.551217
4.51204
3.45089
2.87789
1.52857
5.96869
6.10373
2.70268
2.44181
7.93306
1
3.42848
3.95912
2.69721
1.8125
8.75512
5.54247
0.231598
13.1674
8.20945
8
8
1.80763
3.57457
12.8819
1.09954
4.1425
3.20811
10.3498
8
5.10852
6.71689
2.84394
6.22116
3.34806
2.96221
7.2532
1
5.57491
5.4273
2.60105
5.11704
4.85128
6.04546
6.63021
5.45474
2.67397
1.3164
8.62115
4.10681
4.7987
1.04619
5.30279
1.2554
6.09364
4.50712
7.19428
4.9542
2.16275
1.76407
1
3.90042
1.55979
3.03298
1
3.11714
8.16372
2.75184
5.4273
7.75756
5.39194
5.59735
1
4.8024
4.63021
1.04619
3.36543
1
3.33929
2.69408
2.859
6.8395
4.81057
4.2713
4.35611
9.36523
2.82749
6.2384
2.52506
4.28484
5.91751
2.69925
1.80763
3.57457
7.65952
4.10681
4.7987
1.04619
4.80871
3.19659
7.71425
3.73364
3.70838
8.12941
4.22203
4.9542
2.16275
1.76407
4.6494
7.15217
1.20395
1
6.6921
1.83404
4.76472
3.44525
4.8024
1.20395
3.71822
15.4465
7.61471
8
4.68182
1.86427
11.2605
1.09954
1.28705
3.05504
5.96869
6.10373
2.04954
5.38084
3.05274
3.39708
4.80871
3.52483
4.32528
8.36518
1.31951
4.74896
12.6391
1.09954
1.28705
3.05504
7.87213
3.18391
6.99855
8.22551
7.56701
2.67397
1.3164
4.29329
7.15217
1.20395
3.96972
1
8.64706
3.74631
4.11099
5.21778
2.46538
6.18322
1
5.4273
1
4.25986
2.26774
1.8415
5.61726
2.82723
7.34829
2.46538
6.18322
7.3443
2.94429
0.836151
4.03485
5.22927
0.678487
8.02011
6.10373
2.70268
4.12458
3.79922
7.14568
3.18391
4.909
9.23903
3.19937
5.61726
4.10479
2.97513
4.72332
3.04111
6.66448
1.44171
12.8819
1.09954
1.28705
3.05504
5.96869
6.6921
1.83404
4.42419
2.83312
4.77344
3.8821
2.24659
7.67832
5.2282
1
5.74183
3.20705
3.84524
9.7292
3.07719
6.22905
1.33495
1.6948
5.76893
6.8395
3.41825
7.07779
2.84946
4.88387
6.64185
1
5.43418
2.69925
1.80763
3.57457
5.34793
3.05274
1
9.43744
2.18655
7.88387
9.42087
4.94802
4.7987
1.04619
5.91751
2.69925
7.55678
5.44956
3.74084
5.39194
2.67397
1.3164
3.36543
3.15085
2.79429
5.75001
1
6.0618
5.35745
3.67303
0.929222
4.09782
3.90042
1.55979
3.88264
5.49116
4.43444
2.8969
4.56886
6.29102
6.6921
1.83404
5.03016
4.0824
6.81076
7.57449
3.15016
3.57457
6.18842
2.32646
3.50417
7.1953
6.24416
1.69247
5.76777
3.89324
7.84917
0.231598
4.4853
2.83312
1
7.71246
1
4.26957
3.51063
5.63692
6.19721
1.34429
10.5275
7.29659
4.34983
3.47805
4.88746
3.05274
3.39708
4.80871
3.50911
6.14167
7.11686
4.36055
4.22437
6.97154
2.44181
4.21586
7.97003
4.77344
1.18776
3.05051
7.15217
1.20395
6.67803
7.15195
6.35074
2.35101
4.59665
1
6.31756
9.06442
2.99283
8.20945
2.43402
3.45716
8.75512
5.51041
6.63871
1.86734
4.9349
8.21917
7.57559
3.27516
3.42886
8.12941
2.30479
4.7617
4.35734
3.50911
6.06224
3.70044
7.45665
5.50458
6.44053
0.231598
5.78588
9.27706
5.16189
1
2.69574
4.10986
5.48215
3.79922
6.29102
7.15217
1.20395
5.3933
3.20705
3.84524
9.7292
3.07719
9.12717
4.28349
6.02881
4.2713
4.04606
8.10995
5.07714
4.44413
3.35712
3.61874
2.26774
1.8415
4.97717
3.05274
3.39708
3.36543
4.39767
3.14338
4.02737
2.07162
6.66676
2.61602
5.83724
3.68279
8.62115
4.10681
4.5698
6.23355
1.74758
1.69383
3.76963
4.57969
6.35406
7.26507
3.84984
1
3.75087
1
1.8415
3.39944
0.416755
10.2595
2.88115
2.41138
3.31487
0.475348
5.17278
0.0730635
5.22197
2.26774
6.68557
2.70268
2.44181
3.70838
4.74549
3.68279
4.29329
6.6921
1.83404
1.42064
12.49
2.88115
2.48469
8.16372
2.75184
5.89508
0.64656
5.59945
0.155398
4.6576
3.31018
4.76081
4.15284
3.75418
6.49957
3.99174
1.01557
6.29102
6.6921
1.83404
4.46456
3.85928
7.43274
10.869
9.03938
2.89755
3.36535
8.75512
1.55979
6.29102
9.27706
3.57693
6.74147
3.67303
8.71143
0.834941
2.66119
4.29329
6.10373
2.70268
4.12458
5.57616
1.38886
4.64289
4.0824
6.81076
7.57449
3.15016
5.22304
5.47316
2.04954
4.9264
3.91545
9.00963
3.26149
3.70044
1.25982
10.7144
1.09954
1.28705
7.54689
4.61298
2.33038
1.44171
4.44589
7.15217
6.29141
3.72163
4.61558
5.56642
3.90422
5.0367
4.61298
3.84984
1
5.19382
1
5.47316
4.50712
6.35406
11.7172
2.26772
4.71485
6.46096
0.792394
8.02011
6.10373
2.70268
4.12458
5.57616
1.38886
6.15957
4.6145
5.47316
7.33494
4.02257
2.34089
1.69748
5.81057
6.64185
6.75013
1
3.75021
3.90042
5.51041
1.38886
4.56455
3.19659
6.94373
4.02333
2.70268
3.96279
2.61172
2.59174
1
11.4926
1.09954
1.28705
3.05504
1
5.40418
4.17641
7.54689
2.62149
1.8415
5.29485
4.85128
6.04546
5.28305
6.53718
2.60105
3.80509
2.61034
5.96879
3.45089
2.59904
5.99806
9.5652
1.01557
2.91878
14.9051
3.16993
2.60266
6.80735
7.56699
2.68389
0.929222
4.44589
6.10373
2.70268
2.44181
3.13224
9.43744
2.18655
7.88387
9.42087
4.94802
4.7987
6.79356
0.0730635
11.2605
1.09954
1.28705
3.05504
5.96869
6.10373
2.04954
5.38084
3.05274
3.39708
5.91751
2.32646
3.50417
7.1953
2.77052
4.70469
4.04606
1
3.61874
1
1.8415
1.6948
7.15018
6.3438
2.94737
11.4926
1.09954
1.28705
3.05504
7.87213
3.18391
1.54577
4.80871
3.60945
4.17991
2.89747
3.96279
2.61172
4.22953
6.64185
1.01557
4.95191
4.6145
5.47316
7.33494
4.02257
2.34089
1.69748
5.81057
6.64185
6.75013
1
6.42664
2.69925
5.38685
7.23595
6.43423
4.8243
7.07779
4.34903
5.81307
1.38886
3.05051
7.15217
1.20395
1
6.6921
1.83404
6.22116
2.82723
7.34829
2.46538
6.18322
7.3443
2.94429
0.836151
4.03485
5.28132
0.0943134
1.68436
2.76014
5.30279
3.42006
4.29153
1.38886
4.64289
3.86486
1
4.63717
2.00191
5.63692
7.08504
6.32528
2.93529
3.45089
4.27587
5.57616
1.38886
3.80735
1
0.584963
10.3887
3.12776
1.95544
5.13271
2.27821
2.30479
1.56941
2.53335
6.4808
5.30683
6.09364
4.82398
0.678487
9.05049
4.10681
4.7987
1.04619
3.95912
3.91545
7.64706
4.52669
2.69574
6.55592
3.1964
6.58195
3.30012
3.58195
1
5.13271
2.27821
2.49516
3.35712
3.61874
2.26774
1.8415
6.42582
2.4276
4.62544
2.69377
3.50911
4.96873
5.01302
8.56061
1
4.9264
2.83312
1.14461
2.74713
4.73549
4.6145
1
4.88685
8.50084
2.08029
6.2074
5.24793
4.28484
4.29329
6.10373
2.04954
7.16969
4.10681
1.60789
3.71822
5.30443
6.86479
5.72379
5.45447
5.004
1
4.35734
3.19659
10.2167
3.63472
5.34784
4.6145
5.47316
5.01302
3.77657
4.47045
3.67503
7.93306
7.13805
3.0017
11.7786
1.72128
4.67303
3.16794
1.60795
5.18442
4.6145
5.47316
3.03482
5.29133
3.63853
1.69748
6.43594
0.560389
7.85019
4.10479
2.69574
5.50458
3.44671
6.29102
6.6921
1.83404
6.83607
5.53596
7.88623
8.3443
6.27791
5.57779
7.57743
4.9026
4.41459
2.92232
4.26957
3.51063
5.63692
6.19721
1.34429
10.5275
7.29659
4.34983
3.47805
1.73572
8.32512
11.5833
5.08037
3.58195
3.04709
4.10986
3.51889
1.52857
4.42109
2.26774
1
10.7144
1.09954
1.28705
5.04439
0.0762967
5.26504
2.69925
1.80763
3.57457
1.48763
13.49
3.68182
4.35633
3.1927
5.17278
0.0730635
7.34087
0.155398
4.6576
1
4.2059
3.39708
3.0818
4.85128
8.6967
8.74483
2.22781
5.64316
2.8969
4.9026
9.0728
9.16541
2.67397
1.3164
5.91751
3.34806
2.96221
2.69408
3.80037
3.61874
2.26774
6.68557
3.03482
6.66448
3.31487
6.00279
6.17135
3.13912
2.20849
6.08262
1
4.44589
6.10373
2.70268
2.44181
4.21586
1
8.83831
2.18655
7.88387
9.42087
4.94802
4.7987
4.99556
1.06029
3.05051
6.10373
2.04954
4.56455
3.19659
10.2167
3.63472
4.42184
3.15085
2.79429
4.61581
1.60407
1.4062
10.5562
3.49185
5.07584
0.0730635
5.78588
6.10373
5.01302
3.77657
6.26053
4.04439
2.49516
4.45779
6.01964
4.05408
4.51204
3.45089
2.87789
1.52857
5.61726
2.69925
1.80763
11.8669
2.23133
1.28705
1
7.87213
3.18391
11.0993
2.43948
9.08481
1.09954
1.28705
3.05504
7.87213
3.18391
4.909
9.23903
5.4273
2.60105
7.65952
4.10681
4.7987
1.04619
5.91751
2.69925
1.80763
3.57457
6.18842
1
4.21079
8.12941
5.78703
2.93529
3.45089
2.87789
10.8122
1.72128
4.67303
3.08153
2.24511
2.79732
10.2904
4.91803
12.5866
2.40599
1.28705
3.05504
5.96869
6.6921
1.83404
5.03016
4.0824
6.81076
7.57449
3.15016
3.57457
4.25986
2.26774
1.8415
5.61726
2.82723
7.34829
2.46538
6.18322
7.3443
2.94429
0.836151
4.03485
1.06029
3.75021
1
1.55979
1
6.10373
2.04954
7.16969
4.10681
9.12717
1.55979
3.71383
2.26774
1.8415
4.97717
3.42006
4.29153
1.38886
4.56455
3.03345
5.10532
4.22437
2.16419
3.80735
3.15085
2.79429
1
0.584963
6.22905
5.70252
4.33494
0.0943134
4.4853
5.49116
4.43444
2.8969
4.56886
6.29102
7.15217
1.20395
6.32823
1.08543
6.40839
6.47573
4.17393
5.34678
1
3.36796
1
5.32856
3.41259
4.01274
8.06865
2.84774
5.51041
2.89747
3.74712
3.50655
5.83724
3.33929
7.27851
3.97551
1.38031
5.74701
3.03345
5.10532
4.22437
2.16419
4.79915
2.26774
1
10.0623
5.16511
4.4011
3.72855
2.56553
1.93438
3.11048
3.51365
4.26882
8.633
8.60437
1.38886
3.05051
7.15217
1.20395
1
6.10373
5.01302
2.80405
8.08115
3.16993
2.60266
5.22239
1.90447
3.67774
1.12543
4.13233
1.04619
5.3842
3.07996
4.61558
3.80647
6.4285
4.83583
2.46538
5.18322
2.32144
10.0171
6.8505
5.91488
6.76272
3.02148
4.30304
2.87789
6.78243
4.33494
0.0943134
5.26504
2.69925
1.80763
2.58149
2.37622
7.89699
4.45146
8.98299
4.99498
4.08287
2.26774
1.8415
4.97717
3.05274
3.39708
3.95912
5.49116
5.2398
6.04591
5.78703
4.44626
4.61298
3.84984
1
5.47715
6.10373
5.01302
2.80405
8.08115
3.16993
2.45066
5.84549
2.45152
3.39708
3.61874
2.26774
1.8415
6.67626
5.53596
7.88623
3.96926
2.91614
2.8969
4.9026
9.0728
9.16541
2.67397
1.3164
4.80871
3.03345
5.74999
1
4.1479
4.33242
5.83724
5.62637
0.0730635
3.8393
4.23825
2.94429
7.10615
1
10.7144
1.09954
1.28705
3.05504
5.96869
6.10373
2.70268
2.44181
3.13224
4.29329
6.10373
2.04954
7.16969
4.10681
4.7987
1.04619
9.61522
0.155398
4.6576
3.56544
7.85798
7.79961
3.53285
10.989
5.93664
4.45003
6.24416
2.83889
8.12941
4.22203
4.9542
2.16275
1.76407
5.74701
3.19659
10.2167
3.63472
6.76288
6.10373
5.01302
3.77657
2.69574
4.04606
2.59174
10.9082
2.45781
6.2384
6.64185
1
0.584963
11.9844
0.043776
4.67303
3.08153
2.24511
5.59945
0.155398
4.6576
6.93467
6.45943
6.99855
7.13805
1.85106
4.79975
6.61429
4.17991
1.38886
4.79915
1
1.8415
7.48173
4.10681
1.60789
3.71822
4.0824
6.81076
7.57449
3.15016
3.57457
12.8819
1.09954
1.28705
3.05504
5.29485
3.86486
2.61172
4.47398
1.06029
7.16969
4.10681
4.7987
1.04619
3.36543
3.85928
7.43274
10.869
2.3058
9.95674
9.16541
2.67397
1.3164
3.95912
5.49116
4.43444
2.8969
4.56886
5.43418
5.40418
4.17641
7.54689
2.62149
1.8415
5.27572
4.6145
6.66321
4.04439
8.29948
3.68247
5.77259
0.929222
12.8819
1.09954
1.73974
3.09534
5.10148
4.62226
4.9591
6.02881
4.2713
4.04606
8.10995
5.07714
4.44413
3.35712
5.91751
3.34806
2.96221
2.69408
3.80037
4.29329
10.5097
2.33065
4.31892
5.50017
4.19108
1.44171
5.68715
4.6145
6.66321
4.88685
8.50084
2.08029
6.2074
5.24793
6.50333
5.28132
0.0943134
1
3.86486
2.61172
4.63717
2.00191
5.63692
7.08504
6.32528
2.93529
3.45089
4.27587
3.79922
2.91878
2.76014
3.95912
3.91545
8.64706
10.3437
2.86285
7.03012
1.28978
4.76876
3.15085
1
1.38031
6.73518
4.10681
1.60789
4.6494
6.6921
3.70044
8.14115
3.14622
4.88387
6.64185
1
6.05257
11.1348
2.07162
7.98868
4.00733
4.33242
4.30857
3.19937
4.42109
2.26774
1
4.79451
4.12916
0.913298
2.859
4.74549
4.26882
8.633
8.60437
1.38886
10.4781
2.05428
4.42184
3.15085
1
1.38031
6.73518
4.10681
4.7987
1.04619
3.0818
4.65945
11.0519
5.93664
5.08746
5.35931
7.17749
7.26507
3.84984
1
4.83007
3.19659
10.2167
3.63472
1
6.847
3.96868
5.004
1
2.58149
2.37622
3.94107
5.32953
2.87789
10.8122
1.72128
4.67303
3.16794
1.60795
5.78588
9.27706
5.16189
5.93074
3.42487
4.82169
5.83724
5.68492
0.560389
5.59945
0.155398
4.6576
5.27171
7.56224
2.70268
2.24659
1
5.29485
3.86486
2.61172
4.63717
2.00191
5.63692
7.08504
6.32528
2.93529
3.45089
4.27587
3.79922
1
6.10373
2.04954
7.16969
4.10681
1.60789
7.99104
4.44694
3.234
7.23323
3.79922
6.29102
7.15217
1.20395
4.88746
3.42006
4.29153
1.38886
6.42664
3.34806
4.21079
8.12941
5.78703
2.93529
3.45089
2.87789
6.78243
1
3.05051
7.15217
1.20395
4.88746
3.42006
4.29153
1.38886
12.097
1.09954
1.28705
3.05504
3.50355
2.61034
1
4.0726
3.15085
2.98606
6.08495
6.49185
7.75616
8.89752
7.46344
1
5.96869
6.10373
2.70268
3.74712
4.43393
9.20194
5.32597
1.96714
6.08262
1.44171
4.44589
6.6921
1.83404
5.20804
3.07526
2.26624
11.7999
4.61471
8.21986
6.04591
6.38694
7.23323
3.79922
4.26957
11.3591
0.75508
1
6.10373
2.70268
2.44181
5.63692
6.61429
4.17991
1.38886
3.80735
1
0.584963
10.3887
2.67319
4.42276
3.957
5.08861
6.86479
2.93529
5.04525
3.99174
1.01557
6.94404
4.10681
1.60789
3.71822
4.0824
6.81076
7.57449
3.15016
3.57457
4.22013
4.12916
6.21653
5.39194
3.96347
1
0.584963
11.2605
1.09954
1
3.05504
3.39944
3.90042
1.55979
4.95191
4.6145
5.47316
5.01302
5.80405
5.04221
6.41911
2.32144
1.8415
1.6948
2.76014
5.74183
3.20705
3.84524
9.7292
3.07719
9.12717
4.28349
6.02881
4.2713
4.04606
8.10995
5.07714
4.44413
4.92629
0.0730635
5.78588
7.15217
1.20395
6.73518
4.10681
9.12717
1.55979
3.03298
1
3.15064
5.73678
6.56138
2.93529
1
0.584963
5.2921
0.0762967
11.2605
1.09954
1.28705
3.05504
1
0.584963
6.04221
6.02881
6.04546
5.13271
2.27821
2.49516
4.45779
6.01964
4.05408
4.51204
3.45089
2.87789
1.52857
3.50355
4.42771
5.71112
1
4.57202
3.42006
4.56886
7.14568
3.18391
4.02563
7.39825
6.31064
6.92481
3.92283
4.67303
3.16794
1.60795
1.68436
14.9051
3.16993
2.60266
6.80735
7.92379
7.60205
1.74477
3.20735
5.59619
4.01146
2.371
2.46973
0.152338
2.14564
3.64879
6.49957
4.09627
1
2.59174
0.859471
7.99104
3.18391
1
7.13805
1.85106
3.39708
3.95912
5.49116
6.19838
4.14129
2.37124
2.8529
4.97717
3.05274
3.68472
1.06029
5.38084
3.07526
6.34678
5.10148
4.93137
5.50017
3.70838
8.12941
2.30479
1.56941
5.88094
5.70252
2.04954
4.79915
2.26774
1
3.50355
3.91545
8.64706
3.83067
3.86486
2.61172
6.09771
2.51815
11.1993
3.42761
6.77808
0.783778
5.59945
0.155398
4.6576
5.27171
7.56224
2.04954
4.79915
5.32856
8.27884
7.8857
7.38527
6.87036
7.5157
1.6667
2.05899
4.46456
3.15085
2.79429
4.61581
1.8199
1
2.69408
7.7492
1
5.34793
3.42006
4.56886
10.2452
1.09954
1.28705
3.05504
8.70412
2.86285
7.76708
5.03265
4.17991
1
3.05051
7.15217
1.20395
4.88746
3.42006
4.29153
1.38886
6.42664
3.34806
4.21079
8.12941
5.78703
2.93529
3.45089
2.87789
6.78243
1
8.83831
2.18655
7.88387
9.42087
4.94802
4.7987
5.04522
6.64185
6.75013
1
3.80735
3.15085
2.98606
1.38031
4.88746
3.42006
4.56886
10.2452
1.09954
1.28705
3.05504
8.70412
1.77705
8.90388
7.09502
4.17991
1.38886
3.05051
7.15217
1.20395
4.88746
3.42006
4.29153
1.38886
4.9264
3.91545
7.64706
4.52669
2.69574
6.55592
3.1964
6.58195
3.30012
3.58195
1
3.45089
2.87789
6.78243
1
1.68153
2.76014
5.30279
3.05274
6.08262
6.34047
5.28011
2.92232
5.43418
5.48633
2.07909
9.39052
3.49354
5.09398
0.231598
5.26504
4.10479
2.69574
5.50458
3.44671
3.88264
4.42771
5.71112
1
6.05745
2.69721
6.23862
5.12748
11.4886
5.03265
4.17991
1
12.097
1.09954
1.28705
3.05504
5.96869
6.6921
1.83404
5.03016
5.30443
9.53722
5.62623
6.11621
3.71383
2.26774
1.8415
4.0726
4.11099
6.83249
5.30544
6.66534
9.31162
1.96714
3.68472
1.06029
5.53917
3.20705
3.84524
9.7292
3.07719
6.22905
5.70252
2.04954
12.097
1.09954
1.28705
3.05504
3.50355
2.61034
1
0.584963
5.76893
0.736966
3.41825
7.07779
2.84946
2.48469
0.859471
3.96972
5.49116
0.575909
1
4.88746
3.05274
3.68472
1.06029
4.56455
3.52483
4.32528
8.36518
1.31951
4.77197
8.75853
0.191359
4.61873
3.42006
4.29153
1.38886
5.38084
3.07526
2.26624
11.7999
4.61471
8.21986
6.04591
6.38694
7.23323
5.57616
1.38886
1.68153
6.15185
8.13049
1
4.50712
1.14461
7.71246
5.51041
1
4.64289
11.5396
4.45284
11.6556
8.27612
8
8
6.42626
4.67303
3.16794
1.60795
5.78588
9.27706
5.16189
5.93074
3.42487
4.82169
5.83724
5.68492
0.560389
8.02011
6.6921
1.83404
4.6428
3.03345
5.74999
1
4.1479
4.33242
7.038
1
3.71383
5.32856
4.33242
4.30857
3.19937
10.7144
1.09954
1.28705
3.05504
7.87213
3.18391
11.0993
2.43948
9.08481
1.09954
1.28705
3.05504
3.50355
2.61034
9.88253
5.61697
1
2.41602
0.929222
4.44589
6.10373
2.70268
5.62746
6.31326
5.86561
3.41259
3.50758
6.49957
3.99174
1.01557
6.29102
6.10373
2.70268
2.44181
3.13224
9.43744
2.18655
7.88387
9.42087
4.94802
4.7987
1.04619
4.29329
9.27706
5.16189
1
2.69574
4.35611
7.1953
2.77052
4.51204
3.45089
1.13079
4.69768
1
4.6428
3.60945
4.59495
5.60156
8.27884
0.937329
4.071
5.83724
3.11714
6.49957
3.99174
1.01557
3.67644
3.07526
2.5529
2.56933
5.25696
4.04606
5.19217
5.27606
4.51204
3.45089
2.87789
1.52857
4.97717
3.42006
4.29153
1.38886
4.64289
5.30443
6.86479
5.72379
5.45447
5.004
5.38685
1.38886
4.79915
1
1.8415
4.0726
3.15085
2.79429
5.75001
1.34429
4.81323
6.65696
3.42886
8.12941
4.22203
4.9542
2.16275
1.76407
3.79534
3.15085
1
1.38031
1
3.05274
1
12.6391
1.09954
1.73974
3.09534
5.10148
4.62226
4.7617
9.00817
2.05428
5.42184
3.05274
3.39708
5.74183
3.20705
3.84524
9.7292
3.07719
9.12717
4.28349
6.02881
4.2713
4.04606
8.10995
5.07714
4.44413
3.35712
5.91751
3.34806
2.96221
2.69408
3.80037
9.43744
2.86285
1.69383
2.60105
3.80509
2.83312
1
5.11025
3.50911
10.0622
2.86736
4.28622
1
3.80037
5.30279
3.05274
3.39708
4.29329
12.0243
3.56478
8.53311
3.15987
3.41825
7.07779
3.30012
4.14899
7.26507
1
7.51917
1
1.64942
3.51063
5.63692
6.19721
1.34429
10.5275
7.29659
4.34983
3.47805
3.71822
4.85128
6.04546
5.04525
4.09627
3.74084
6.31064
2.46538
1.73476
11.4926
1.09954
1.28705
3.05504
5.27572
4.6145
5.47316
5.01302
5.80405
5.04221
6.41911
2.32144
5.07849
2.60105
1
2.76014
5.30279
3.05274
3.39708
5.91751
2.32646
4.39482
7.19926
5.61697
4.13046
3.99415
1.13079
3.13224
4.80871
3.03345
5.10532
4.22437
2.16419
1.68153
5.76893
9.42087
8.03549
6.38888
2.49516
3.50758
5.32953
2.87789
9.12412
0.415622
9.8125
8.20945
8
8
1.80763
3.57457
12.8819
1.09954
4.1425
3.20811
1.98351
4.78274
5.49116
4.43444
2.8969
4.56886
3.67644
3.05274
3.39708
4.80871
3.52483
4.93137
5.50017
5.81057
2.63865
3.75087
2.26774
1
5.61726
3.34806
4.21079
8.12941
5.78703
2.93529
3.45089
2.87789
6.78243
1
6.15957
4.6145
0.836151
2.13782
9.46459
3.82073
2.30479
1.56941
2.53335
3.18112
0.859471
1.73572
2.76014
5.30279
3.05274
3.39708
9.43744
2.18655
7.88387
9.42087
4.94802
4.7987
15.5815
