175
8
8
8
8
4.11042
5.94642
6.10329
5.47573
4.99247
5.62205
2.8467
6.18322
3.07435
5.32912
2.43063
4.32193
2.35755
4.20945
2.8606
7.72792
5.48382
7.47573
5.10329
7.14466
3.71272
6.57806
5.05889
7.59246
7.46761
8
8
4.99247
3.8147
2.87673
4.10852
6.11894
5.57743
6.98868
2.57878
5.73471
3.43063
5.62205
3.63097
7.62205
5.16189
7.57743
3.8679
7.56224
5.90689
5.89885
4.32193
4.4075
5.40372
6.52356
6.12928
7.98868
5.00643
7.49985
2.53727
5.16323
2.81789
4.92735
2.8467
6.76818
5.7866
5.16189
3.99247
6.18322
4.86419
7.50779
5.90689
5.89885
4.32193
6.57743
7.46761
3.98793
5.24031
5.29278
5.16189
4.99247
5.62205
3.63097
5.62205
2.8467
3.52026
1
4.06111
1
4.52356
4.32193
4.4075
6.40372
5.56986
5.89077
2.53727
5.16323
6.10329
5.47573
3.99247
7.76818
4.34577
7.5157
3.39593
5.59246
2.35755
4.20945
2.30117
4.38606
7.81378
7.46761
4.26053
6.98868
7.46761
8
4.99247
3.8147
2.87673
4.10852
3.4185
6.05889
6.73471
8.44501
6.40372
5.56986
5.89077
2.53727
5.16323
6.10329
5.47573
3.99247
7.76818
4.34577
7.5157
3.39593
5.59246
2.35755
4.20945
2.30117
4.38606
6.81378
7.3966
6.40372
3.39593
7.59246
3.07435
5.32912
5.7866
5.16189
4.99247
3.8147
4.56478
6.5157
3.63097
7.62205
4.02237
4.13614
6.98868
2.35755
5.20945
2.43063
5.1964
3.39593
5.59246
6.9542
6.45943
3.99247
6.18322
3.8679
7.56224
7.46761
7.46761
4.26053
6.98868
7.46761
8
4.99247
3.8147
2.87673
4.10852
6.11894
5.57743
6.40372
3.86942
4.55459
3.4185
4.8365
2.8467
6.18322
3.07435
5.32912
6.9542
6.45943
3.99247
7.76818
3.39593
5.59246
3.77259
6
6.60733
6.45943
4.02237
4.13614
6.98868
2.35755
5.20945
2.43063
5.1964
3.39593
5.59246
6.9542
6.45943
3.99247
6.18322
3.8679
7.56224
4.02237
4.13614
6.40372
3.86942
5.55459
6.9542
6.45943
4.99247
5.62205
2.53727
5.42626
2.43063
5.1964
7.64386
7.78136
6.40372
3.77007
7.55459
2.43063
4.974
3.07435
5.32912
5.7866
5.16189
3.99247
3.52026
2.45623
4.06111
2.30117
5.03814
6.61471
6.72792
7.98868
5.89077
6.46761
3.4185
4.8365
3.63097
3.8147
2.87673
4.10852
6.11894
5.47573
3.99247
6.18322
5.61471
5.47573
4.26053
6.40372
4.70044
7.49985
2.35755
4.62449
2.03148
5.91886
3.86942
7.55459
3.39593
6.59246
6.10329
5.47573
7.57743
7.78136
6.40372
3.70782
6.56224
6.10329
5.47573
4.99247
5.62205
2.8467
6.18322
3.07435
5.32912
2.43063
4.32193
2.35755
4.20945
2.8606
7.72792
7.48382
8
7.61471
7.56986
6.98868
2.35755
3.79442
1
7.69349
7.5157
7.45943
5.90689
7.48382
2.57878
4.27528
6.10329
5.47573
4.99247
7.62205
6.46761
7.45943
6.73471
9.44501
6.25424
5.89077
7.46761
5.49985
7.49185
3.07435
5.32912
5.7866
5.16189
3.99247
6.18322
2.35755
5.47249
2.35755
3.79442
2.81789
4.41278
4.02237
4.13614
6.98868
2.35755
5.20945
2.43063
5.1964
3.39593
5.59246
6.9542
6.45943
3.99247
6.18322
3.8679
7.56224
7.60733
7.49185
7.47573
5.89077
7.90087
7.46761
2.87673
4.88613
3.05889
6.69349
6.81378
7.3966
7.98868
2.45623
4.30212
3.05889
6.69349
6.81378
7.3966
6.98868
6.27922
7.7879
7.46761
8
8
4.99247
3.8147
2.87673
4.10852
6.11894
5.57743
6.98868
4.86419
7.50779
2.53727
5.42626
6.9542
6.45943
3.99247
6.18322
5.61471
7.47573
4.02237
4.13614
6.98868
3.77259
6
5.29278
5.16189
3.99247
7.76818
7.45943
8
2.35755
4.62449
6.11894
5.57743
7.98868
3.86942
4.74723
3.4185
6.05889
2.87673
4.10852
6.11894
5.47573
3.99247
6.18322
2.57878
3.73471
2.8606
5.14296
4.56478
7.5157
5.59246
6.27146
5.40372
6.52356
6.12928
7.98868
3.43063
5.62205
3.63097
3.8147
4.56478
7.5157
5.59246
6.27146
7.98868
5.49985
7.49185
3.07435
5.32912
2.30117
4.03814
3.77259
6
7.49185
8
7.57743
7.45943
4.26053
7.98868
5.89077
6.46761
3.4185
6.05889
4.3147
5.94642
2.43063
7.78136
5.61471
5.89077
5.29278
5.16189
7.57743
7.78136
5.40372
5.7866
5.16189
3.99247
6.18322
3.70782
5.97728
2.43063
4.32193
2.35755
5.47249
2.35755
4.62449
6.11894
5.57743
7.98868
5.49985
7.49185
3.07435
5.32912
2.30117
4.03814
3.77259
6
7.49185
8
7.57743
8
8
7.98868
5.89077
6.46761
3.4185
6.05889
2.87673
4.10852
2.03148
5.3339
5.61471
5.89077
5.29278
5.16189
7.57743
7.78136
7.46761
6.63662
7.45943
2.87673
4.10852
6.11894
5.57743
7.98868
5.49985
7.49185
3.07435
5.32912
2.30117
4.03814
3.77259
6
7.49185
8
7.57743
7.78136
3.71272
6.57806
5.05889
7.59246
7.98868
5.00643
7.49985
3.98793
5.24031
5.29278
5.16189
3.99247
7.76818
3.86942
7.55459
3.8679
7.56224
5.90689
7.48382
6.36923
6.00749
5.40372
6.52356
6.12928
7.98868
6.45943
7.45943
5.16189
7.57743
3.8679
6.56224
4.56478
7.5157
5.90689
7.48382
7.9542
8
6.90087
7.98868
2.45623
4.30212
3.05889
6.69349
6.81378
8.3966
6.46761
2.8467
6.18322
6.11894
5.47573
3.99247
6.18322
3.07435
7.65105
3.77259
7.58496
5.48382
7.47573
7.9542
8
7.49185
6.40372
7.57743
7.93074
7.46761
8
8
4.99247
3.8147
2.87673
4.10852
3.4185
6.05889
6.73471
8.44501
6.40372
5.56986
5.89077
2.53727
5.16323
6.10329
5.47573
3.99247
7.76818
4.34577
7.5157
3.39593
5.59246
2.35755
4.20945
2.30117
4.38606
6.81378
8.3966
7.46761
3.98793
5.24031
5.29278
5.16189
4.99247
5.62205
3.63097
5.62205
2.8467
3.52026
1
4.06111
1
5.52356
6.36923
6.00749
7.98868
3.8679
7.56224
7.46761
8
3.99247
7.76818
3.39593
4.7851
6.52356
7.71425
7.46761
2.53727
5.16323
6.10329
5.47573
3.99247
7.76818
4.64386
7.50779
4.02975
7.53916
6.46761
7.45943
4.56478
6.5157
3.63097
7.62205
4.02237
7.7211
6.46761
2.8467
6.18322
6.11894
5.47573
3.99247
6.18322
3.07435
7.65105
3.77259
7.58496
7.48382
8
7.61471
7.56986
5.40372
6.52356
6.12928
6.98868
2.57878
5.73471
3.43063
5.62205
2.8467
6.18322
2.35755
5.20945
6.9542
6.45943
7.57743
7.78136
5.40372
6.52356
6.12928
6.40372
5.56986
5.89077
2.53727
4.28876
2.03148
3.16398
2.57878
4.92735
2.03148
7.91886
7.45943
8
6.10329
5.47573
4.99247
7.62205
6.46761
7.45943
6.73471
8.44501
6.40372
3.39593
5.27053
6.11894
5.47573
3.99247
6.18322
3.07435
6.65105
5.98489
6.46761
4.02975
7.53916
7.46761
7.83289
6.98868
4.34577
6.5157
5.7866
5.16189
3.99247
6.18322
5.61471
5.89077
7.61471
7.45943
7.5157
8
8
7.46761
8
4.99247
3.8147
2.87673
4.88613
5.10329
5.3373
6.98868
2.35755
5.20945
2.43063
5.1964
3.39593
5.59246
6.9542
6.45943
3.99247
6.18322
3.8679
7.56224
4.02237
4.13614
6.98868
6.11894
5.47573
4.99247
6.62205
1
5.94642
1
4.32193
1
0.807355
5.59246
6.27146
6.98868
2.57878
5.73471
3.43063
5.62205
3.63097
7.62205
5.16189
7.57743
3.07435
4.32912
2.81789
4.41278
7.60733
7.46761
4.26053
4.40372
3.14296
4.82655
6.10329
5.47573
3.99247
7.76818
7.45943
8
4.64386
7.50779
5.90689
5.89885
4.32193
4.4075
6.40372
3.39593
5.59246
2.43063
4.32193
3.77259
6
5.59246
6.27146
7.98868
3.43063
5.62205
3.63097
3.8147
4.56478
7.5157
5.59246
6.27146
6.98868
3.4185
4.8365
2.8467
6.18322
6.11894
5.47573
3.99247
7.76818
5.49985
7.49185
2.03148
6.91886
6.36923
6.00749
6.98868
4.34577
5.93074
3.05889
4.52356
3.77259
6
6.60733
6.45943
4.99247
3.8147
2.87673
6.10852
2.30117
5.52356
7.9542
8
4.26053
5.98868
4.20945
6.52356
3.05889
6.69349
5.56986
5.89077
2.53727
4.57827
2.30117
5.03814
3.70782
5.97728
6.9542
6.45943
4.99247
5.62205
7.89482
6.47573
6.90087
6.98868
2.57878
4.92735
6.11894
5.57743
6.98868
4.86419
6.50779
2.87673
4.10852
6.11894
5.47573
4.99247
5.62205
2.53727
5.42626
2.35755
4.20945
2.30117
4.38606
6.81378
7.3966
6.40372
5.56986
5.89077
2.53727
4.28876
2.03148
3.16398
2.57878
4.92735
6.11894
5.47573
3.99247
7.76818
4.64386
7.50779
6.60733
7.45943
4.56478
6.5157
3.63097
7.62205
4.02237
7.7211
7.46761
2.53727
5.16323
6.10329
5.47573
3.99247
7.76818
4.34577
5.93074
3.77259
6
5.90689
7.48382
6.36923
6.00749
5.40372
5.7866
5.16189
3.99247
7.76818
5.98489
7.46761
3.98793
6.56224
7.49185
8.15482
6.98868
2.35755
3.79442
5.10329
8.14466
6.46761
2.8467
6.18322
2.57878
5.73471
6.9542
6.45943
3.99247
7.76818
7.45943
8
2.43063
7.78136
6.61471
6.72792
6.98868
2.57878
4.92735
6.11894
5.47573
3.99247
7.76818
4.34577
7.5157
4.64386
7.50779
4.02975
7.53916
4.34577
7.52356
7.9542
8
4.26053
4.40372
3.14296
4.82655
6.10329
5.47573
3.99247
7.76818
7.45943
8
4.64386
7.50779
5.90689
5.89885
4.32193
4.4075
6.40372
3.70782
4.75489
6.11894
5.47573
3.99247
7.76818
7.45943
8
3.43063
6.62205
6.73471
8.44501
6.40372
5.56986
5.89077
2.53727
4.57827
2.30117
4.03814
3.77259
6
6.60733
6.45943
4.99247
3.8147
4.56478
7.5157
5.59246
6.27146
6.98868
6.27922
6.7879
6.98868
2.35755
4.20945
2.8606
4.92057
7.5157
8.26209
7.46761
4.02975
6.53916
4.3147
6.53138
6.10329
5.47573
4.99247
5.62205
3.63097
3.8147
2.87673
6.10852
2.30117
5.52356
7.9542
8
4.26053
6.40372
7.57743
7.93074
6.46761
3.63097
5.62205
2.53727
5.42626
6.9542
6.45943
3.99247
7.76818
4.64386
7.50779
7.61471
7.56986
6.98868
3.77259
6
5.29278
5.16189
3.99247
7.76818
7.45943
8
2.35755
4.62449
6.11894
5.57743
6.40372
3.86942
4.55459
2.03148
5.91886
6.64386
7.45943
2.87673
6.10852
5.7866
5.16189
7.57743
7.78136
6.98868
6.27922
6.7879
7.98868
3.86942
4.74723
6.11894
5.47573
4.99247
5.62205
3.63097
3.8147
2.87673
6.10852
6.52356
6.12928
7.98868
6.81378
8.3966
7.46761
4.56478
6.5157
7.48382
7.46761
6.45943
7.45943
6.36923
6.00749
5.40372
6.52356
6.12928
6.40372
3.86942
4.55459
2.03148
6.91886
6.9542
6.45943
4.99247
5.62205
3.63097
3.8147
4.56478
7.5157
5.59246
8.27146
7.46761
7.61471
7.56986
6.98868
2.35755
5.20945
3.43063
7.62205
7.48382
6.73471
7.98868
5.49985
7.49185
3.07435
5.32912
2.30117
4.03814
7.94251
8
4.99247
7.62205
7.49185
7.46761
4.26053
6.40372
7.57743
7.93074
7.46761
4.3147
5.94642
3.43063
6.62205
2.87673
6.10852
2.57878
5.73471
6.9542
6.45943
4.99247
5.62205
2.53727
5.16323
7.56986
8.04985
6.40372
3.70782
4.75489
6.11894
5.47573
3.99247
7.76818
7.45943
8
2.35755
4.62449
6.11894
5.57743
7.98868
2.45623
4.30212
2.81789
5.14975
1
4.88613
6.10329
5.47573
4.99247
3.8147
4.56478
7.5157
5.27053
5.89885
3.63097
7.62205
4.02237
4.13614
6.98868
2.35755
3.79442
5.10329
8.14466
6.46761
2.8467
5.18322
6.10329
5.47573
3.99247
6.18322
2.35755
7.79442
2.45623
4.30212
2.81789
6.73471
7.5157
7.52356
4.26053
5.40372
1
0.584963
6.98868
6.27922
6.7879
6.98868
2.57878
4.92735
3.4185
4.8365
2.8467
3.52026
5.00643
7.49985
2.53727
5.42626
3.43063
5.62205
2.8467
5.44626
6.9542
6.45943
3.99247
6.18322
3.77259
6
1
7.54689
6.36923
7.59246
6.46761
2.8467
7.76818
7.45943
8
2.30117
7.84549
3.86942
6.55459
6.10329
5.47573
4.99247
7.62205
6.46761
7.45943
6.73471
9.44501
6.46761
2.8467
6.18322
2.03148
4.74894
3.07435
5.06609
6.11894
5.47573
3.99247
6.18322
3.70782
5.97728
2.43063
4.32193
2.35755
5.47249
2.35755
4.62449
2.03148
6.91886
6.36923
7.59246
7.46761
6.63662
7.45943
5.29278
5.16189
4.99247
6.62205
1
5.94642
1
0.736966
3.07435
5.06609
8.11894
7.47573
6.90087
7.98868
2.45623
3.59163
3.4185
6.05889
2.87673
4.10852
6.11894
5.47573
4.99247
5.62205
2.53727
4.28876
2.03148
6.91886
6.36923
7.59246
6.46761
2.8467
6.76818
2.30117
5.03814
3.70782
7.56224
2.57878
4.92735
2.03148
4.74894
3.07435
5.32912
2.30117
6.26053
4.34577
6.5157
5.7866
5.16189
4.99247
5.62205
3.98793
5.24031
5.02975
7.49185
3.43063
6.62205
6.73471
8.44501
6.98868
4.34577
6.5157
5.7866
5.16189
3.99247
6.18322
5.61471
5.89077
7.61471
7.45943
7.5157
8
8
7.57743
7.93074
7.46761
8
8
4.99247
3.8147
2.87673
4.10852
6.11894
5.57743
6.98868
2.57878
4.92735
3.4185
4.8365
2.8467
3.52026
5.00643
7.49985
2.53727
5.42626
3.43063
5.62205
2.8467
5.44626
6.9542
6.45943
3.99247
6.18322
3.77259
6
1
7.54689
6.36923
6.00749
6.98868
3.77259
6
5.29278
5.16189
3.99247
7.76818
7.45943
8
2.35755
4.62449
6.11894
5.57743
6.40372
5.56986
5.89077
2.53727
4.28876
3.4185
4.8365
2.8467
6.76818
5.7866
5.16189
4.99247
3.8147
4.56478
7.5157
5.59246
6.27146
6.40372
5.56986
5.89077
2.53727
4.28876
3.4185
7.64386
6.45943
7.45943
6.9542
6.45943
3.99247
6.18322
2.35755
4.20945
2.8606
5.72792
4.02237
7.7211
7.46761
7.61471
7.56986
6.98868
4.86419
4.92283
2.8467
5.44626
3.43063
7.62205
7.5157
8.26209
6.46761
2.8467
6.18322
2.57878
4.92735
2.03148
5.91886
5.7866
5.16189
4.99247
7.62205
7.5157
8.26209
7.98868
5.49985
7.49185
3.07435
5.32912
5.7866
5.16189
3.99247
7.76818
4.34577
7.5157
2.45623
4.06111
2.8606
4.92057
7.5157
8.26209
5.40372
6.52356
6.12928
6.40372
4.64386
4.92283
3.98793
5.24031
5.02975
6.49185
4.34577
6.5157
6.9542
6.45943
3.99247
7.76818
7.64386
8
4.26053
7.98868
5.89077
6.46761
3.4185
7.64386
8
8
4.99247
3.8147
2.87673
4.10852
2.03148
5.3339
5.61471
5.89077
7.61471
7.56986
7.46761
3.98793
5.24031
5.29278
5.16189
4.99247
5.62205
3.63097
5.62205
2.8467
3.52026
1
4.06111
1
5.52356
6.36923
6.00749
7.98868
3.8679
7.56224
7.46761
8
3.99247
7.76818
3.39593
4.7851
6.52356
6.12928
6.98868
4.34577
5.93074
2.57878
4.92735
2.03148
5.59694
3.77259
6
6.60733
6.45943
4.99247
3.8147
6.73471
8.44501
6.40372
4.64386
4.92283
3.98793
5.24031
5.02975
6.49185
7.56986
8.04985
6.40372
4.64386
4.92283
3.98793
5.24031
5.29278
5.16189
3.99247
7.76818
5.98489
6.46761
7.61471
7.56986
6.40372
3.86942
4.55459
6.11894
7.57743
7.46761
2.87673
5.37156
2.43063
4.974
3.07435
5.32912
3.43063
7.62205
4.90689
6.49185
6.11894
5.47573
3.99247
6.18322
3.77259
6
7.61471
7.56986
5.40372
2.30117
5.26053
3.07435
5.32912
6.52356
6.12928
6.40372
3.86942
7.55459
5.7866
5.16189
4.99247
7.62205
6.49985
7.45943
4.02975
5.9542
6.73471
9.44501
6.46761
2.8467
6.18322
2.03148
7.91886
2.03148
6.91886
5.49985
7.47573
6.45943
7.45943
6.9542
6.45943
3.99247
6.18322
2.35755
4.20945
2.8606
5.72792
4.02237
4.13614
5.40372
6.52356
6.12928
6.40372
5.56986
5.89077
2.53727
4.28876
6.11894
5.47573
4.99247
5.62205
3.63097
7.62205
6.60733
7.45943
6.73471
8.44501
6.40372
5.56986
5.89077
2.53727
4.28876
3.4185
7.64386
6.45943
7.45943
6.9542
6.45943
3.99247
6.18322
2.35755
4.20945
2.8606
5.72792
4.02237
4.13614
6.98868
4.34577
5.93074
5.10329
5.3373
6.98868
4.86419
4.92283
3.63097
7.62205
7.48382
6.73471
6.40372
3.86942
7.55459
3.07435
5.06609
3.4185
7.64386
4.34577
6.52356
6.11894
5.47573
3.99247
5.44626
7.9542
8
7.90087
7.46761
6.63662
7.45943
2.87673
4.10852
6.11894
5.57743
6.98868
2.03148
5.59694
1
4.20945
5.7866
5.16189
7.57743
7.78136
6.46761
2.8467
7.76818
3.39593
5.59246
6.9542
6.45943
3.99247
6.18322
3.07435
4.32912
3.05889
4.69349
3.07435
5.32912
8.10852
8
4.26053
6.40372
7.50779
7.55459
7.98868
2.45623
3.59163
2.03148
5.59694
1
5.20945
6.9542
6.45943
4.99247
6.62205
1
6.53138
1
4.62449
8.11894
7.47573
6.90087
6.98868
6.27922
7.7879
7.46761
8
8
4.99247
3.8147
2.87673
4.10852
3.4185
6.05889
6.73471
8.44501
6.40372
3.39593
5.59246
2.43063
4.32193
3.77259
6
5.59246
8.27146
7.46761
2.87673
4.10852
6.11894
5.47573
3.99247
7.76818
7.45943
8
6.36923
6.00749
6.98868
3.77259
6
5.29278
5.16189
3.99247
7.76818
7.45943
8
2.35755
4.62449
6.11894
5.57743
7.98868
3.43063
5.62205
3.63097
3.8147
4.56478
7.5157
5.59246
6.27146
7.98868
5.49985
7.49185
3.07435
5.32912
2.30117
4.03814
3.77259
6
7.49185
8
7.57743
8
