171
8
8
8
8
4.06413
6.49985
5.02975
4.32193
4.67243
5.02975
2.56009
4.55459
2.7879
4.65821
2.34023
3.85466
2.43888
3.8413
2.54674
5.46597
4.08746
4.49985
4.02975
8.75656
0.155398
4.70176
0.646626
9.59991
7.56224
7.44294
8
4.67243
4.15528
3.22005
4.58496
6.02791
5.56224
6.88671
2.43172
5.73471
4.19438
6.5157
3.59756
7.61471
5.16189
7.48382
4.32847
7.49985
5.46761
7.44294
5.24031
6.75489
5.47168
4.13171
4.29278
7.47168
3.8679
5.53138
2.2303
3.70695
3.07039
5.35755
2.56009
4.87652
4.75974
4.04836
2.97199
6.29155
6.85798
7.42626
5.46761
7.44294
5.24031
8.75489
5.24031
4.93074
6.47573
5.61471
5.44294
4.67243
5.02975
3.59756
5.02975
2.56009
4.29155
3.0199
4.16262
2.66458
4.9542
5.24031
6.75489
6.47168
5.48382
5.85798
2.2303
3.70695
5.02975
4.32193
2.97199
7.87652
4.70834
6.47573
2.85466
6.64386
2.43888
3.8413
2.66458
4.43962
6.77479
4.6845
14.6051
7.47168
7.42626
8
4.67243
4.15528
3.22005
4.58496
3.44294
5.59991
5.35755
5.75489
6.47168
5.48382
5.85798
2.2303
3.70695
5.02975
4.32193
2.97199
7.87652
4.70834
6.47573
2.85466
6.64386
2.43888
3.8413
2.66458
4.43962
6.18982
7.76818
6.14975
2.85466
5.64386
2.7879
4.85086
4.75974
4.04836
4.67243
4.15528
5.09452
6.45943
3.59756
6.02975
5.94642
6.44294
6.88671
2.43888
6.16323
2.34023
5.43962
2.85466
5.05889
5.57289
5.12928
2.97199
4.55459
4.32847
7.49985
7.43463
8
14.6051
7.47168
7.42626
8
4.67243
4.15528
3.22005
4.58496
6.02791
5.56224
6.47168
5.48382
5.85798
3.44294
5.27798
2.56009
4.55459
2.7879
4.65821
5.57289
5.12928
2.97199
6.29155
2.85466
6.64386
3.60881
7.56986
4.94642
7.45943
5.94642
6.44294
6.88671
2.43888
6.16323
2.34023
5.43962
2.85466
5.05889
5.57289
5.12928
2.97199
4.55459
4.32847
5.49985
5.94642
6.44294
6.47168
5.48382
6.44294
5.57289
5.12928
4.67243
7.61471
2.2303
6.79442
2.34023
5.43962
5.17659
6.5157
4.66432
4.07973
7.49985
2.34023
6.17659
2.7879
4.85086
4.75974
4.04836
2.97199
4.29155
3.0199
4.16262
2.66458
6.76155
6.01495
6.57743
5.30175
4.52356
5.15381
3.44294
5.27798
3.59756
4.15528
3.22005
4.58496
5.44294
4.87447
2.97199
5.29155
7.59991
8
14.6051
5.47168
5.15381
7.45121
2.43888
5.16323
2.29999
6.8009
4.38466
7.48382
2.85466
5.32193
5.02975
4.32193
7.67243
6.55459
6.14975
3.51245
5.54689
5.02975
4.32193
4.67243
5.02975
2.56009
4.55459
2.7879
4.65821
2.34023
3.85466
2.43888
3.8413
2.54674
5.46597
5.54689
7.44294
6.61471
7.45943
6.88671
2.43888
4.42626
1
6.22882
5.19377
5.86625
5.46761
7.44294
2.43172
4.41278
5.02975
4.32193
4.67243
7.61471
7.43463
8
5.35755
7.75489
4.62449
7.54689
8
4.52356
7.47573
2.7879
4.85086
4.75974
4.04836
2.97199
5.06916
2.43888
7.74819
2.43888
4.42626
3.07039
5.67948
5.94642
6.44294
6.88671
2.43888
6.16323
2.34023
5.43962
2.85466
5.05889
5.57289
5.12928
2.97199
4.55459
4.32847
5.49985
7.53138
8
6.58496
5.12928
14.1674
7.56224
3.22005
5
2.41831
6.22882
6.18982
7.76818
7.47168
3.0199
4.45213
2.41831
6.22882
6.18982
7.76818
6.88671
4.68806
9.95274
7.56224
7.44294
8
4.67243
4.15528
3.22005
4.58496
6.02791
5.56224
6.88671
6.85798
6.42626
2.2303
6.79442
5.57289
5.12928
2.97199
5.29155
6.01495
7.43463
5.94642
6.44294
6.88671
3.60881
5.56986
5.61471
5.44294
2.97199
7.87652
3.9542
7.50779
2.43888
5.16323
6.02791
5.56224
8.47168
4.38466
5.16189
3.44294
5.59991
3.22005
4.58496
5.44294
4.87447
2.97199
6.29155
2.43172
3.27528
2.54674
6.7879
5.09452
7.45943
5.9542
6.56224
5.47168
4.13171
4.29278
7.47168
4.19438
6.5157
3.59756
4.15528
5.09452
7.45943
5.9542
6.56224
6.88671
4.52356
7.47573
2.7879
4.85086
2.66458
4.17659
3.60881
7.56986
7.46761
8
7.67243
5.46761
14.6051
5.30175
4.52356
5.15381
3.44294
7.59991
5.07325
7.45943
2.34023
6.76155
6.01495
7.43463
5.61471
5.44294
7.67243
6.55459
5.47168
4.75974
4.04836
2.97199
5.29155
3.51245
6.54689
2.34023
3.85466
2.43888
7.74819
2.43888
5.16323
6.02791
5.56224
6.88671
4.52356
7.47573
2.7879
4.85086
2.66458
4.17659
3.60881
7.56986
7.46761
8
7.67243
8
7.69349
5.30175
4.52356
5.15381
3.44294
5.59991
3.22005
4.58496
2.29999
6.8009
6.01495
7.43463
5.61471
5.44294
7.67243
6.55459
7.56224
5.33628
7.45121
3.22005
4.58496
6.02791
5.56224
6.88671
4.52356
7.47573
2.7879
4.85086
2.66458
4.17659
3.60881
7.56986
7.46761
8
7.67243
7.55459
0.155398
4.70176
0.646626
9.59991
7.47168
3.8679
5.53138
4.93074
6.47573
5.61471
5.44294
2.97199
7.87652
4.38466
7.48382
4.32847
7.49985
5.46761
7.44294
5.57289
6.45121
5.47168
4.13171
4.29278
7.47168
5.9542
7.44294
5.16189
7.48382
4.32847
7.49985
5.09452
6.45943
5.46761
7.44294
6.89482
6.42626
9.95796
7.47168
3.0199
4.45213
2.41831
6.22882
6.18982
7.76818
4.10281
2.56009
5.55459
5.44294
4.87447
2.97199
4.55459
2.7879
7.65821
3.60881
6.56986
4.08746
7.49985
7.89482
8
7.56986
4.66432
7.53916
7.65821
7.56224
7.44294
8
4.67243
4.15528
3.22005
4.58496
3.44294
5.59991
5.35755
5.75489
6.47168
5.48382
5.85798
2.2303
3.70695
5.02975
4.32193
2.97199
7.87652
4.70834
6.47573
2.85466
6.64386
2.43888
3.8413
2.66458
4.43962
6.18982
7.76818
5.24031
4.93074
6.47573
5.61471
5.44294
4.67243
5.02975
3.59756
5.02975
2.56009
4.29155
3.0199
4.16262
2.66458
6.76155
5.57289
6.45121
8.47168
4.32847
7.49985
7.43463
8
2.97199
6.29155
2.85466
5.05889
4.13171
4.80735
5.24031
2.2303
3.70695
5.02975
4.32193
2.97199
6.29155
4.17659
5.92283
4.02975
7.50779
7.43463
8
5.09452
6.45943
3.59756
6.02975
5.94642
7.44294
4.10281
2.56009
5.55459
5.44294
4.87447
2.97199
4.55459
2.7879
7.65821
3.60881
6.56986
5.54689
7.44294
6.61471
7.45943
5.47168
4.13171
4.29278
6.88671
1
5.73471
1
6.5157
2.56009
5.06916
2.43888
6.16323
5.57289
5.12928
7.67243
6.55459
5.47168
4.13171
4.29278
6.47168
5.48382
5.85798
2.2303
3.98706
2.29999
3.34147
2.43172
5.41278
2.29999
7.8009
3.9542
6.50779
5.02975
4.32193
4.67243
7.61471
7.43463
8
5.35755
5.75489
6.14975
2.85466
4.8365
5.44294
4.87447
2.97199
4.55459
2.7879
6.65821
5.23266
5.87447
4.02975
7.50779
7.43463
7.47573
8.47168
4.70834
5.47573
4.75974
4.04836
2.97199
5.29155
6.01495
7.43463
7.61471
7.42626
13.4624
8
8
7.42626
8
4.67243
4.15528
3.22005
5
4.02975
6.75656
6.88671
2.43888
6.16323
2.34023
5.43962
2.85466
5.05889
5.57289
5.12928
2.97199
4.55459
4.32847
5.49985
5.94642
6.44294
7.47168
5.44294
4.87447
4.67243
7.61471
5.07325
7.45943
2.34023
3.85466
3.60881
5.98489
5.9542
6.56224
6.88671
2.43172
5.73471
4.19438
6.5157
3.59756
7.61471
5.16189
7.48382
2.7879
4.19878
3.07039
5.67948
7.53138
8
14.6051
4.88671
4.05627
5.17792
5.02975
4.32193
2.97199
7.87652
3.9542
5.92283
4.17659
7.50779
5.46761
7.44294
5.24031
6.75489
6.14975
2.85466
5.05889
2.34023
3.85466
3.60881
5.98489
5.9542
6.56224
7.47168
4.19438
6.5157
3.59756
4.15528
5.09452
7.45943
5.9542
6.56224
7.47168
3.44294
5.27798
2.56009
5.55459
5.44294
4.87447
2.97199
6.87652
4.52356
5.47573
2.29999
7.8009
5.57289
6.45121
8.47168
4.70834
5.89077
2.41831
4.22882
3.60881
7.56986
7.53138
8
4.67243
4.15528
3.22005
5.26303
2.66458
6.76155
7.89482
8
14.6051
5.66432
4.88264
5.87447
2.41831
7.81378
5.48382
5.85798
2.2303
4.33498
2.66458
6.76155
3.51245
6.54689
5.57289
5.12928
4.67243
7.61471
5.60881
4.04041
9.95796
6.88671
2.43172
5.41278
6.02791
5.56224
6.88671
6.85798
7.42626
3.22005
4.58496
5.44294
4.87447
4.67243
7.61471
2.2303
6.79442
2.43888
3.8413
2.66458
4.43962
6.18982
7.76818
6.47168
5.48382
5.85798
2.2303
3.98706
2.29999
3.34147
2.43172
5.41278
5.44294
4.87447
2.97199
6.29155
4.17659
7.50779
4.94642
6.45943
5.09452
6.45943
3.59756
6.02975
5.94642
7.44294
5.24031
2.2303
3.70695
5.02975
4.32193
2.97199
7.87652
4.70834
6.47573
3.60881
7.56986
5.46761
7.44294
5.57289
6.45121
5.47168
4.75974
4.04836
2.97199
7.87652
5.23266
5.87447
4.93074
7.47573
7.46761
7.45943
6.88671
2.43888
4.42626
4.02975
8.17159
4.10281
2.56009
6.29155
2.43172
5.73471
5.57289
5.12928
2.97199
7.87652
3.9542
5.50779
2.34023
6.76155
6.01495
6.57743
6.88671
2.43172
5.41278
5.44294
4.87447
2.97199
7.87652
4.70834
6.47573
4.17659
5.92283
4.02975
6.50779
1
7.49985
7.89482
8
14.6051
4.88671
4.05627
5.17792
5.02975
4.32193
2.97199
7.87652
3.9542
5.92283
4.17659
7.50779
5.46761
7.44294
5.24031
6.75489
6.14975
3.51245
5.96193
5.44294
4.87447
2.97199
7.87652
3.9542
5.50779
4.19438
5.93074
5.35755
5.75489
6.47168
5.48382
5.85798
2.2303
4.33498
2.66458
4.17659
3.60881
7.56986
7.53138
8
4.67243
4.15528
5.09452
7.45943
5.9542
6.56224
6.88671
4.68806
7.63081
6.88671
2.43888
3.8413
2.54674
5.46597
5.9386
7.48382
7.56224
4.02975
5.92283
5.07325
5.45943
5.02975
4.32193
4.67243
5.02975
3.59756
4.15528
3.22005
5.26303
2.66458
6.76155
7.89482
8
14.6051
4.66432
7.53916
7.65821
4.10281
3.59756
7.61471
2.2303
6.79442
5.57289
5.12928
2.97199
6.29155
4.17659
5.92283
6.61471
7.45943
6.88671
3.60881
5.56986
5.61471
5.44294
2.97199
7.87652
3.9542
7.50779
2.43888
5.16323
6.02791
5.56224
6.47168
5.48382
5.85798
2.29999
5.47897
5.97728
7.43463
3.22005
5.26303
4.75974
4.04836
7.67243
6.55459
6.88671
4.68806
7.63081
8.47168
4.38466
5.16189
5.44294
4.87447
4.67243
5.02975
3.59756
4.15528
3.22005
5.26303
4.13171
4.29278
7.47168
6.18982
7.76818
7.56224
5.09452
7.45943
5.48382
7.46761
5.85798
6.43463
5.57289
6.45121
5.47168
4.13171
4.29278
6.47168
5.48382
5.85798
2.29999
7.8009
5.57289
5.12928
4.67243
5.02975
3.59756
4.15528
5.09452
7.45943
5.9542
6.56224
7.56224
6.61471
7.45943
6.88671
2.43888
6.16323
4.19438
7.5157
7.48382
7.45943
6.88671
4.52356
7.47573
2.7879
4.85086
2.66458
4.17659
7.93074
8
4.67243
7.61471
7.46761
7.42626
14.6051
4.66432
7.53916
7.65821
7.56224
5.07325
7.45943
4.19438
5.93074
3.22005
6
2.43172
5.73471
5.57289
5.12928
4.67243
7.61471
2.2303
5.20945
5.23266
8.56605
6.14975
3.51245
5.96193
5.44294
4.87447
2.97199
7.87652
3.9542
7.50779
2.43888
5.16323
6.02791
5.56224
7.47168
3.0199
4.45213
3.07039
4.67948
3.22005
5
5.02975
4.32193
4.67243
4.15528
5.09452
7.45943
5.9542
6.43463
3.59756
6.02975
5.94642
6.44294
6.88671
2.43888
4.42626
4.02975
8.17159
4.10281
2.56009
4.70659
5.02975
4.32193
2.97199
5.06916
2.43888
6.16323
3.0199
4.45213
3.07039
7.67948
7.52356
8
14.6051
5.14975
7.50779
7.53916
6.88671
4.68806
7.63081
6.88671
2.43172
5.41278
3.44294
5.27798
2.56009
4.29155
3.8679
5.53138
2.2303
6.79442
4.19438
6.5157
2.56009
4.87652
5.57289
5.12928
2.97199
5.06916
3.60881
5.98489
1
5.47573
5.57289
5.86625
4.10281
2.56009
7.87652
3.9542
6.50779
2.66458
6.76155
4.38466
5.89885
5.02975
4.32193
4.67243
7.61471
7.43463
8
5.35755
6.75489
4.10281
2.56009
5.55459
2.29999
4.8009
2.7879
5.65821
5.44294
4.87447
2.97199
5.29155
3.51245
6.54689
2.34023
3.85466
2.43888
7.74819
2.43888
5.16323
2.29999
7.8009
5.57289
5.86625
7.56224
5.33628
7.45121
5.61471
5.44294
4.67243
7.61471
5.07325
7.45943
2.34023
6.17659
2.7879
5.65821
6.44294
5.12928
9.95796
7.47168
3.0199
4.8147
3.44294
5.59991
3.22005
4.58496
5.44294
4.87447
4.67243
7.61471
2.2303
3.98706
2.29999
7.8009
5.57289
5.86625
4.10281
2.56009
4.87652
2.66458
6.76155
3.51245
7.54689
2.43172
5.41278
2.29999
4.8009
2.7879
4.85086
2.66458
7.76155
4.70834
5.47573
4.75974
4.04836
4.67243
7.61471
4.93074
6.47573
4.44478
7.48382
4.19438
5.93074
5.35755
5.75489
8.47168
4.70834
5.47573
4.75974
4.04836
2.97199
5.29155
6.01495
7.43463
7.61471
7.42626
13.4624
8
8
7.53916
7.65821
7.56224
7.44294
8
4.67243
4.15528
3.22005
4.58496
6.02791
5.56224
6.88671
2.43172
5.41278
3.44294
5.27798
2.56009
4.29155
3.8679
5.53138
2.2303
6.79442
4.19438
6.5157
2.56009
4.87652
5.57289
5.12928
2.97199
5.06916
3.60881
5.98489
1
5.47573
5.57289
6.45121
6.88671
3.60881
5.56986
5.61471
5.44294
2.97199
7.87652
3.9542
7.50779
2.43888
5.16323
6.02791
5.56224
6.47168
5.48382
5.85798
2.2303
3.98706
3.44294
5.27798
2.56009
4.87652
4.75974
4.04836
4.67243
4.15528
5.09452
7.45943
5.9542
6.56224
6.47168
5.48382
5.85798
2.2303
3.98706
3.44294
7.59991
5.85798
6.43463
5.57289
5.12928
2.97199
5.06916
2.43888
3.8413
2.54674
6.7879
1
7.44294
7.56224
6.61471
7.45943
6.88671
6.85798
7.42626
2.56009
4.87652
4.19438
7.5157
5.9386
7.48382
4.10281
2.56009
6.29155
2.43172
5.41278
2.29999
7.8009
4.75974
4.04836
4.67243
6.61471
5.9386
5.89885
6.88671
4.52356
7.47573
2.7879
4.85086
4.75974
4.04836
2.97199
7.87652
4.70834
7.47573
3.0199
4.16262
2.54674
5.46597
5.9386
5.89885
5.47168
4.13171
4.29278
6.14975
4.17659
4.70044
4.93074
6.47573
4.44478
6.48382
4.70834
7.47573
5.57289
5.12928
2.97199
6.29155
7.56224
2.34062
14.6051
5.30175
4.52356
5.15381
3.44294
7.59991
7.44294
8
4.67243
4.15528
3.22005
4.58496
2.29999
6.8009
6.01495
7.43463
6.61471
6.45943
5.24031
4.93074
6.47573
5.61471
5.44294
4.67243
5.02975
3.59756
5.02975
2.56009
4.29155
3.0199
4.16262
2.66458
6.76155
5.57289
6.45121
8.47168
4.32847
7.49985
7.43463
8
2.97199
6.29155
2.85466
5.05889
4.13171
4.29278
8.47168
4.70834
7.47573
2.43172
5.41278
2.29999
5.47897
3.60881
7.56986
7.53138
8
4.67243
4.15528
5.35755
5.75489
6.14975
4.17659
4.70044
4.93074
6.47573
4.44478
6.48382
5.23266
8.56605
6.14975
4.17659
4.70044
4.93074
6.47573
5.61471
5.44294
2.97199
7.87652
5.23266
5.87447
6.61471
7.45943
6.47168
5.48382
5.85798
6.02791
7.56224
7.56224
3.22005
6.58496
2.34023
6.17659
2.7879
4.65821
4.19438
6.5157
7.47573
8
5.44294
4.87447
2.97199
5.06916
3.60881
5.56986
1
7.45943
5.47168
2.66458
4.9542
2.7879
4.85086
4.13171
4.29278
6.47168
5.48382
7.44294
4.75974
4.04836
4.67243
7.61471
6.49185
7.42626
4.02975
7.50779
5.35755
6.75489
4.10281
2.56009
5.55459
2.29999
7.8009
2.29999
6.8009
4.9386
7.45943
5.85798
6.43463
5.57289
5.12928
2.97199
5.06916
2.43888
3.8413
2.54674
6.7879
1
6.44294
5.47168
4.13171
4.29278
6.47168
5.48382
5.85798
2.2303
3.98706
5.44294
4.87447
4.67243
5.02975
3.59756
6.02975
4.94642
6.45943
5.35755
5.75489
6.47168
5.48382
5.85798
2.2303
3.98706
3.44294
7.59991
5.85798
6.43463
5.57289
5.12928
2.97199
5.06916
2.43888
3.8413
2.54674
6.7879
1
6.44294
8.47168
4.70834
5.89077
4.02975
6.75656
6.88671
6.85798
7.42626
3.59756
7.61471
7.48382
7.45943
6.47168
5.48382
7.44294
2.7879
5.65821
3.44294
6.01495
4.06413
5.49985
5.44294
4.87447
2.97199
4.87652
6.89482
6.42626
14.1674
7.56224
5.33628
7.45121
3.22005
4.58496
6.02791
5.56224
7.47168
2.29999
5.47897
2.43888
3.8413
4.75974
4.04836
7.67243
6.55459
4.10281
2.56009
6.29155
2.85466
5.05889
5.57289
5.12928
2.97199
4.55459
2.7879
4.19878
2.41831
5.22882
2.7879
4.85086
1
5.1375
14.6051
5.47168
7.47573
7.80735
7.47168
3.0199
4.8147
2.29999
5.47897
2.43888
6.16323
5.57289
5.12928
4.67243
7.61471
5.07325
7.45943
2.43888
5.16323
6.44294
5.12928
9.95796
6.88671
4.68806
9.95274
7.56224
7.44294
8
4.67243
4.15528
3.22005
4.58496
3.44294
5.59991
5.35755
5.75489
6.14975
2.85466
5.05889
2.34023
3.85466
3.60881
5.98489
5.9542
6.56224
7.56224
3.22005
4.58496
5.44294
4.87447
2.97199
7.87652
3.9542
5.50779
5.57289
6.45121
6.88671
3.60881
5.56986
5.61471
5.44294
2.97199
7.87652
3.9542
7.50779
2.43888
5.16323
6.02791
5.56224
7.47168
4.19438
6.5157
3.59756
4.15528
5.09452
7.45943
5.9542
6.56224
6.88671
4.52356
7.47573
2.7879
4.85086
2.66458
4.17659
3.60881
7.56986
7.46761
8
7.67243
8
