169
8
8
8
8
5.1127
5.84967
6.22882
5.83289
4.93074
5.89885
3.66297
6
3.67807
5.19377
3.44478
5.21723
3.7625
5.92283
3.59202
7.53138
8
8
4.81378
7.88874
0.474948
5.70078
1.91504
8.33539
7.42626
8
8
4.93074
5.89885
4.92283
7.44294
7.57743
9.30378
7.72792
3.57743
5.52356
5.02975
6.44294
4.98489
7.48382
5.8413
7.42626
5
7.44294
5.84967
7.41785
5.89077
7.26679
6.14296
6.09452
5.97728
7.72792
5.26303
6.43463
3.43741
5.21723
3.90689
6.5157
3.66297
6
5.35755
5.1127
4.19377
5.58496
5.2555
7.43463
5.84967
7.41785
5.89077
7.26679
7.42626
5.2854
6.43463
6.49185
6.40939
4.93074
5.89885
4.98489
5.89885
3.66297
4.26303
3.4975
4.94642
3.77259
4.93074
5.89077
7.26679
6.72792
6.40939
6.40939
3.43741
5.21723
6.22882
5.83289
4.19377
7.58496
5.84967
7.41785
4.32193
7.46761
3.7625
5.92283
3.77259
7.5157
7.58496
5.90689
13.1485
7.72792
8
8
4.93074
5.89885
4.92283
7.44294
4.99247
7.44294
6.50779
8.94251
6.72792
6.40939
6.40939
3.43741
5.21723
6.22882
5.83289
4.19377
7.58496
5.84967
7.41785
4.32193
7.46761
3.7625
5.92283
3.77259
7.5157
7.58496
8.01123
7.72792
4.32193
7.46761
3.67807
6.5157
5.35755
5.1127
4.93074
5.89885
4.92283
6.44294
4.98489
7.48382
5.86625
6.97154
7.72792
3.7625
7.50779
3.44478
5.21723
4.32193
6.46761
5.61471
5.42626
4.19377
6
5
7.44294
8
1.8609
13.1485
7.72792
8
8
4.93074
5.89885
4.92283
7.44294
7.57743
9.30378
6.72792
7.40939
8
4.99247
5.85798
3.66297
6
3.67807
5.19377
5.61471
5.42626
4.19377
7.58496
4.32193
7.46761
5.24793
7.43463
7.45121
8
5.86625
6.97154
7.72792
3.7625
7.50779
3.44478
5.21723
4.32193
6.46761
5.61471
5.42626
4.19377
6
5
7.44294
5.86625
6.97154
6.72792
7.40939
8
5.61471
5.42626
4.93074
5.48382
3.43741
5.21723
3.44478
5.21723
7.49185
12.6806
5.40599
5.1127
7.43463
3.44478
6.53916
1
6.5157
5.35755
5.1127
4.19377
4.26303
3.4975
4.94642
3.77259
6.5157
6.49985
6.40939
5.72792
5.43463
7.42626
4.99247
5.85798
4.98489
5.89885
4.92283
7.44294
5.57743
5.42626
4.19377
5.26303
7.49985
8
13.1485
4.92057
4.66025
6.45121
3.7625
7.50779
3.67054
7.5157
5.1127
7.43463
4.32193
6.46761
6.22882
5.83289
7.5157
9.49985
6.72792
4.04041
6.48382
6.22882
5.83289
4.93074
5.89885
3.66297
6
3.67807
5.19377
3.44478
5.21723
3.7625
5.92283
3.59202
7.53138
8
8
7.49185
9.28077
7.72792
3.7625
4.50779
3.16993
7.59246
5.84967
6.41785
5.84967
7.41785
3.57743
6.52356
6.22882
5.83289
4.93074
7.48382
8
8
6.50779
8.94251
0.345707
8.81698
7.40939
4.85798
7.44294
3.67807
6.5157
5.35755
5.1127
4.19377
6.58496
3.7625
7.50779
3.7625
4.50779
3.90689
5.5157
5.86625
6.97154
7.72792
3.7625
7.50779
3.44478
5.21723
4.32193
6.46761
5.61471
5.42626
4.19377
6
5
7.44294
7.45121
8
9.82972
8
9.29692
7.42626
4.92283
5.85798
3.16993
7.59246
7.58496
8.01123
7.72792
3.4975
4.94642
3.16993
7.59246
7.58496
8.01123
7.72792
7.57743
11.3783
7.42626
8
8
4.93074
5.89885
4.92283
7.44294
7.57743
9.30378
7.72792
5.2555
7.43463
3.43741
5.21723
5.61471
5.42626
4.19377
5.26303
6.49985
7.40939
5.86625
6.97154
7.72792
5.24793
7.43463
6.49185
6.40939
4.19377
7.58496
8
8
3.7625
7.50779
7.57743
9.30378
7.72792
5.1127
6.43463
4.99247
7.44294
4.92283
7.44294
5.57743
5.42626
4.19377
5.58496
3.57743
4.52356
3.59202
6.53138
4.92283
7.44294
6.47573
16.0979
6.14296
6.09452
5.97728
7.72792
5.02975
6.44294
4.98489
5.89885
4.92283
7.44294
6.47573
16.0979
7.72792
4.85798
7.44294
3.67807
6.5157
3.77259
5.19377
5.24793
7.43463
7.43463
8
7.5157
4.92283
13.1485
5.72792
5.43463
7.42626
4.99247
7.44294
5.49985
6.42626
3.44478
5.9542
6.49985
7.40939
6.49185
6.40939
7.5157
9.49985
6.14296
5.35755
5.1127
4.19377
5.26303
4.04041
5.89885
3.44478
5.21723
3.7625
7.50779
3.7625
7.50779
7.57743
9.30378
7.72792
4.85798
7.44294
3.67807
6.5157
3.77259
5.19377
5.24793
7.43463
7.43463
8
8
8
8
5.72792
5.43463
7.42626
4.99247
7.44294
4.92283
7.44294
3.67054
7.5157
6.49985
7.40939
6.49185
6.40939
7.5157
8.49985
7.42626
6.49985
7.40939
4.92283
7.44294
7.57743
9.30378
7.72792
4.85798
7.44294
3.67807
6.5157
3.77259
5.19377
5.24793
7.43463
7.43463
8
7.5157
8.49985
0.474948
5.70078
1.91504
8.33539
7.72792
5.26303
6.43463
5.2854
6.43463
6.49185
6.40939
4.19377
7.58496
5.1127
7.43463
5
7.44294
5.84967
7.41785
6.02975
11.8899
6.14296
6.09452
5.97728
7.72792
8
8
5.8413
7.42626
5
6.44294
4.92283
7.44294
5.84967
7.41785
7.61471
5.83289
8.29692
7.72792
3.4975
4.94642
3.16993
7.59246
7.58496
8.01123
7.42626
3.66297
7.58496
5.57743
5.42626
4.19377
6
1
7.5157
5.24793
7.43463
8
8
7.61471
8
7.8392
5.40599
7.43463
7.90689
7.42626
8
8
4.93074
5.89885
4.92283
7.44294
4.99247
7.44294
6.50779
8.94251
6.72792
6.40939
6.40939
3.43741
5.21723
6.22882
5.83289
4.19377
7.58496
5.84967
7.41785
4.32193
7.46761
3.7625
5.92283
3.77259
7.5157
7.58496
8.01123
7.42626
5.2854
6.43463
6.49185
6.40939
4.93074
5.89885
4.98489
5.89885
3.66297
4.26303
3.4975
4.94642
3.77259
6.5157
6.02975
11.8899
7.72792
5
7.44294
8
8
4.19377
7.58496
4.32193
5.46761
6.09452
7.56224
7.42626
3.43741
5.21723
6.22882
5.83289
4.19377
7.58496
5.49185
7.42626
4.49185
7.45943
8
8
4.92283
6.44294
4.98489
7.48382
5.86625
6.97154
7.42626
3.66297
7.58496
5.57743
5.42626
4.19377
6
1
7.5157
5.24793
7.43463
8
8
7.49185
9.28077
6.14296
6.09452
5.97728
7.72792
3.57743
5.52356
5.02975
6.44294
3.66297
6.58496
3.7625
7.50779
5.61471
5.42626
7.5157
9.49985
6.14296
6.09452
5.97728
6.72792
6.40939
6.40939
3.43741
5.21723
3.67054
4.5157
3.57743
6.52356
3.67054
7.5157
8
8
6.22882
5.83289
4.93074
7.48382
8
8
6.50779
8.94251
7.72792
4.32193
6.46761
5.57743
5.42626
4.19377
6
1
7.5157
7.43463
8
4.49185
7.45943
8
12.6393
6.72792
5.84967
7.41785
5.35755
5.1127
4.19377
5.26303
6.49985
7.40939
7.49185
4.93074
13.9204
8
8
8
8
4.93074
5.89885
4.92283
5.85798
1
4.88874
7.72792
3.7625
7.50779
3.44478
5.21723
4.32193
6.46761
5.61471
5.42626
4.19377
6
5
7.44294
5.86625
6.97154
7.72792
5.57743
5.42626
4.93074
6.48382
1
6.42626
1
5.21723
1
7.43463
6.47573
16.0979
7.72792
3.57743
5.52356
5.02975
6.44294
4.98489
7.48382
5.8413
7.42626
3.67807
4.5157
3.90689
5.5157
7.45121
8
13.1485
6.72792
5.1127
5.84967
6.22882
5.83289
4.19377
7.58496
8
8
5.49185
6.42626
5.84967
7.41785
5.89077
7.26679
7.72792
4.32193
6.46761
3.44478
5.21723
5.24793
7.43463
6.47573
16.0979
7.72792
5.02975
6.44294
4.98489
5.89885
4.92283
7.44294
6.47573
16.0979
7.72792
4.99247
5.85798
3.66297
7.58496
5.57743
5.42626
4.19377
7.58496
4.85798
6.44294
3.67054
6.5157
6.02975
11.8899
6.72792
5.84967
6.41785
1
4.7851
5.24793
7.43463
6.45121
6.40939
4.93074
5.89885
4.92283
6.44294
3.77259
6.5157
7.61471
3
13.1485
7.72792
8
8
3.16993
7.59246
6.40939
6.40939
3.43741
7.53916
3.77259
6.5157
4.04041
5.89885
5.61471
5.42626
4.93074
5.48382
7.60733
8
8.29692
7.72792
3.57743
6.52356
7.57743
9.30378
7.72792
5.2555
7.43463
4.92283
7.44294
5.57743
5.42626
4.93074
5.48382
3.43741
6.53916
3.7625
5.92283
3.77259
7.5157
7.58496
8.01123
6.72792
6.40939
6.40939
3.43741
5.21723
3.67054
4.5157
3.57743
6.52356
5.57743
5.42626
4.19377
7.58496
5.49185
7.42626
7.45121
8
4.92283
6.44294
4.98489
7.48382
5.86625
6.97154
7.42626
3.43741
5.21723
6.22882
5.83289
4.19377
7.58496
5.84967
7.41785
5.24793
7.43463
5.84967
7.41785
6.02975
11.8899
6.14296
5.35755
5.1127
4.19377
7.58496
7.43463
8
5.2854
7.43463
7.43463
7.59991
7.72792
3.7625
4.50779
4.81378
7.88874
7.42626
3.66297
5.58496
3.57743
5.52356
5.61471
5.42626
4.19377
7.58496
8
8
3.44478
5.9542
6.49985
6.40939
7.72792
3.57743
6.52356
5.57743
5.42626
4.19377
7.58496
5.84967
7.41785
5.49185
7.42626
4.49185
7.45943
5.83289
7.41785
7.61471
3
13.1485
6.72792
5.1127
5.84967
6.22882
5.83289
4.19377
7.58496
8
8
5.49185
6.42626
5.84967
7.41785
5.89077
7.26679
6.72792
4.04041
5.89885
5.57743
5.42626
4.19377
7.58496
8
8
5.02975
6.44294
6.50779
8.94251
6.72792
6.40939
6.40939
3.43741
7.53916
3.77259
5.19377
5.24793
7.43463
6.45121
6.40939
4.93074
5.89885
4.92283
7.44294
6.47573
16.0979
7.72792
7.57743
11.3783
7.72792
3.7625
5.92283
3.59202
6.53138
7.41785
13.7557
7.42626
4.49185
6.45943
5.49985
6.42626
6.22882
5.83289
4.93074
5.89885
4.98489
5.89885
4.92283
6.44294
3.77259
6.5157
7.61471
3
13.1485
5.40599
7.43463
7.90689
7.42626
4.98489
5.48382
3.43741
5.21723
5.61471
5.42626
4.19377
7.58496
5.49185
7.42626
7.49185
9.28077
7.72792
5.24793
7.43463
6.49185
6.40939
4.19377
7.58496
8
8
3.7625
7.50779
7.57743
9.30378
6.72792
7.40939
8
3.67054
6.5157
5.89077
7.41785
4.92283
6.44294
5.35755
5.1127
7.5157
9.49985
7.72792
7.57743
11.3783
7.72792
5.1127
6.43463
5.57743
5.42626
4.93074
5.89885
4.98489
5.89885
4.92283
6.44294
6.09452
5.97728
7.72792
7.58496
8.01123
7.42626
4.92283
7.44294
6.42626
7.40939
8
8
6.02975
11.8899
6.14296
6.09452
5.97728
6.72792
7.40939
8
3.67054
6.5157
5.61471
5.42626
4.93074
5.89885
4.98489
5.89885
4.92283
7.44294
6.47573
17.6828
7.42626
7.49185
9.28077
7.72792
3.7625
7.50779
5.02975
7.44294
7.42626
7.8392
7.72792
4.85798
7.44294
3.67807
6.5157
3.77259
5.19377
7.56986
8
4.93074
7.48382
7.43463
6.40939
13.1485
5.40599
7.43463
7.90689
7.42626
5.49985
6.42626
5.02975
6.44294
4.92283
7.44294
3.57743
5.52356
5.61471
5.42626
4.93074
5.48382
3.43741
6.53916
7.43463
11.8021
6.72792
4.04041
5.89885
5.57743
5.42626
4.19377
7.58496
8
8
3.7625
7.50779
7.57743
9.30378
7.72792
3.4975
4.94642
3.90689
5.5157
4.92283
5.85798
6.22882
5.83289
4.93074
5.89885
4.92283
7.44294
7.47573
8
4.98489
7.48382
5.86625
6.97154
7.72792
3.7625
4.50779
4.81378
7.88874
7.42626
3.66297
6.58496
6.22882
5.83289
4.19377
6.58496
3.7625
6.50779
3.4975
4.94642
3.90689
7.5157
7.41785
2.28011
13.1485
5.72792
7.45121
8.10329
7.72792
7.57743
11.3783
7.72792
3.57743
6.52356
4.99247
5.85798
3.66297
4.26303
5.26303
6.43463
3.43741
5.21723
5.02975
6.44294
3.66297
6.58496
5.61471
5.42626
4.19377
6.58496
5.24793
7.43463
4.47573
5.87447
6.02975
12.8899
7.42626
3.66297
7.58496
8
8
3.77259
6.5157
5.1127
6.43463
6.22882
5.83289
4.93074
7.48382
8
8
6.50779
9.94251
7.42626
3.66297
7.58496
3.67054
6.5157
3.67807
5.93074
5.57743
5.42626
4.19377
5.26303
4.04041
5.89885
3.44478
5.21723
3.7625
7.50779
3.7625
7.50779
3.67054
6.5157
6.02975
12.8899
7.42626
6.49985
7.40939
6.49185
6.40939
4.93074
6.48382
1
6.42626
1
6.53916
3.67807
5.93074
7.57743
8
8.29692
7.72792
3.4975
5.20945
4.99247
7.44294
4.92283
7.44294
5.57743
5.42626
4.93074
5.48382
3.43741
5.21723
3.67054
6.5157
6.02975
12.8899
7.42626
3.66297
6
3.77259
6.5157
4.04041
7.48382
3.57743
6.52356
3.67054
6.5157
3.67807
6.5157
3.77259
6.5157
5.84967
7.41785
5.35755
5.1127
4.93074
5.48382
5.2854
6.43463
5.90689
7.41785
5.02975
6.44294
6.50779
8.94251
6.72792
5.84967
7.41785
5.35755
5.1127
4.19377
5.26303
6.49985
7.40939
7.49185
4.93074
13.9204
8
8
7.43463
7.90689
7.42626
8
8
4.93074
5.89885
4.92283
7.44294
7.57743
9.30378
7.72792
3.57743
6.52356
4.99247
5.85798
3.66297
4.26303
5.26303
6.43463
3.43741
5.21723
5.02975
6.44294
3.66297
6.58496
5.61471
5.42626
4.19377
6.58496
5.24793
7.43463
4.47573
5.87447
6.02975
11.8899
7.72792
5.24793
7.43463
6.49185
6.40939
4.19377
7.58496
8
8
3.7625
7.50779
7.57743
9.30378
6.72792
6.40939
6.40939
3.43741
5.21723
4.99247
5.85798
3.66297
6
5.35755
5.1127
4.93074
5.89885
4.92283
7.44294
6.47573
16.0979
6.72792
6.40939
6.40939
3.43741
5.21723
4.99247
7.44294
8
8
5.61471
5.42626
4.19377
6.58496
3.7625
5.92283
3.59202
6.53138
1
6.97154
7.42626
7.49185
9.28077
7.72792
5.2555
5.43463
3.66297
6.58496
5.02975
7.44294
7.41785
13.7557
7.42626
3.66297
5.58496
3.57743
6.52356
3.67054
7.5157
5.35755
5.1127
4.93074
7.48382
7.41785
13.7557
7.72792
4.85798
7.44294
3.67807
6.5157
5.35755
5.1127
4.19377
7.58496
5.84967
7.41785
3.4975
4.94642
3.59202
6.53138
7.41785
13.7557
6.14296
6.09452
5.97728
7.72792
5.49185
6.42626
5.2854
6.43463
5.90689
7.41785
5.84967
6.41785
5.61471
5.42626
4.19377
7.58496
7.47573
5.88264
13.1485
5.72792
5.43463
7.42626
4.99247
7.44294
8
8
4.93074
5.89885
4.92283
7.44294
3.67054
7.5157
6.49985
7.40939
7.49185
9.28077
7.42626
5.2854
6.43463
6.49185
6.40939
4.93074
5.89885
4.98489
5.89885
3.66297
4.26303
3.4975
4.94642
3.77259
6.5157
6.02975
11.8899
7.72792
5
7.44294
8
8
4.19377
7.58496
4.32193
5.46761
6.09452
5.97728
6.72792
5.84967
7.41785
3.57743
6.52356
3.67054
6.5157
5.24793
7.43463
6.45121
6.40939
4.93074
5.89885
6.50779
8.94251
7.72792
5.49185
6.42626
5.2854
6.43463
5.90689
7.41785
7.43463
11.8021
7.72792
5.49185
6.42626
5.2854
6.43463
6.49185
6.40939
4.19377
7.58496
7.43463
8
7.49185
9.28077
6.72792
7.40939
8
7.57743
9.30378
7.42626
4.92283
7.44294
3.44478
6.53916
1
5.19377
5.02975
7.44294
6.41785
7.40939
5.57743
5.42626
4.19377
6.58496
5.24793
7.43463
7.49185
9.28077
6.14296
3.77259
7.5157
3.67807
6.5157
6.09452
5.97728
6.72792
7.40939
8
5.35755
5.1127
4.93074
7.48382
7.41785
8
4.49185
5.87447
6.50779
9.94251
7.42626
3.66297
7.58496
3.67054
7.5157
3.67054
7.5157
7.44294
8
8
8
5.61471
5.42626
4.19377
6.58496
3.7625
5.92283
3.59202
6.53138
1
0.584963
6.14296
6.09452
5.97728
6.72792
6.40939
6.40939
3.43741
5.21723
5.57743
5.42626
4.93074
5.89885
4.98489
7.48382
7.45121
8
6.50779
8.94251
6.72792
6.40939
6.40939
3.43741
5.21723
4.99247
7.44294
8
8
5.61471
5.42626
4.19377
6.58496
3.7625
5.92283
3.59202
6.53138
1
0.584963
6.72792
0.736966
6.41785
4.81378
4.88874
7.72792
5.2555
5.43463
4.98489
7.48382
7.42626
7.8392
6.72792
7.40939
8
3.67807
5.93074
4.99247
7.44294
5.83289
7.41785
5.57743
5.42626
4.19377
6.58496
7.61471
5.83289
9.29692
7.42626
6.49985
7.40939
4.92283
7.44294
7.57743
9.30378
7.72792
3.67054
6.5157
3.7625
5.92283
5.35755
5.1127
7.5157
8.49985
7.42626
3.66297
7.58496
4.32193
6.46761
5.61471
5.42626
4.19377
6
1
4.5157
1
4.59246
3.67807
6.5157
7.67948
7.40939
13.1485
4.92057
7.46761
10.2131
7.72792
3.4975
5.20945
3.67054
6.5157
3.7625
7.50779
5.61471
5.42626
4.93074
6.48382
1
7.42626
1
7.50779
7.57743
8
8.29692
7.72792
7.57743
11.3783
7.42626
8
8
4.93074
5.89885
4.92283
7.44294
4.99247
7.44294
6.50779
8.94251
7.72792
4.32193
6.46761
3.44478
5.21723
5.24793
7.43463
6.47573
17.6828
7.42626
4.92283
7.44294
5.57743
5.42626
4.19377
7.58496
8
8
6.02975
11.8899
7.72792
5.24793
7.43463
6.49185
6.40939
4.19377
7.58496
8
8
3.7625
7.50779
7.57743
9.30378
7.72792
5.02975
6.44294
4.98489
5.89885
4.92283
7.44294
6.47573
16.0979
7.72792
4.85798
7.44294
3.67807
6.5157
3.77259
5.19377
5.24793
7.43463
7.43463
8
7.5157
8
