169
8
8
7.53916
7.56986
8
7.45943
7.42626
5.94642
7.54689
7.41785
7.53916
6.59991
7.47573
8
6.42626
6.50779
7.42626
7.41785
8
7.45943
7.49185
7.41785
7.47573
6.43463
7.47573
5.59246
7.45943
7.44294
6.53138
5.66534
7.48382
7.41785
6.50779
6.49185
7.53138
5.94642
7.43463
6.50779
7.45121
7.45943
8
8
11.0548
7.47573
8
7.53916
7.53138
7.40939
7.43463
7.49185
7.40939
8
8
7.53138
7.66534
7.41785
7.42626
5.53138
5.89077
5.96963
7.50779
5.42626
7.53916
5.61471
6.50779
6.43463
7.45943
8
7.53916
6.00749
7.48382
7.47573
7.49985
5.94642
7.43463
6.50779
7.45121
7.45943
8
7.49985
7.57743
7.48382
7.46761
7.43463
6.45121
7.54689
7.41785
7.53916
5.94642
7.49185
7.43463
7.43463
7.40939
6.43463
7.42626
7.40939
7.54689
7.57743
7.45121
6.45943
7.52356
8
7.42626
7.53138
6.44294
7.53916
7.45943
7.40939
7.45121
6.61471
6.41785
6.45121
4.9386
7.53916
7.5157
7.41785
7.53916
6.59991
7.47573
6.53138
6.63662
7.44294
7.47573
8
6.48382
7.49185
7.41785
7.41785
7.53916
7.53138
7.40939
7.50779
7.44294
7.46761
7.53138
7.40939
7.43463
7.49185
7.40939
8
8
7.53138
6.02975
7.59246
7.49185
6.41785
7.42626
7.53138
7.59246
7.45943
8
7.53916
6.48382
7.41785
7.42626
6.45943
7.49185
7.53138
6.05166
7.44294
6.49185
7.50779
7.53138
7.41785
6.50779
7.49185
7.41785
7.49985
5.66534
7.48382
7.41785
6.50779
6.49185
7.53138
6.48382
7.53138
7.43463
7.53916
6.59246
5.50779
7.54689
8
7.43463
7.47573
6.43463
7.47573
6.87652
7.43463
7.53916
5.14568
7.43463
7.42626
7.43463
7.53138
6.05166
7.44294
6.49185
7.50779
7.53138
7.41785
6.50779
7.49185
7.41785
7.49985
6.59991
7.47573
6.53138
5.59246
7.45943
7.44294
7.53138
6.45943
7.41785
7.49185
6.50779
6.45943
7.71425
6.87652
7.42626
8
7.45121
7.47573
5.84967
7.47573
7.42626
7.42626
7.5157
7.49185
6.41785
7.42626
7.53138
8
13.9204
8
7.45943
7.44294
7.53138
6.59991
6.47573
6.42626
7.40939
7.43463
7.40939
7.45943
7.49185
6.41785
7.42626
7.53138
8
9.29692
6.61471
7.45121
7.47573
8
7.48382
8
7.42626
6.54689
7.49185
7.40939
7.54689
6.59991
7.47573
7.53138
7.66534
6.49185
7.76155
8
7.48382
6.61471
7.41785
8
7.43463
8
6.48382
7.49185
7.41785
7.41785
7.53916
6.45943
7.41785
7.41785
7.46761
6.41785
5.89077
7.55459
7.40939
7.54689
7.66534
8
7.49985
5.94642
7.49185
7.42626
7.42626
7.40939
8
8
6.42626
5.14568
1
7.53138
6.59991
7.47573
8
6.42626
6.50779
7.42626
7.41785
8
7.45943
7.49185
8
7.43463
7.41785
8
9.29692
7.59246
7.43463
7.43463
8
7.5157
7.40939
7.54689
5.59246
7.45943
7.44294
6.53138
5.66534
7.48382
7.41785
6.50779
6.49185
7.53138
5.94642
7.43463
6.50779
7.45121
7.45943
8
7.49985
6.87652
5.43962
6.47573
7.54689
5.59246
7.45943
7.44294
7.40939
5.56224
7.45121
7.66534
7.41785
7.42626
5.53138
5.89077
5.96963
7.50779
5.42626
7.53916
6.87652
7.43463
7.42626
7.44294
8
5.43463
7.44294
5.16993
7.48382
7.50779
7.53916
7.46761
5.8413
7.50779
7.40939
7.54689
3.41709
6.71425
0.474948
9.24745
7.66534
8
6.48382
7.44294
7.42626
7.41785
8
6.42626
7.46761
5.16993
7.48382
7.40939
8
9.29692
7.59246
7.40939
7.42626
7.45121
8
7.42626
7.43463
7.42626
5.83289
7.42626
8
6.40939
8.70431
3.38247
7.56224
6.48382
6.5157
1
7.54689
7.45943
7.40939
7.45121
2.75803
5.12928
7.78136
5.41278
6.48382
7.44294
7.42626
7.44294
6.76155
7.43463
8
7.50779
7.53916
7.59246
8
7.48382
6.48382
7.53916
7.40939
5.88264
5.89077
5.50779
7.54689
7.45121
7.40939
8
3.70782
7.78136
7.57743
7.45121
6.45943
7.52356
8
7.42626
5.94642
7.53138
6.59991
7.47573
6.53138
6.63662
7.44294
7.47573
8
6.48382
7.49185
7.41785
7.41785
7.53916
7.53138
7.40939
7.50779
7.44294
7.46761
7.53138
7.40939
7.43463
7.49185
7.40939
8
8
7.53138
6.02975
7.59246
7.49185
6.41785
7.42626
7.53138
7.59246
7.45943
8
8
9.29692
6.87652
5.43962
6.47573
7.54689
6.57743
5.87447
7.76155
8
7.49985
7.45943
7.40939
7.45121
5.59246
7.45943
7.44294
7.53138
5.59246
7.42626
5.93074
7.76155
7.44294
7.48382
7.42626
8
6.41785
7.42626
7.53138
6.44294
7.53916
7.59246
8
7.41785
7.41785
7.48382
7.63662
7.41785
7.53916
7.42626
7.43463
7.53138
6.48382
7.41785
7.42626
6.45943
7.49185
7.53138
5.57743
7.43463
8
13.1485
5.66534
7.48382
7.41785
6.50779
6.49185
7.53138
6.48382
7.53138
7.43463
7.53916
5.14568
7.43463
7.42626
7.43463
7.53138
6.05166
7.44294
6.49185
7.50779
7.53138
7.41785
6.50779
7.49185
7.41785
8
9.29692
6.48382
7.53916
7.56986
8
7.45943
7.42626
5.94642
7.54689
7.41785
7.53916
6.00749
7.48382
7.41785
7.41785
6.41785
13.9204
8
7.45943
7.44294
7.53138
5.41278
6.48382
7.44294
7.42626
7.44294
6.76155
7.43463
8
7.50779
7.53916
6.48382
7.5157
6.54689
7.49185
6.53138
7.66534
7.49185
7.43463
7.50779
7.40939
7.54689
6.59991
7.47573
7.53138
7.53138
7.50779
6.44294
5.87447
6.76155
7.43463
5.85798
7.71425
6.87652
5.43962
6.47573
7.54689
6.14975
7.44294
7.42626
5.47573
7.59246
8
9.29692
5.29155
7.50779
4.49985
7.53138
6.43463
7.47573
7.45943
6.42626
7.45943
6.44294
7.54689
7.45121
5.41278
7.48382
7.41785
7.46761
7.41785
7.42626
7.45943
8
7.50779
8
9.29692
6.87652
5.43962
6.47573
7.54689
6.59246
7.50779
7.43463
7.42626
6.54689
7.5157
7.45943
7.47573
7.66534
7.41785
7.42626
5.53138
5.89077
5.96963
7.50779
5.42626
7.53916
6.87652
7.43463
7.42626
7.44294
8
5.43463
7.44294
5.16993
7.48382
7.50779
7.53916
6.48382
5.83289
6.43463
7.48382
6.63662
6.44294
7.41785
7.41785
7.54689
5.59246
7.45943
7.44294
6.53138
5.66534
7.48382
7.41785
6.50779
7.49185
6.44294
7.53916
6.53138
7.40939
6.42626
7.54689
6.14975
7.42626
7.41785
7.44294
6.50779
7.53138
6.59246
7.41785
8
7.50779
7.53916
7.59246
8
7.48382
5.59246
7.45943
7.44294
7.53138
6.14975
7.44294
7.42626
5.89077
5.96963
5.18587
6.50779
7.53138
5.41278
6.48382
7.44294
7.40939
7.40939
7.46761
5.84967
7.47573
7.42626
7.49985
6.63662
7.44294
7.5157
7.45121
8
8
10.0135
3.53138
9.24745
7.66534
8
7.40939
7.50779
7.44294
7.46761
3.41709
7.71425
5.94642
7.42626
7.47573
7.42626
8
7.43463
7.45943
6.42626
7.46761
7.45943
7.47573
7.59246
5.42626
6.46761
5.43962
5.47573
7.45943
7.42626
8
7.47573
7.41785
8
9.29692
6.48382
7.5157
8
11.0548
7.47573
8
7.42626
7.53138
6.02975
7.55459
7.43463
7.42626
7.54689
7.45121
6.59246
7.50779
7.42626
6.49185
6.53138
3.41709
7.71425
6.05166
7.44294
6.49185
7.50779
7.53138
7.41785
6.50779
7.49185
7.41785
7.41785
7.44294
7.45943
7.47573
5.94642
7.43463
6.50779
7.45121
7.45943
8
7.49985
5.94642
7.49185
7.43463
7.43463
7.40939
6.43463
7.42626
7.53138
5.59246
7.45943
7.44294
7.53138
7.59246
7.40939
8
5.87447
7.53916
7.45943
7.40939
7.45121
5.99247
4.49985
6.53138
7.55459
5.8413
7.49985
7.53138
7.40939
7.50779
7.44294
7.46761
6.87652
7.42626
8
7.42626
7.54689
7.41785
5.89885
7.5157
7.45943
8
7.50779
7.53916
7.87652
7.5157
7.50779
7.41785
5.88264
6.47573
7.54689
5.59246
7.45943
7.44294
7.53138
7.48382
7.40939
7.43463
7.40939
7.40939
8
6.40939
8.70431
3.38247
7.56224
6.00749
7.48382
7.41785
7.41785
7.54689
5.94642
5.84967
5.83289
5.8413
6.50779
7.53138
7.45943
8
7.42626
7.54689
7.41785
7.53138
8
7.40939
7.40939
7.49985
6.87652
5.43962
6.47573
7.54689
6.87652
7.42626
8
7.48382
7.41785
7.46761
7.41785
7.46761
7.49185
7.48382
7.45943
8
7.40939
8
7.49985
5.41278
6.48382
7.44294
7.40939
6.45121
7.40939
7.41785
7.48382
6.42626
7.53138
6.14975
7.44294
7.40939
7.41785
7.56224
7.40939
5.87447
5.43962
7.53138
6.42626
7.45121
6.50779
7.48382
7.50779
7.53916
5.41278
6.48382
5.85798
6.48382
7.54689
8
9.29692
7.52356
5.53138
7.49185
7.41785
7.42626
8
7.40939
7.40939
7.49985
5.94642
7.49185
7.42626
7.42626
7.40939
8
8
6.42626
5.14568
7.76155
8
3.86307
9.94837
8
7.45943
7.44294
7.53138
6.48382
6.5157
1
7.54689
7.45943
7.40939
7.45121
5.66534
7.48382
7.41785
6.50779
6.49185
7.53138
5.94642
7.43463
6.50779
7.45121
7.45943
8
7.49985
5.41278
6.48382
7.44294
7.42626
7.44294
6.76155
7.43463
8
7.50779
8
9.29692
6.45943
7.43463
7.45121
7.48382
7.52356
7.43463
7.42626
8
9.29692
6.48382
7.5157
6.54689
7.49185
6.53138
6.61471
7.45121
7.47573
8
7.48382
8
7.42626
6.54689
7.49185
7.40939
7.54689
7.66534
8
7.49985
5.94642
7.49185
7.42626
7.42626
7.40939
8
8
6.42626
5.14568
7.76155
6.44294
7.53916
6.48382
5.83289
6.43463
7.48382
7.59246
8
7.48382
7.41785
7.43463
7.49185
7.40939
7.54689
7.53138
7.40939
7.41785
7.43463
7.45121
5.66534
7.48382
7.41785
6.50779
6.49185
7.53138
5.94642
7.43463
6.50779
7.45121
7.45943
8
6.49985
7.66534
6.49185
7.76155
8
7.48382
6.87652
7.42626
8
7.48382
7.41785
7.46761
7.41785
7.41785
8
13.1485
5.59246
7.45943
7.44294
7.53138
5.41278
6.48382
7.44294
7.42626
7.44294
6.76155
7.43463
8
7.50779
7.53916
6.48382
7.5157
6.54689
7.49185
7.53138
7.46761
5.8413
7.50779
7.40939
7.54689
6.59991
7.47573
7.53138
6.48382
7.41785
7.40939
7.49185
7.49985
6.59991
7.47573
8
6.42626
6.50779
7.42626
7.41785
8
7.45943
7.49185
8
7.43463
7.41785
7.53916
6.00749
7.48382
7.47573
7.49985
6.48382
7.53138
7.43463
7.53916
3.41709
7.71425
5.41278
6.48382
7.44294
7.42626
7.41785
7.49185
7.42626
7.58496
5.99247
4.49985
6.53138
7.55459
7.42626
8
8
7.53916
7.40939
5.88264
5.89077
5.50779
7.54689
7.45943
7.47573
6.43463
7.47573
7.59246
8
7.44294
7.44294
6.46761
7.48382
7.53138
5.59246
7.45943
7.40939
7.49185
7.49985
7.53138
7.40939
7.45943
7.41785
7.48382
6.54689
7.49185
7.40939
7.54689
5.99247
4.49985
6.53138
7.55459
5.8413
7.49985
7.59246
8
7.48382
6.61471
7.43463
5.89077
6.55459
6.53138
5.66534
7.48382
7.41785
6.50779
6.49185
7.53138
5.94642
7.43463
6.50779
7.45121
7.45943
8
7.49985
7.57743
7.48382
7.46761
7.43463
6.45121
7.54689
7.41785
8
9.29692
6.59991
7.47573
7.40939
7.42626
8
7.40939
7.45121
7.47573
6.43463
7.47573
6.59246
7.44294
5.85798
7.48382
7.53138
7.45943
7.40939
7.45121
5.59246
7.45943
7.44294
7.53138
6.05166
7.44294
6.49185
7.50779
7.53138
7.41785
6.50779
7.49185
7.41785
8
11.0548
7.47573
8
7.53916
7.56224
8
5.93074
5.43962
7.47573
7.45121
7.44294
7.42626
7.45943
7.40939
7.40939
7.49185
7.49185
8
13.9204
8
7.45943
7.44294
7.53138
6.48382
7.53916
7.56986
8
7.45943
7.42626
5.94642
7.54689
7.41785
7.53916
6.61471
7.45121
7.41785
7.54689
6.02975
7.42626
6.42626
7.49985
6.05166
5.85798
7.50779
8
7.43463
7.41785
7.50779
7.53138
6.53138
6.40939
7.5157
6.45121
7.54689
6.5157
7.43463
7.43463
7.41785
6.50779
6.49185
7.40939
7.43463
7.53138
5.59246
7.45943
7.40939
7.49185
7.49985
6.05166
7.44294
6.49185
7.50779
7.53138
7.41785
6.50779
7.49185
7.41785
7.49985
5.66534
7.48382
7.41785
6.50779
6.49185
7.53138
6.48382
7.53138
7.43463
7.53916
6.59991
7.47573
8
7.40939
7.45121
8
7.42626
7.40939
7.54689
6.59991
7.47573
6.53138
6.87652
7.76155
8
7.49985
7.45943
7.40939
7.45121
5.59246
7.45943
7.44294
7.53138
5.59246
7.42626
5.93074
7.76155
7.44294
7.48382
7.42626
8
6.41785
7.42626
7.53138
7.44294
8
8.29692
7.66534
7.41785
8
7.49985
6.00749
7.48382
7.41785
7.41785
7.54689
5.59246
7.45943
7.44294
6.53138
7.66534
7.41785
7.42626
5.53138
5.89077
5.96963
7.50779
5.42626
7.53916
5.61471
6.50779
6.43463
7.45943
8
7.53916
6.59991
7.47573
8
7.40939
7.45121
8
7.42626
7.40939
7.54689
7.48382
7.41785
8
7.46761
7.49185
6.41785
7.42626
7.53138
6.44294
7.53916
6.48382
7.41785
6.44294
6.54689
7.49185
7.53138
5.57743
7.43463
8
13.1485
5.66534
7.48382
7.41785
6.50779
6.49185
7.53138
6.48382
7.53138
7.43463
7.53916
0.474948
9.24745
7.66534
8
7.49185
7.43463
7.42626
7.45121
7.47573
6.43463
7.47573
5.59246
7.45943
7.44294
7.53138
4.88264
7.46761
7.43463
7.40939
7.48382
7.40939
7.54689
7.59246
5.42626
7.46761
5.16993
7.48382
7.50779
8
11.0548
7.47573
8
7.53916
7.5157
7.43463
7.40939
7.40939
7.43463
6.45121
7.49985
6.59991
7.47573
6.53138
5.59246
7.45943
7.44294
5.18587
6.50779
7.53138
5.41278
7.48382
7.41785
7.46761
7.41785
7.42626
7.45943
8
7.50779
8
3.90689
8.70431
6.77479
7.40939
8
7.45943
7.44294
7.53138
7.53138
7.40939
7.47573
6.47573
7.45121
7.47573
7.43463
7.42626
7.53916
7.87652
7.45943
8
7.44294
7.48382
5.41278
7.48382
7.53138
7.41785
7.42626
6.5157
7.42626
7.45121
7.42626
8
7.49985
7.59246
5.42626
7.46761
5.16993
6.48382
6.46761
6.48382
7.49185
7.41785
7.41785
7.53916
7.53138
7.40939
7.50779
7.44294
7.46761
5.59246
7.45943
7.44294
7.53138
6.05166
7.44294
6.49185
7.50779
7.53138
7.41785
6.50779
7.49185
7.41785
8
9.29692
6.48382
5.83289
6.43463
7.48382
6.00749
7.48382
7.41785
7.41785
7.54689
5.94642
7.42626
5.47573
7.53916
5.94642
7.43463
6.50779
7.45121
7.45943
8
7.49985
6.61471
7.45121
7.41785
7.54689
6.02975
7.42626
6.42626
7.49985
5.94642
7.49185
7.43463
7.43463
7.40939
6.43463
7.42626
7.53138
6.87652
7.76155
8
7.49985
5.99247
4.49985
6.53138
7.55459
5.8413
7.49985
7.53138
7.40939
7.50779
7.44294
7.46761
6.14975
7.44294
7.42626
5.47573
6.59246
5.86625
13.9204
8
7.43463
8
13.1485
5.66534
7.48382
7.41785
6.50779
6.49185
7.53138
5.61471
6.50779
5.90689
7.43463
8
7.50779
7.53916
7.52356
8
7.42626
8
7.41785
7.47573
6.43463
7.47573
4.55459
7.49185
7.42626
7.41785
8
7.49985
5.59246
7.45943
7.44294
6.53138
7.66534
7.41785
7.42626
5.53138
5.89077
5.96963
7.50779
5.42626
7.53916
5.61471
6.50779
6.43463
7.45943
8
7.53916
6.45943
7.43463
7.45121
6.53138
7.40939
7.44294
7.43463
7.47573
6.43463
7.47573
6.87652
7.76155
8
7.49985
6.59991
7.47573
8
7.40939
7.45121
8
7.42626
6.46761
6.48382
7.49185
7.41785
7.49985
6.59991
7.47573
6.53138
5.59246
7.45943
7.44294
7.46761
7.40939
3.86307
9.94837
8
7.49185
7.42626
7.40939
13.1485
7.42626
7.40939
7.41785
7.46761
7.42626
7.40939
7.43463
7.45121
7.45943
7.76155
8
9.29692
6.45943
7.41785
7.42626
7.42626
7.48382
5.94642
7.49185
7.42626
7.42626
7.40939
8
8
6.42626
5.14568
1
6.53138
6.87652
5.43962
6.47573
7.54689
5.59246
7.45943
7.44294
7.53138
6.14975
7.44294
7.40939
7.41785
7.56224
7.40939
5.87447
5.43962
7.53138
7.45943
7.40939
7.45121
5.59246
7.45943
7.44294
7.53138
5.94642
5.84967
5.83289
5.8413
6.50779
7.53138
7.42626
8
7.40939
7.45121
7.42626
5.43463
6.44294
7.5157
7.40939
7.49985
5.41278
6.48382
7.44294
7.40939
6.45121
7.40939
7.41785
7.48382
7.42626
8
9.29692
6.00749
7.48382
7.41785
7.41785
7.54689
6.48382
7.53916
7.56986
8
7.45943
7.42626
5.94642
7.54689
7.41785
7.53916
6.53138
7.40939
7.44294
7.42626
7.53138
6.02975
7.42626
6.42626
7.49985
6.66534
6.45121
7.42626
6.49185
6.53138
4.55459
7.49185
8
7.49185
7.53138
7.59246
8
7.48382
5.61471
7.50779
7.45943
7.48382
7.54689
7.40939
7.45121
5.89077
6.55459
7.53138
6.48382
7.41785
7.40939
7.49985
5.59246
7.45943
7.44294
6.53138
5.66534
7.48382
7.41785
6.50779
6.49185
7.53138
5.94642
7.43463
6.50779
7.45121
7.45943
8
7.49985
6.87652
5.43962
6.47573
7.54689
5.59246
7.45943
7.44294
7.40939
5.56224
7.45121
6.87652
7.43463
7.42626
7.44294
8
5.43463
7.44294
5.16993
7.48382
7.50779
7.53916
6.48382
7.5157
6.54689
7.49185
7.53138
6.05166
5.85798
7.50779
8
7.43463
7.41785
7.50779
7.40939
7.54689
5.59246
7.45943
7.44294
7.53138
7.57743
7.45121
6.45943
7.52356
8
7.42626
7.53138
6.44294
7.53916
7.45943
7.40939
7.45121
6.61471
6.41785
6.45121
4.9386
7.53916
7.5157
7.41785
7.53916
7.53138
7.40939
7.50779
7.44294
7.46761
7.53138
7.40939
7.43463
7.49185
7.40939
8
8
7.53138
7.5157
7.49185
7.41785
7.41785
7.40939
7.41785
8
7.50779
8
10.0135
3.53138
9.24745
7.66534
8
7.41785
7.40939
7.49185
7.49985
6.48382
7.53138
7.43463
7.53916
5.59246
7.45943
7.44294
6.53138
7.66534
7.41785
7.42626
5.53138
5.89077
5.96963
7.50779
5.42626
7.53916
6.87652
5.43962
6.47573
7.54689
6.48382
7.41785
7.40939
7.49185
7.49985
6.59246
5.50779
7.54689
8
7.43463
7.42626
7.43463
6.53138
6.61471
7.45121
7.41785
7.54689
5.59246
7.45943
7.44294
5.8413
7.49985
6.05166
5.85798
7.50779
8
7.43463
7.41785
8
8
8
6.48382
7.41785
7.40939
7.49185
7.49985
7.46761
7.43463
7.45943
8
7.40939
6.53138
6.61471
7.45121
7.41785
7.54689
5.59246
7.45943
7.44294
5.8413
7.49985
6.87652
7.42626
8
8
8
6.48382
7.41785
7.40939
7.49185
7.49985
6.61471
7.45121
7.41785
7.54689
5.59246
7.45943
7.44294
5.8413
7.49985
6.61471
7.41785
7.48382
7.59246
8
7.48382
6.48382
4.94642
6.5157
6.46761
5.93074
6.76155
7.41785
7.49985
5.94642
7.49185
7.43463
7.43463
7.40939
7.42626
8
7.49985
7.45943
7.40939
7.45121
5.59246
7.45943
7.44294
7.53138
5.99247
4.49985
6.53138
7.55459
8
8
8
5.59246
7.45943
7.40939
7.49185
7.49985
5.59991
5.47573
7.53916
5.59246
7.45943
7.44294
7.53138
7.53138
8
5.88264
7.47573
7.45943
6.50779
6.48382
7.49185
7.41785
7.46761
7.45943
7.47573
7.40939
8
7.40939
6.50779
7.42626
6.41785
7.42626
7.53138
8
9.29692
6.87652
5.43962
6.47573
7.54689
6.02975
7.42626
6.48382
7.45943
6.53138
6.55459
7.53138
6.59246
7.50779
7.42626
5.88264
5.87447
7.53916
7.59246
8
7.48382
6.53138
7.40939
7.44294
7.42626
7.53138
6.87652
5.43962
6.53138
6.87652
7.76155
7.44294
6.42626
7.5157
7.54689
7.45121
7.59246
8
7.48382
5.59246
7.45943
7.40939
7.49185
7.49985
7.53138
8
5.88264
7.47573
7.45943
6.50779
6.48382
7.49185
7.41785
7.46761
7.45943
7.47573
7.40939
8
7.40939
6.50779
7.42626
6.41785
7.42626
7.53138
8
6.40939
8.70431
3.38247
7.56224
5.57743
7.43463
8
13.1485
7.42626
7.40939
7.43463
7.45121
7.45943
5.43962
7.53138
6.00749
7.48382
7.41785
7.41785
6.41785
13.9204
8
7.50779
7.46761
7.49985
8
8
7.5157
7.49185
7.41785
7.53916
6.53138
7.40939
7.44294
7.42626
6.53138
6.61471
7.45121
7.47573
7.43463
7.45121
6.47573
7.42626
7.50779
7.40939
7.54689
5.59246
7.45943
7.44294
7.53138
6.59991
7.47573
8
6.42626
6.50779
7.42626
7.41785
8
7.45943
7.49185
6.41785
7.42626
5.94642
6.53138
6.87652
5.43962
6.47573
7.54689
6.00749
7.48382
7.41785
7.41785
7.54689
7.59991
7.40939
7.49985
5.59991
5.47573
7.53916
7.87652
7.41785
7.41785
7.48382
7.40939
7.54689
5.87652
7.49185
7.49985
7.61471
7.45943
6.50779
7.45943
7.43463
7.45121
7.47573
6.43463
7.47573
6.05166
7.44294
6.49185
7.50779
7.53138
7.41785
6.50779
7.49185
7.41785
7.49985
5.66534
7.48382
7.41785
6.50779
6.49185
6.53138
5.63662
7.42626
7.45121
8
7.40939
7.41785
6.42626
7.46761
5.87447
7.52356
8
8
3.86307
9.94837
8
7.43463
8
12.1485
5.41278
6.48382
5.85798
6.48382
7.54689
7.45121
6.00749
7.48382
7.41785
7.41785
7.54689
5.59246
7.45943
7.44294
7.53138
5.94642
7.43463
6.50779
7.45121
7.45943
8
6.49985
7.66534
7.41785
7.42626
5.53138
5.89077
5.96963
7.50779
5.42626
7.53916
5.61471
6.50779
6.43463
7.45943
8
8
9.29692
6.48382
7.41785
7.42626
7.42626
7.44294
7.46761
7.87652
7.45943
8
7.44294
7.48382
6.05166
5.85798
7.50779
8
7.43463
7.41785
7.50779
7.40939
7.54689
5.99247
4.49985
6.53138
7.55459
5.8413
7.49985
7.59246
8
7.48382
7.53138
8
7.46761
6.41785
7.48382
7.54689
7.45121
5.66534
7.48382
7.41785
6.50779
7.49185
8
11.0548
7.47573
8
7.53916
5.56224
5.86625
7.56224
7.40939
8
7.40939
7.45943
8
7.49185
6.47573
7.54689
6.87652
5.43962
6.47573
7.54689
7.48382
7.41785
7.42626
7.43463
8
9.29692
5.73471
6.46761
7.41785
8
7.40939
7.46761
7.45943
8
7.41785
7.45943
7.40939
7.54689
7.45943
5.94642
7.53138
5.57743
7.43463
8
13.1485
5.66534
7.48382
7.41785
6.50779
7.49185
8
11.0548
7.47573
8
7.53916
5.63662
7.42626
7.40939
8
8
7.42626
7.69349
7.45943
7.40939
7.40939
7.40939
7.42626
7.43463
7.53138
6.87652
5.43962
6.47573
7.54689
5.63662
7.42626
8
7.49985
6.02975
7.59246
7.49185
6.41785
7.42626
7.53138
7.59246
7.45943
7.47573
6.59246
6.50779
5.84967
7.43463
7.43463
7.45943
7.40939
8
7.49985
5.87652
7.49185
7.49985
7.53138
7.45943
7.47573
7.41785
8
13.9204
8
7.45943
7.44294
7.53138
6.63662
7.44294
6.76155
7.55459
5.94642
7.47573
5.59991
5.47573
7.53916
6.87652
4.7625
7.53138
7.41785
7.40939
7.41785
7.47573
6.43463
7.47573
3.41709
7.71425
5.94642
6.49185
6.50779
7.45121
7.42626
7.53138
7.44294
6.50779
7.53138
7.53138
7.40939
7.50779
7.44294
7.46761
5.59246
7.45943
7.44294
7.53138
5.20945
5.84967
5.89885
7.55459
7.87652
7.41785
6.40939
7.48382
7.54689
7.45121
5.57743
7.43463
8
12.1485
5.41278
6.48382
5.85798
6.48382
7.54689
7.45121
5.94642
7.49185
7.40939
8
7.40939
6.50779
7.42626
7.48382
7.40939
7.54689
5.59246
7.45943
7.40939
7.49185
7.49985
5.20945
5.84967
5.89885
7.55459
6.61471
5.45121
7.56224
7.49185
7.43463
8
8
7.43463
7.45121
6.14975
7.44294
8
7.45943
7.47573
7.42626
8
8
7.45943
6.44294
7.54689
7.45121
7.48382
6.40939
5.93074
7.47573
7.49985
6.00749
7.42626
7.43463
7.45121
7.53138
7.45943
8
7.42626
7.54689
7.45121
3.41709
7.71425
6.48382
7.41785
7.42626
7.47573
7.42626
8
7.49185
7.42626
8
7.41785
8
7.5157
7.54689
7.45121
5.41278
6.48382
7.44294
7.42626
7.41785
7.53916
6.41785
7.47573
7.41785
7.49985
7.66534
8
7.49985
6.48382
7.5157
7.40939
7.47573
5.96963
7.50779
7.40939
7.45943
7.47573
8
13.1485
7.59991
7.40939
7.49985
7.87652
5.87447
6.52356
7.49185
7.44294
7.45121
7.50779
7.53916
5.59246
7.45943
7.40939
7.49185
7.49985
6.05166
7.44294
6.49185
7.50779
7.53138
7.41785
6.50779
7.49185
7.41785
7.49985
5.66534
7.48382
7.41785
6.50779
6.49185
7.53138
6.48382
7.53138
7.43463
7.53916
5.99247
7.49985
7.43463
7.49185
7.53138
6.59991
7.47573
8
7.40939
7.45121
8
7.42626
7.40939
7.54689
6.87652
5.43962
6.47573
7.54689
5.87652
7.49185
7.49985
7.45943
6.53138
6.55459
7.53138
5.63662
7.42626
8
7.47573
7.41785
7.49985
6.87652
7.42626
8
7.43463
7.42626
8
7.48382
7.40939
7.54689
5.99247
4.49985
6.53138
7.55459
5.8413
7.49985
7.53138
7.40939
7.50779
7.44294
7.46761
3.41709
7.71425
7.53138
7.40939
7.43463
7.49185
7.40939
8
8
7.53138
6.02975
7.59246
7.49185
6.41785
7.42626
7.53138
7.59246
7.45943
7.47573
6.48382
7.41785
7.42626
6.45943
7.49185
7.53138
6.59246
5.50779
7.54689
8
7.43463
7.47573
6.43463
7.47573
6.87652
7.43463
7.53916
5.14568
7.43463
7.42626
7.43463
7.53138
6.05166
7.44294
6.49185
7.50779
7.53138
7.41785
6.50779
7.49185
7.41785
8
13.9204
8
7.43463
8
12.1485
5.41278
6.48382
5.85798
6.48382
7.54689
7.45121
6.00749
7.48382
7.41785
7.41785
7.54689
5.94642
7.42626
5.47573
7.53916
6.63662
7.44294
6.76155
7.55459
5.94642
7.47573
5.59991
5.47573
7.53916
5.87652
7.49185
7.49985
0.474948
9.24745
7.66534
8
7.45943
7.44294
6.53138
6.66534
6.45121
7.44294
7.45121
7.47573
7.44294
7.43463
7.47573
6.43463
7.47573
7.59246
5.42626
7.46761
6.43463
7.45121
7.50779
8
6.40939
8.70431
3.38247
7.56224
7.45943
7.40939
7.45121
5.59246
7.45943
7.44294
7.53138
6.59991
7.47573
8
6.42626
6.50779
7.42626
7.41785
8
7.45943
7.49185
6.41785
7.42626
5.94642
6.53138
6.87652
5.43962
6.47573
7.54689
5.59246
7.45943
7.40939
7.49185
7.49985
6.46761
7.40939
7.58496
7.59246
8
7.48382
3.41709
7.71425
6.61471
7.41785
6.43463
7.45943
6.49185
7.53138
7.66534
6.49185
7.76155
8
8
7.53916
7.87652
7.5157
7.49185
7.53138
6.59991
7.47573
8
7.40939
7.45121
8
7.42626
7.40939
