106
7
7
15.7806
6.82018
7
13.7088
5.70044
4.10852
4.27824
7.09803
4.89899
0.420654
4.14679
0.341652
1
1.74153
2.83322
4.90008
1
5.05617
1.57385
4.66742
5.39066
5.61337
5.9542
10.799
2.83794
2.12969
7.29605
2.67877
4.14439
2.74596
4.8457
1.55452
6.22218
2.69078
4.59216
3.46267
4.58317
12.3794
6.97728
7
6.88264
7
6.74147
5.50378
2.24907
0.375628
3.43722
7.50506
8.15987
2.89327
9.73978
7.23925
2.56954
2.79694
2.87021
3.49473
5.2155
1
10.0493
1.86942
2.61969
0.172898
1
2.77851
9.07971
6.20457
4.60591
4.63245
11.3028
2.48168
5.58814
2.69078
4.59216
3.46267
4.58317
12.3794
5.97728
4.57162
1.78265
7.63662
2.42785
8.35655
1.33883
1
0.584963
4.87141
0.204892
2.68005
1
11.8235
6.35252
2.98314
8.61451
4.90212
5.70261
2.36316
4.58317
3.42228
6.42391
6.10005
0.95461
3.00258
11.5337
5.71443
4.13224
7.78398
4.25873
6.23199
7.95807
2.67304
2.36214
4.30137
5.36375
1
4.89899
1
0.736966
3.81459
1.87483
14.3061
11.4732
0.673556
0.98724
1.50884
14.3196
2.45943
1
0.584963
1.86425
5.14495
10.0547
5.64386
2.24907
0.375628
3.43722
7.50506
8.15987
2.89327
9.73978
5.81023
3.45104
5.78302
1.57385
1
0.95461
2.918
2.58994
1
0.584963
13.7236
6.59991
6.74147
6.12102
3.09167
3.18577
4.04143
1
1.4568
1.66626
1
2.90354
2.74596
4.8457
1.50884
1
6.81592
2.67877
4.14439
2.74596
4.8457
1.55452
13.506
3.14048
4.64386
0.441297
4.60591
1.40086
1
4.86533
0.998083
5.07391
5.39066
5.61337
1
4.16664
0.441297
6.76645
1.89413
1
5.53902
2.99907
4.04143
1
1.4568
1.66626
1
2.90354
2.74596
4.8457
1.50884
1
5.59352
0.420654
3.7481
5.17363
10.799
2.83794
2.12969
6.47991
1.91457
3.06073
6.87462
3.67243
1
3.81164
4.35248
6.56033
0.471848
3.09697
4.02906
3.69019
1.78374
2.72678
0.951946
4.06493
1.57385
1
0.95461
11.3639
1.70627
4.57264
9.53333
2.83794
2.12969
4.80009
0.420654
3.17271
0.599495
0.375628
2.75334
1.16967
4.67534
1.57385
1
0.95461
8.79622
0.0613759
4.11173
3.91773
3.27978
5.13337
4.06376
14.22
2.06108
1.55441
1
5.42593
1
5.74074
0.420654
3.7481
7.23925
1.55738
3.14225
9.07203
1
7.11894
1
7.1979
3.09316
4.12903
1.41232
0.98724
1.50884
14.3196
2.45943
5.71443
1.91457
1
8.35315
13.5217
5.20945
5.2155
8.06543
4.90212
7.46064
12.1545
6.45943
4.99876
0.204892
1
6.93633
5.74022
2.61493
2.41631
2.19572
1.09755
3.72615
1
5.57333
0.420654
4.14679
0.341652
1
1.74153
2.83322
4.90008
1
5.05617
3.27906
3.16384
9.56651
9.00492
0.0192228
1
11.7638
4.60334
10.4625
6.93074
7.15987
4.90212
6.76674
10.799
2.83794
2.12969
7.29605
2.67877
4.14439
2.74596
4.8457
1.55452
6.22218
2.69078
4.59216
3.46267
4.58317
12.3794
5.97728
3.61076
4.92651
3.25677
9.08469
6.76674
10.799
2.83794
10.2029
4.63631
1.14981
7.20393
2.56954
2.79694
2.87021
3.49473
5.2155
1
10.0493
1.86942
1
4.16664
10.585
7.15482
3.19279
1.30487
2.21494
5.48945
2.02211
3.41229
1
5.99478
4.5411
1
0.584963
4.90212
4.1644
1
16.7277
3.2854
7
7
7
1.87224
2.5783
1.74361
1.38296
2.19572
1.09755
5.61557
2.02211
1
7.76138
1
3.57745
2.48511
2.45065
1
5.87296
5.83794
1.97685
2.31475
12.6423
5.02237
8.34774
12.9537
7
5.88264
6.74147
7
2.51245
2.70044
1
5.7879
4.13224
7.78398
7.06609
0.410146
3.39199
5.8147
0.68536
1.87224
2.5783
3.7397
6.6408
4.12411
4.92202
5.31118
1.54872
5.43008
2.42096
1.23935
4.39016
0.619787
1
2.85971
3.71182
2.67684
4.60353
1
8.29921
7.71425
7
1.4665
2.43883
2.36316
1
3.42228
6.42391
6.10005
0.95461
2.41908
5.57333
0.420654
3.7481
3.81459
1.87483
14.3061
11.4732
0.673556
0.98724
1.50884
14.3196
2.45943
1
0.584963
1.86425
5.14495
10.0547
5.64386
2.24907
0.375628
3.43722
7.50506
8.15987
2.89327
9.73978
5.81023
3.45104
5.78302
1.57385
1
0.95461
2.918
2.58994
1
6.61961
0.0192228
1
4.92651
3.25677
9.08469
5.70261
2.51954
2.39361
13.7725
4.94251
5.94882
4.13224
7.78398
6.06609
10.799
2.83794
2.12969
4.76518
1.80979
0.951946
2.99515
4.26171
1
0.584963
3.34109
2.06663
5.69845
0.95461
1
0.584963
5.43008
0.736966
14.6547
7.87498
1
4.31159
5.47053
2.25055
4.89571
3.70905
1
12.8445
6.59991
6.74147
6.12102
3.09167
3.18577
5.17725
14.5135
6.75489
3.47393
7.69226
2.67877
4.14439
2.74596
4.8457
1.55452
13.506
3.14048
4.64386
0.441297
6.76645
1.89413
1
5.53902
2.99907
4.04143
1
1.4568
1.66626
1
2.90354
2.74596
4.8457
1.50884
1
0.584963
3.17637
0.619787
15.7806
6.82018
7
13.7088
5.70044
4.10852
4.27824
7.09803
4.60591
4.63245
9.98085
6.01681
14.0256
0.434321
4.57264
9.53333
2.83794
2.12969
4.01878
0.68536
1.87224
2.5783
3.7397
6.6408
4.12411
4.92202
5.31118
1.54872
13.7236
2.51245
7.15987
3.62244
2.99949
7.29605
1.55738
2.72968
5.43773
1
4.90212
5.74074
1
3.7481
1
6.80509
5.14495
1
2.39361
4.12411
1
1.55195
3.81164
4.92651
3.25677
9.08469
3.98968
8.28371
5.82463
2.05063
2.67975
6.47703
0.0325329
1
5.20462
1
4.97168
7.11056
5.61337
1
2.7909
9.40514
2.83794
3.47049
1
4.10689
0.68536
14.22
2.47805
3.76103
2.93054
3.32863
4.22389
5.31118
4.84589
0.0192228
1
4.92651
3.25677
9.08469
4.77992
1.40086
1
0.584963
0.415037
2.6685
4.06557
0.807355
6.81804
2.56954
2.79694
2.87021
3.49473
5.2155
1
10.0493
1.86942
1
4.16664
10.585
7.15482
3.19279
1.30487
2.21494
5.48945
2.02211
3.41229
1
13.7236
6.59991
5.74147
1.63595
3.6362
1.87483
10.4988
6.01681
10.4406
6.76674
10.799
2.83794
2.12969
7.29605
2.67877
4.14439
2.74596
4.8457
5.82915
1
6.13859
0.643933
6.89862
2.49453
3.98968
5.44196
5.62124
0.63222
8.45508
1.47285
4.76518
3.36942
3.73016
5.31118
1
0.584963
2.42096
1.23935
5.01207
10.799
2.83794
2.12969
4.01878
8.28371
1
2.05063
5.2155
1.20305
1
1.47285
4.01878
0.68536
1.87224
11.7551
6.82018
1.48745
2.58694
3.69019
1.78374
10.2408
3.75702
1.87483
0.68328
3.90613
13.0014
6.94251
3.16993
13.8534
7
7
7
7
1.86425
5.14495
10.0547
4.8365
1.64733
6.29621
4.96821
1
1.78374
3.1575
3.16384
1
4.08357
1.09755
4.20229
1.54395
3.93391
9.10844
1.50984
2.89937
1
13.5441
6.79442
14.3867
2.19592
2.73306
13.3196
1.30968
13.4056
2.51245
7.15987
7
6.88264
7
7
4.31276
5.3796
2.55218
9.50283
3.11643
1.55441
2.85237
1
1.40086
1
3.40599
1.55452
1
1.64733
3.49319
1
0.584963
1.66626
4.33408
2.90354
2.74596
4.8457
1.50884
4.12919
1
2.36542
1.54395
4.74126
1
4.59216
3.46267
4.58317
12.3794
5.97728
4.99876
0.204892
2.68005
1
11.8235
6.35252
2.98314
4.31276
4.76518
10.799
2.83794
2.12969
3.9049
2.48511
1
11.7863
6.01123
5.71443
4.13224
7.78398
7.06609
3.54272
4.97168
2.18381
10.6284
2.52356
5.58814
3.51599
1.86425
5.14495
10.0547
4.8365
4.35248
9.10782
1.83007
1.55441
4.27824
4.50508
1.60712
3.42664
4.22389
5.31118
1
3.71846
5.94587
1
12.5594
2.47805
3.71182
1
6.76674
10.799
2.83794
2.12969
12.8445
3.07635
2.54253
13.3739
9.77753
6.58496
9.52552
7
5.88264
6.74147
7
4.63245
9.98085
6.01681
10.4406
5.87567
3.79686
9.4625
5.02237
5.78975
1.47285
1
9.64435
2.06108
1.55441
1
0.584963
4.13372
9.56097
4.57491
1
6.40088
4.92651
3.25677
9.08469
1
3.23795
4.56551
1
14.22
2.47805
3.76103
2.71161
4.62691
3.01245
2.24905
0.932812
4.49729
11.086
4.94251
3.75257
0.68536
1.87224
11.7551
5.82018
3.72326
10.501
3.55695
11.802
2.65467
4.01878
8.28371
2.00492
11.0279
3.37295
3.85603
1.16967
2.39361
2.19859
8.61527
3.47637
5.72155
1.41698
5.70251
1.54872
3.70953
1
1.87224
1
0.736966
7.75689
0.0984357
12.9905
5.20945
5.52356
1.50884
8.31964
3.37241
12.6911
5.5025
3.90689
4.99876
0.204892
1
6.93633
5.74022
2.61493
2.41631
2.19572
1.09755
3.72615
8.77247
0.636396
11.7797
7
9.53333
2.83794
2.12969
12.8445
2.51245
2.70044
1
5.7879
4.13224
7.78398
7.06609
2.67877
4.14439
2.74596
4.8457
1.55452
6.22218
2.69078
4.59216
3.46267
4.58317
12.3794
5.97728
3.75257
0.68536
1.87224
2.5783
3.7397
6.6408
4.12411
4.92202
5.31118
4.84589
0.0192228
1
0.584963
1.66005
2.43001
1
12.0678
8.03067
6.98868
0.0192228
13.4056
2.51245
1
3.62244
1
3.83009
3.91773
3.27978
5.13337
4.06376
14.22
2.06108
1.55441
1
5.42593
1
7.46064
12.1545
6.45943
4.99876
0.204892
1
6.93633
5.74022
2.61493
2.41631
2.19572
1.09755
3.72615
1
0.584963
13.7236
6.59991
5.74147
1.63595
4.06466
6.63864
4.06376
14.22
6.60733
7.54392
5.42593
4.90212
6.57082
2.24907
9.71866
6.60733
7.91831
7.20393
2.67877
4.14439
2.74596
4.8457
1.55452
6.22218
2.69078
4.59216
3.46267
4.58317
12.3794
5.97728
6.77227
1.55738
3.14225
9.07203
1
4.79701
3.23795
4.56551
1
14.22
2.47805
3.76103
1
5.36632
1
4.7029
10.799
2.83794
2.12969
4.01878
0.68536
1.87224
2.5783
3.7397
6.6408
4.12411
4.92202
5.31118
1.54872
13.7236
2.51245
7.15987
3.62244
2.99949
5.03027
4.5411
1
0.584963
0.415037
5.74074
0.420654
3.7481
13.506
6.59991
6.74147
10.0279
10.1388
5.59352
0.420654
4.14679
0.341652
1
1.74153
2.83322
4.90008
1
5.05617
3.27906
3.16384
9.56651
7.09803
4.60591
4.63245
11.3028
2.48168
14.3497
3.14048
4.64386
0.441297
3.71846
1
3.32097
0.68536
1.87224
2.5783
1.74361
1.97079
7.12895
6.7226
7.27612
3.54272
4.97168
2.18381
10.6284
8.10852
6.79442
2.18763
10.4231
2.85971
3.71182
2.67684
4.60353
3.74903
4.08779
5.39066
1
3.4517
6.63864
2.64386
3.18565
2.61798
3.57613
3.09194
4.76518
10.799
6.15987
10.0279
10.1388
6.07895
1.90073
7.7128
10.3794
4.48042
2.58844
3.62244
5.42593
4.90212
5.70261
3.54272
4.97168
2.18381
10.6284
2.52356
4.93184
2.42096
1.23935
5.73988
3.46798
5.38731
5.2155
3.96756
7.29605
2.67877
4.14439
2.74596
4.8457
1.55452
6.22218
2.69078
4.59216
3.46267
4.58317
12.3794
5.97728
4.57162
1.78265
7.63662
2.42785
8.35655
1.33883
1
0.584963
0.415037
5.8408
0.420654
3.18612
3.61813
1.30046
1
2.71294
4.64305
5.39066
1
0.584963
2.26255
6.48147
2.75369
3.09194
1
4.13224
7.78398
6.06609
10.799
2.83794
2.12969
4.04143
1
1.4568
1.66626
1
2.90354
2.74596
4.8457
1.50884
15.3196
7
6.88264
7
6.74147
6.62684
1.81254
0.855561
2.99515
3.25677
13.5441
6.85798
5.82463
6.12102
10.0575
5
3.27186
4.00654
8.75228
1.70627
4.57264
9.53333
2.83794
2.12969
2.20051
1
15.7806
6.82018
7
13.7088
5.70044
4.10852
4.27824
7.09803
2.61969
3.91773
3.12797
10.4406
6.00894
1.24332
7.3781
1
3.75702
1.73644
1.09189
6.37753
1.89648
2.31995
2.74596
0.703162
5.02857
0.643933
1
7.2835
7.04963
1
6.34172
2.13665
2.31995
2.74596
4.8457
3.59044
3.70044
1
4.76518
10.799
6.15987
10.0279
10.1388
3.75702
1
1.4568
1.66626
1
2.90354
2.74596
4.8457
1.50884
1
6.81592
2.67877
4.14439
2.74596
4.8457
1.55452
13.506
3.14048
4.64386
0.441297
4.89899
0.420654
4.14679
5.23939
4.07821
4.88035
1
8.61451
4.90212
5.74074
1
3.7481
4.04763
4.92651
13.7725
4.94251
5.94882
4.13224
7.78398
6.06609
10.799
2.83794
2.12969
4.76518
1.80979
0.951946
2.99515
4.26171
1
0.584963
3.34109
2.06663
5.69845
0.95461
1
0.584963
0.415037
7.78109
2.56954
7.43115
1
4.15295
4.63245
9.98085
6.01681
10.4406
6.76674
10.799
2.83794
2.12969
7.29605
2.56954
2.79694
2.87021
3.49473
5.2155
1
10.0493
1.86942
2.61969
0.172898
1
2.77851
9.07971
6.20457
4.89899
0.420654
4.14679
5.23939
4.07821
4.88035
1
8.61451
4.90212
6.5481
1.91358
6.64039
3.2765
5.61557
1.57385
1
0.95461
3.00258
11.5337
13.7236
6.59991
6.74147
3.47049
3.62244
2.99949
1
14.5135
6.75489
3.47393
7.69226
2.67877
4.14439
2.74596
4.8457
1.55452
13.506
3.14048
4.64386
0.441297
16.7236
3.2854
7
7
7
4.98931
4.69876
5.39041
4.64305
5.39066
1
0.584963
10.799
2.83794
2.12969
1
0.336056
2.58694
4.88354
3.63889
6.55791
4.90212
4.77992
9.10844
1.50984
7.06229
2.02211
3.41229
16.199
7
6.88264
7
6.74147
3.08988
6.40505
10.7087
6.84549
0.375628
3.22327
9.00141
5.59352
0.420654
3.7481
5.17363
10.799
2.83794
2.77388
4.70919
1.47285
4.01878
0.68536
14.22
2.47805
3.76103
2.93054
3.32863
4.22389
5.31118
5.2602
12.4479
7
5.88264
6.74147
7
9.53333
2.83794
2.12969
6.05354
1.90073
1
4.14365
2.41612
4.64305
5.39066
1
5.78136
3.71846
2.96674
9.07971
2.34659
1
4.15112
0.68536
1.04593
3.13611
1
0.951946
4.25196
5.39041
1
0.584963
10.1908
4.15295
9.10844
1.50984
7.06229
2.02211
4.44448
1
0.98724
1.50884
14.3196
2.45943
1
0.584963
1.86425
5.14495
10.0547
6.05889
10.799
2.83794
2.12969
4.04143
1
1.4568
1.66626
1
2.90354
2.74596
4.8457
1.50884
1
0.584963
13.4056
6.59991
5.74147
1.63595
4.06466
4.63245
1
6.01681
10.4406
5.87567
4.96821
2.98351
4.12996
5.50378
2.69078
4.59216
3.46267
4.58317
12.3794
5.97728
3.30667
3.91773
3.12797
10.4406
6.00894
1.24332
7.3781
1
7.40088
1
2.68005
2.70504
11.8235
6.35252
2.98314
4.31276
1
4.92651
13.7725
4.94251
4.57162
3.54272
4.97168
2.18381
10.6284
2.52356
5.58814
3.51599
1.86425
5.14495
10.0547
3.64386
8.28371
5.82463
2.05063
2.67975
7.31353
0.234094
5.43978
1
6.75489
3.47393
7.69226
2.67877
4.14439
2.74596
4.8457
1.55452
2.69936
0.172898
4.8457
5.6579
4.92202
5.31118
1.54872
14.4016
7.79442
7
12.7875
5.34577
4.9542
5.39066
5.61337
1
5.57488
2.61676
11.0403
3.90689
9.85539
5.59352
10.799
2.83794
2.12969
7.29605
2.56954
2.79694
2.87021
3.49473
5.2155
1
10.0493
1.86942
2.61969
0.172898
1
2.77851
9.07971
6.20457
5.71443
2.82649
1.66005
6.86038
0.643933
13.0279
4.36017
5.07391
5.39066
5.61337
1
4.92651
13.7725
4.94251
6.89848
0.420654
4.14679
5.23939
4.07821
4.88035
1
7.00307
3.57613
0.98724
1.50884
1
0.584963
0.415037
3.7481
5.17363
10.799
1
2.61798
13.8061
5.29768
11.7797
7
1.26442
5.40144
10.1843
6.82018
9.19476
9.94398
6.15987
10.2423
7.64386
5.51772
1.60012
5.08538
2.27142
4.18639
8.04455
0.0613759
1
13.1038
3.28491
9.44294
2.39831
5.7594
0.204892
1
6.93633
5.74022
2.61493
2.41631
2.19572
1.09755
3.72615
1
4.04763
4.92651
3.25677
9.08469
6.76674
10.799
2.83794
2.12969
4.01878
8.28371
2.00492
11.0279
3.37295
3.85603
1.16967
2.39361
2.19859
6.59315
4.13224
7.78398
6.06609
10.799
2.83794
2.12969
5.02857
3.79686
9.4625
5.02237
5.78975
1.47285
8.32931
0.588629
3.32267
2.71294
2.57218
1.97685
2.21494
4.59195
11.5422
2.97728
3.75257
0.68536
1.87224
11.7551
5.82018
3.72326
10.501
3.55695
11.802
6.31288
0.0385721
3.57745
4.63245
1
0.584963
10.4406
6.5481
0.619787
15.7806
6.82018
7
13.7088
5.70044
4.10852
4.27824
7.09803
6.13859
0.643933
13.0279
2.51748
4.31276
1
1.24332
7.3781
1
6.81592
1
12.4123
3.40599
1.55452
1
5.57488
1.83145
0.545769
1
4.76518
1
1.23935
2.36312
0.172898
7.25278
1.94522
2.58844
4.97568
2.5827
3.09697
5.2155
1
12.8445
6.59991
6.74147
5.78136
4.93184
10.799
2.83794
2.12969
7.29605
2.67877
4.14439
2.74596
4.8457
1.55452
6.22218
2.69078
4.59216
3.46267
4.58317
12.3794
5.97728
3.61076
4.92651
3.25677
9.08469
6.76674
10.799
2.83794
10.2029
4.63631
1.14981
3.42158
4.16664
1
7.15482
3.19279
1.30487
2.21494
5.48945
2.02211
3.41229
1
13.7236
2.51245
7.15987
3.62244
2.99949
4.04143
1
1.09189
6.37753
1.89648
2.31995
2.74596
8.97057
4.90212
6.76674
10.799
2.83794
2.12969
5.17725
2.36316
1
3.42228
6.42391
6.10005
0.95461
3.00258
11.5337
5.71443
4.13224
7.78398
4.25873
6.23199
7.95807
2.67304
2.36214
4.30137
5.36375
1
5.50378
3.51599
1.86425
5.14495
10.0547
5.64386
2.24907
0.375628
3.43722
7.50506
8.15987
2.89327
9.73978
2.42911
1.89726
1.50884
4.12919
4.17434
2.82388
3.73016
5.31118
5.2602
0.226875
13.8534
7
7
7
7
6.74147
10.0279
10.1388
7.40088
3.14048
4.64386
0.441297
5.43008
10.799
2.83794
2.12969
7.29605
2.56954
2.79694
2.87021
3.49473
5.2155
1
10.0493
1.86942
1
4.92651
3.25677
9.08469
12.5481
6.59991
6.74147
10.0279
10.1388
4.15295
1.40086
1
4.86533
0.998083
3.48063
5.53902
2.99907
3.83009
3.91773
3.12797
10.4406
6.76674
10.799
2.83794
11.7879
2.52356
3.93184
1.73644
1.09189
6.37753
1.89648
2.31995
2.74596
14.2835
2.074
9.22159
6.59991
6.74147
10.0279
10.1388
8.40088
2.48033
2.73067
5.07408
5.24542
0.783388
3.83009
3.91773
3.12797
10.4406
6.76674
10.799
2.83794
11.7879
2.52356
3.61076
4.35248
13.8083
6.78136
3
9.22159
6.59991
6.74147
10.0279
10.1388
3.2716
3.91773
3.12797
10.4406
6.76674
10.799
2.83794
11.7879
2.52356
3.30667
6.23199
1
5.01207
1
1.23935
13.2374
3.14048
4.64386
4.55762
3.28784
2.99515
1.9742
1
7.40088
0.204892
2.68005
1
11.8235
9.15987
6.16928
10.4242
6.07895
4.13224
7.78398
6.06609
10.799
2.83794
2.12969
5.17725
3.54272
4.97168
2.18381
10.6284
8.10852
5.16993
6.05166
10.799
6.15987
10.0279
10.1388
5.59352
7.9937
4.12996
5.43008
10.799
2.83794
2.12969
6.05354
2.28233
1.44471
3.71182
2.73274
1
1.41698
0.98724
1.50884
2.71161
3.89967
1
5.40882
0.00689095
0.164202
1
1.74153
2.83322
5.69845
0.95461
8.79622
0.0613759
1
4.92651
3.25677
9.08469
1
1.24332
1.14612
1
8.45992
1
3.96756
3.9049
1.40086
1
2.30166
12.8061
6.01123
5.43008
2.42096
1.23935
5.57414
0.643933
13.0279
2.51748
4.31276
1
4.92651
2.19859
4.04763
4.92651
4.26171
13.1186
6.79442
7.15987
2.85237
5.17696
2.42096
1.23935
5.01207
10.799
6.15987
10.0279
10.1388
6.07895
2.28233
1.44471
3.71182
2.73274
1
1.41698
0.98724
1.50884
2.71161
3.89967
1
5.40882
0.00689095
0.164202
1
1.74153
2.83322
5.69845
0.95461
8.79622
11.3134
7
5.88264
6.74147
7
14.5135
6.75489
3.47393
9.19476
5.51772
1.60012
5.08538
2.27142
4.18639
1
4.26406
4.63245
1
0.584963
14.0256
0.434321
1
0.807355
5.44031
1.92771
1
3.69905
3.59832
4.06493
1
0.584963
6.13859
0.736966
13.0279
0.807355
4.31276
3.83009
3.91773
3.27978
3.42326
4.06587
2.04378
9.27292
4.34746
9.96139
4.90212
6.76674
10.799
2.83794
2.12969
4.80009
0.420654
4.14679
0.341652
1
1.74153
2.83322
4.90008
1
5.05617
1.57385
1
0.95461
1
4.04763
1
3.25677
9.08469
4.77992
1
9.98085
6.01681
10.4406
5.74074
7.26933
6.50101
5.59352
7.9937
4.12996
3.71846
1
0.584963
0.415037
3.0646
4.90212
0.807355
6.29734
10.1388
3.2716
6.33173
4.60182
3.67243
7.31644
5.17991
5.26622
5.39066
5.61337
4.53916
1
1.4568
1.66626
1
2.90354
2.74596
4.8457
1.50884
1
6.81592
2.67877
4.14439
2.74596
4.8457
1.55452
3.81459
2.15133
3.06481
3.87104
4.49729
2.82388
2.13906
1
4.20229
5.99933
9.74584
6.97728
2.01792
11.7797
7
8.82972
6.75489
3.47393
4.42217
0.68536
1.87224
2.75369
2.93618
2.85237
4.30796
4.63245
1
6.01681
10.4406
6.76674
10.799
2.83794
2.12969
6.05354
2.69078
4.59216
3.46267
4.58317
12.3794
5.97728
6.77227
2.56954
2.79694
2.87021
3.49473
5.2155
1
10.0493
1.86942
2.61969
0.172898
1
2.77851
9.07971
6.61961
0.0192228
13.4056
6.59991
6.74147
4.39855
5.53583
6.87774
1
2.96674
9.07971
2.34659
1
3.6362
1.73644
1.09189
6.37753
1.89648
2.31995
2.74596
8.97057
4.90212
5.70261
3.54272
4.97168
2.18381
10.6284
2.52356
4.93184
2.42096
1.23935
5.57414
3.97465
3.29207
3.76103
1.20956
2.58844
2.85237
1
2.67877
4.14439
2.74596
4.8457
16.0652
7
6.88264
7
6.74147
6.62684
7.66447
4.62879
5.01502
11.3625
5.43741
3.66941
4.22389
0.928592
4.22478
1
4.1644
1
3.25677
1
12.5481
4.01495
6.9542
2.77355
9.50034
0.0385721
3.74618
1
4.76367
4.33568
3.92721
1.66917
3.89967
1
3.01439
9.05606
7.42626
4.90212
7.37817
8.45992
2.41908
4.57186
1
6.75489
3.47393
7.69226
2.67877
4.14439
2.74596
4.8457
16.0652
7
6.88264
7
6.74147
3.12039
4.31811
5.74022
2.61493
2.41631
2.19572
1
5.7761
4.13224
9.10591
5.26053
1.13855
5.53902
1
3.87007
4.92651
3.25677
9.08469
3.68701
4.31811
4.44028
9.85539
4.49399
3.45104
5.78302
1.57385
1
0.95461
2.918
2.58994
1
0.584963
1.40086
4.23228
3.52619
3.72287
3.73803
4.58314
11.086
4.94251
3.61076
6.29734
10.1388
7.40088
5.31366
4.25208
12.2729
7.12928
4.49825
4.57264
9.53333
2.83794
2.12969
4.04143
1
0.584963
5.07203
9.44394
0.304715
4.63223
7.9937
4.12996
3.71846
15.4773
4.82018
5.64386
5.43185
2.82388
4.66742
5.39066
5.61337
1
1.64733
4.91232
0.204892
1.66626
4.102
1.92203
3.13171
3.00258
2.30484
1.47285
6.05354
1
1.86425
5.14495
10.0547
6.05889
10.799
2.83794
2.12969
6.05354
13.5118
7
10.5298
4.14871
6.56137
8.71596
6.76818
2.58844
2.85237
4.98056
14.5135
6.75489
3.47393
4.42217
0.68536
1.87224
2.75369
2.93618
2.85237
6.26296
1
6.83083
0.133619
1
2.82699
1.74153
1
6.55791
1
6.76674
10.799
6.15987
10.0279
10.1388
6.07895
13.5118
7
10.5298
4.63203
3.91773
3.29359
2.7782
2.68005
2.22897
1.23365
3.16384
1.66005
1
8.28371
9.61471
4.34239
4.25208
1.78374
3.1575
10.4848
13.4213
6.89482
3.47049
2.85237
10.9318
7.59991
6.75489
8.65882
2.48168
4.93184
6.6947
1.47334
10.0882
1
6.59315
9.64435
2.06108
1.55441
2.85237
1
0.584963
11.7277
6.59991
6.74147
2.98351
1.78374
14.0481
4.5025
5.97871
5.50221
5.31813
14.5593
6.93074
7.15987
2.85237
4.10689
1
1.87224
2.5783
1.74361
2.25055
12.7806
5.20945
2.73306
11.8602
6.81592
12.1545
6.45943
14.3497
2.51245
7.15987
13.0468
7.07682
1.20305
7.42096
9.17243
12.1112
9.4732
2.01792
8.07928
7.26933
6.50101
6.40088
2.96674
5.99933
2.36733
3.49498
5.46825
2.47329
1.54872
5.43008
10.799
6.15987
10.0279
10.1388
3.75702
1
1.4568
1.66626
1
2.90354
2.74596
4.8457
1.50884
1
6.81592
2.67877
4.14439
2.74596
4.8457
1.55452
13.506
3.14048
4.64386
0.441297
4.37123
3.54272
6.6215
1
2.99949
4.80009
0.420654
4.14679
5.23939
4.07821
4.88035
1
8.61451
4.90212
4.1644
4.92651
3.25677
9.08469
1
6.29734
10.1388
6.07895
8.45992
2.18381
3.96756
1
2.15133
14.3867
2.19592
2.73306
11.8602
6.40088
3.23795
4.56551
2.7841
4.44846
2.6924
3.64281
6.55791
4.90212
5.70261
3.54272
4.97168
2.18381
10.6284
2.52356
5.58814
3.51599
1.86425
5.14495
10.0547
4.8365
1.64733
5.11346
2.24907
0.375628
3.43722
7.50506
8.15987
2.89327
9.73978
5.81023
3.45104
5.78302
1.57385
1
0.95461
2.918
2.58994
1
15.0988
6.59991
6.74147
6.12102
3.09167
3.18577
3.9049
1
3.24714
4.86533
0.998083
5.07391
5.39066
5.61337
1
4.16664
0.441297
6.76645
1.89413
1
5.53902
2.99907
4.04143
1
1.4568
1.66626
1
2.90354
2.74596
4.8457
1.50884
1
0.584963
5.43978
8.82972
6.75489
3.47393
4.42217
0.68536
1.87224
2.75369
2.93618
2.85237
4.30796
4.63245
1
6.01681
10.4406
5.87567
4.96821
2.98351
4.12996
3.12039
1.87483
6.6408
1
9.44394
0.304715
4.63223
7.9937
4.12996
3.71846
1
10.1388
8.40088
3.2854
7
7
7
2.83794
2.12969
7.29605
3.06439
12.4123
1.91026
5.26622
5.40564
8.48985
5.38731
5.39066
5.61337
3.4517
9.10844
1.50984
11.4062
2.15508
2.47329
4.84589
12.9537
7
5.88264
6.74147
7
4.13224
7.78398
6.06609
10.799
2.83794
2.12969
4.80009
0.420654
4.14679
0.341652
1
1.74153
2.83322
4.90008
1
5.05617
1.57385
1
0.95461
1
4.04763
1
3.25677
9.08469
6.76674
10.799
6.15987
10.0279
10.1388
8.40088
14.165
10.6439
7.16993
2.42096
1.23935
3.42871
1
3.16558
6.23199
14.7525
7.90087
6.42626
1.55452
7.23925
1.55738
3.14225
9.07203
7.60733
4.52356
3.71846
5.94587
4.85774
2.99949
4.80009
0.420654
4.14679
5.23939
4.07821
4.88035
1
8.61451
10.7249
