161
8
8
7.87652
7.42626
8
6.49719
4.2555
1
4.79008
1
8.24793
4.97936
8.33539
6.3837
5.69349
3.67377
4.90689
6.70736
5.92283
6.65105
5.65535
4.53743
3.94307
3.9649
6.07325
3.53107
2.61005
2.94486
4.87856
5.63421
7.52356
4.61471
5.05683
1
5.72247
2.98351
5.14975
4.05311
1
5.20945
7.45121
6.33985
6.05724
4.23266
1
7.24793
4.02791
3.83094
1
5.80735
7.53916
4.33787
6.45943
6.04439
6.63421
5.86625
4.93411
5.73471
4.08746
4.32193
5.06609
5.59246
6.66297
4.30256
5.27922
6.16323
5.45396
5.47573
5.44057
4.52748
7.69349
3.67054
5.76818
2.98351
5.14975
4.05311
1
5.20945
4.64386
6.76818
3.85031
6.87652
5.29278
5.45121
4.32193
4.79008
4.39232
7.24793
4.02975
5.12928
7.61471
6.67948
7.53916
5.41504
6.69349
4.12553
7.82655
3.42146
4.32193
3.88753
4.16993
6.91886
3.93074
6.54946
5.27053
7.24793
4.86507
4.9542
7.53916
4.50901
5.16323
4.36712
5.2854
7.87652
5.79701
4.39232
8.24793
4.97936
4.16547
5.72247
4.29068
7.56986
7.57743
7.34873
5.29155
5.08215
6.10154
4.36923
7.24793
6.02791
5.8413
4.52356
4.53743
7.71425
4.02791
3.83094
1
5.80735
7.53916
4.33787
6.45943
8.04439
4.91886
5.78136
5.65535
5.70736
3.93074
4.8125
4.45943
5.45396
5.47573
8.24793
7.9542
6.35755
5.59246
6.79442
3.80735
5.65617
4.19114
5.24793
1
5.74416
6.73471
4.61471
5.05683
5.08215
6.6865
5.92481
5.63421
7.52356
4.61471
5.05683
1
7.04439
4.25376
5.99247
5.11151
5.44057
4.13516
4.38606
7.37504
7.37504
6.39803
3.94307
3.9649
1
5.2936
5.11151
7.24793
1.80296
6.66107
4.66107
1
5.65617
4.19114
5.24793
1
5.74416
6.73471
4.61471
5.05683
5.08215
6.6865
6.92481
4.97936
4.16547
6.45943
3.53107
2.61005
2.94486
1
0.584963
5.49185
6.75489
5.15265
5.49719
7.26679
5.1416
7.67948
6.34873
5.09954
6.75043
5.8392
4.21245
4.49185
3.848
5.28011
5.65535
5.70736
3.93074
7.13443
5.1127
14.3157
8
2.61005
2.94486
1
4.97936
5.75043
7.45121
3.83094
7.00562
4.91488
4.91222
5.65535
5.70736
3.93074
4.9645
3.10753
13.333
4.30256
4.70659
5.59096
5.08746
7.93664
4.2647
4.23406
4.91561
5.80735
4.12553
7.82655
4.97936
4.16547
6.04439
4.31228
4.29546
5.03953
4.90689
7.6865
4.50901
7.74819
7.59991
6.44294
6.58496
5.29155
5.08215
6.10154
4.36923
7.24793
6.67243
7.49185
7.34873
5
4.43962
1
0.584963
0.415037
6.24159
7.21917
5.78136
6.76818
4.02975
7.12928
6.42626
6.44294
5.91488
4.24031
4.59694
4.66107
4.94084
4.50901
6.45943
4.97936
8.33539
6.3837
5.69349
3.67377
4.90689
6.70736
5.92283
6.65105
4.65535
3.32747
5.6837
5.24031
2.38143
14.333
4.35755
4.37156
5.58496
7.65821
7.48382
4.12553
6.82655
3.53107
2.61005
2.94486
4.87856
5.63421
7.52356
4.61471
5.05683
1
5.72247
2.98351
5.14975
4.05311
1
5.20945
4.64386
6.76818
4.65617
4.12199
4.23522
6.82655
3.53107
2.61005
7.85175
6.53916
4.28876
6.90087
6.63421
5.86625
4.93411
5.73471
4.08746
4.32193
5.06609
5.59246
7.24793
5.2936
4.91886
5.59246
6.14975
6.01495
6.53138
7.70736
5.16993
5.29593
1
8.24793
5.12928
4.28204
7.84549
4.12553
7.82655
4.65617
5.94486
0.0863085
6.27373
8.04985
8
3.29278
6.70736
7.52356
7.49185
4.59694
4.66107
6.74819
5.16993
6.10329
6
3.8413
14.333
4.27955
6.59991
7.74147
4.9386
5.56224
6.98299
7.53138
7.5157
6.08746
6.74147
7.62936
6.3837
8.46441
3.42824
8.16993
4.36923
5.89885
1
7.57743
4.86507
4.9542
7.53916
0.781878
3.30697
9.44874
3.51096
3.29278
6.70736
7.52356
6.56986
5.03953
6.25424
4.10046
3.74416
7.24793
3.53107
1
0.584963
0.415037
7.87652
7.44294
5.47249
4.65025
3.86419
1
7.90087
5.53138
6.35755
1
11.7707
3.42146
4.32193
3.88753
4.16993
6.91886
3.93074
3.27645
6.45943
4.97936
4.16547
5.72247
4.29068
7.56986
7.57743
7.34873
5.29155
5.08215
6.10154
4.36923
7.24793
6.02791
5.8413
4.52356
4.53743
7.71425
4.02791
3.83094
1
5.80735
7.53916
4.33787
6.45943
8.04439
4.91886
5.78136
5.65535
5.70736
3.93074
4.8125
4.45943
5.45396
5.89077
2.38143
12.333
4.65617
4.12199
4.23522
7.82655
3.15843
3.68983
8.20945
6.39232
6.76818
4.86507
4.9542
5.53916
3.53107
2.61005
2.94486
1
0.584963
3.848
4.08746
4.88753
6.00749
6.69349
5.32193
5.49185
5.70736
3.93074
6.54946
5.27053
7.24793
3.53107
6.02791
5.93074
5.14568
7.6865
5.29068
4.16993
5.55459
4.64386
4.35755
6.46352
7.9542
6.35755
5.59246
6.79442
3.80735
5.1416
7.55075
7.34873
4.61891
12.4529
5.63421
7.52356
4.61471
5.05683
1
7.04439
4.25376
5.99247
5.11151
7.24793
1.80296
6.66107
4.66107
1
5.65617
4.19114
5.24793
1
5.74416
6.73471
4.61471
5.05683
5.08215
6.6865
3.30581
13.0111
4.42931
7.87652
7.42626
8
6.49719
4.2555
3.87915
4.79008
1
5.44057
4.52748
6.69349
5.76155
6.61471
5.44294
14.3157
8
2.61005
2.94486
5.2936
3.51096
3.29278
6.70736
7.52356
6.56986
5.03953
6.25424
4.10046
3.74416
8.24793
4.36923
7.48382
4.91561
3.95936
4.87856
4.31228
4.58496
5.59694
7.84549
4.12553
7.82655
4.97936
4.16547
6.45943
4.12928
4.52356
5.1224
3.68983
5.03953
5.51728
1
7.26679
4.65617
4.12199
4.23522
7.82655
5.6105
5.38543
6.59246
5.01346
6.78136
2.83872
12.333
5.00409
5.96
4.54432
6.54946
3.9649
6.65821
7.67243
6.52356
2.61005
3.60382
3.79008
6.90087
3.51096
6.35168
5.3505
5.79442
6.10154
4.75489
3.88536
4.10046
5.48113
2.38143
12.333
4.65617
4.12199
4.23522
6.82655
4.13516
5.84549
4.67646
4.23406
5.20511
6.08746
1
6.81378
1
5.86625
4.93411
5.73471
4.08746
4.32193
5.06609
5.59246
7.24793
5.2936
4.91886
5.59246
6.14975
6.01495
6.53138
7.70736
5.16993
5.29593
1
8.24793
7.9542
7.35755
6.58496
7.89482
4.29068
7.56986
5.76155
5.61471
6.82655
3.53107
2.61005
2.94486
4.87856
5.63421
7.52356
4.61471
5.05683
5.49719
5.27053
8.24793
3.61143
6.20294
5.67948
7.82655
4.71741
5.92283
5.25424
5.22882
5.26053
5.65617
5.005
1
0.584963
0.415037
7.24793
3.53107
4.56847
6.89482
3.53107
2.61005
2.94486
5.2936
5.6105
5.38543
6.59246
4.08746
4.32193
6.06609
5.26053
5.2936
3.51096
3.29278
6.1224
7.44294
6.57743
4.47249
5.8392
4.21245
4.75489
7.92481
4.29068
4.7625
4.03148
6.61471
6.44294
5.77259
9.9234
3.04629
6.27373
8.04985
8
5.8413
4.52356
4.53743
6.71425
4.65617
6.68182
5.78136
5.27053
4.21245
4.49185
3.32747
4.09873
5.24793
4.66107
6.16323
4.13203
7.81378
4.06805
3.82889
5
4.12199
7.82018
7.37504
6.67948
7.44294
4.33539
6.6865
3.30581
12.748
4.36923
5.89885
4.79008
6.05724
8.13955
8
4.69349
7.46352
4.59694
7.02237
4.67646
4.23406
3.79008
6.3159
4.13516
5.26053
5.07325
3.68983
1
4.65617
6.68182
4.19114
5.24793
1
5.74416
6.73471
4.61471
5.05683
5.08215
5.10154
1
6.70736
4.13203
7.81378
2.98351
5.14975
4.05311
1
5.20945
4.64386
6.76818
4.02975
5.12928
7.61471
6.67948
7.53916
5.41504
4.69349
5.65617
3.53107
2.61005
2.94486
5.1416
4.27955
7.59991
7.58496
5.1375
7.24793
4.86507
4.9542
6.53916
3.96578
4.54432
3.61086
7.02237
5.81592
5.76818
6.02791
5.8413
4.52356
4.53743
6.71425
5.1416
6.67948
7.40939
4.23406
4.79008
5.97728
5.69349
4.79701
3.88536
4.10046
1
7.24793
5.2936
6.53398
5.98299
5.3505
5.47249
4.23522
6.82655
3.53107
2.61005
2.94486
6.46352
5.14684
4.44294
5.6837
5.50779
1
7.42626
6.3837
8.46441
3.42824
8.16993
4.52748
6.69349
5.76155
1
7.82655
6.1964
6.58496
6.08746
4.28204
5.26053
6.87856
7.67243
4.2647
4.23406
4.79008
7.56224
6.14975
4.92283
5.05311
6.40939
5.11746
4.65617
4.12199
4.23522
7.82655
6.46352
6.64386
7.42626
6.35168
5.3505
5.79442
5.10154
5.41504
5.40599
5.9386
6.20945
5.59694
5.15843
4.85798
5.18322
3.51096
3.29278
6.1224
6.44294
5.32193
4.96578
5.16189
6.10329
4.07325
5.2936
5.6105
3.9
6.7879
3.59163
7.74819
4.91488
3.68983
4.50901
7.04439
4.14975
5.20163
1
4.87652
3.74416
7.24793
3.51096
3.29278
4.1224
4.87652
5.79008
3.95842
14.333
4.7211
4.51658
5.08215
6.6865
7.59246
5.86625
7.67948
7.3837
6.76818
4.02975
7.12928
6.42626
6.44294
5.91488
4.24031
4.59694
4.66107
4.94084
8.20945
4.43463
8.30997
9.01959
8
2.61005
2.94486
6.46352
4.36923
5.89885
1
7.57743
4.86507
4.9542
6.53916
5.63421
7.52356
4.61471
5.05683
1
5.72247
2.98351
5.14975
4.05311
1
5.20945
4.64386
5.18322
3.51096
3.29278
6.70736
7.52356
6.56986
5.03953
6.25424
4.10046
5.48113
2.38143
14.333
5.08746
5.19827
6.3159
6.88874
7.87036
7.42626
5.43463
2.38143
12.748
4.36923
7.48382
4.91561
3.95936
5.65617
4.30256
4.70659
5.59096
5.08746
7.93664
4.2647
4.23406
4.91561
5.80735
4.12553
6.24159
7.21917
5.78136
6.76818
4.02975
7.12928
6.42626
6.44294
5.91488
4.24031
4.59694
4.66107
4.94084
4.88753
5.27053
8.24793
7.9542
7.35755
6.58496
6.89482
5.06805
5.08746
6.35168
3.97199
5.37851
5.80735
4.12553
6.24159
4.02791
6.53138
3.97199
4.89308
6.90087
5.63421
7.52356
4.61471
5.05683
1
5.72247
2.98351
5.14975
4.05311
1
5.20945
4.64386
5.76818
4.31228
4.29546
5.03953
4.90689
6.6865
6.46352
6.64386
7.42626
6.35168
5.3505
5.79442
6.10154
6.53916
3.55459
11.4529
3.53107
2.61005
2.94486
5.2936
3.51096
3.29278
6.70736
7.52356
6.56986
5.03953
6.25424
4.10046
3.74416
8.24793
4.36923
7.48382
4.91561
3.95936
6.87856
5.12928
4.28204
7.84549
4.12553
7.82655
4.97936
4.16547
7.04439
7.9542
6.35755
5.46597
6.39232
6.92481
4.97936
8.33539
6.3837
5.69349
3.67377
4.90689
6.70736
5.92283
6.65105
4.65535
3.32747
5.6837
4.39232
5.44057
4.52748
7.69349
3.67054
5.18322
4.25376
5.99247
5.11151
7.24793
4.65617
5.68182
3.51096
3.29278
6.70736
7.52356
4.90689
6.80735
4.49185
7.78463
3.96578
4.54432
3.61086
7.02237
7.40088
7.33985
7.34873
7.87652
7.44294
5.47249
4.65025
3.86419
4.79008
4.59585
3.94307
1
6.07325
5.06805
4.86507
1
6.85175
5.29278
4.55459
5.65617
3.53107
5.53605
5.46597
6.39232
6.92481
4.32747
5.56224
7.79442
4.8147
3.05889
1
5.80735
1
7.82655
3.96578
4.54432
3.61086
7.02237
5.81592
5.76818
3.53107
4.56847
6.89482
3.67094
4.37977
1
3.70044
4.87856
5.63421
7.52356
4.61471
5.05683
1
5.72247
2.98351
5.14975
4.05311
1
5.20945
4.64386
6.76818
3.85031
6.87652
5.29278
5.45121
4.32193
4.79008
5.24031
2.38143
13.0111
4.97936
6.33539
5.99247
5.18587
6.59991
5.12102
6.87652
3.94307
3.9649
6.07325
4.82704
6.73471
4.1224
4.55459
1
4.86507
4.9542
5.53916
3.53107
2.61005
2.94486
1
4.19114
5.24793
1
5.74416
6.73471
4.61471
5.05683
5.08215
6.6865
5.04439
6.05724
4.23266
1
8.24793
4.9386
4.89077
4.08746
4.12199
6.82018
7.44294
5.38543
5.59246
5.79442
6.48382
3.7851
5.80735
6.49719
5.1127
14.3157
8
2.61005
2.94486
5.87856
4.42931
7.87652
7.42626
8
6.49719
4.2555
3.87915
4.79008
1
6.66297
4.30256
7.87652
5.61471
7.82655
4.59694
7.65821
6.52356
7.92481
4.19114
4.98489
7.98299
6.43463
5.0761
4.61471
3.9573
6.1416
3.61143
4.61798
4.31159
3.79256
7.82655
5.25424
5.89885
5.0761
4.61471
5.05683
4.49719
4.57743
4.35755
5.65617
3.53107
5.53605
5.46597
6.39232
7.92481
4.19114
5.24793
1
5.74416
6.73471
4.61471
5.05683
5.08215
6.6865
5.92481
5.63421
7.52356
4.61471
5.05683
1
7.04439
4.25376
5.99247
5.11151
8.24793
4.97936
8.33539
7.3837
4.65208
6.24159
6.37504
6.69349
4.12553
7.82655
4.97936
4.16547
4.72247
4.65617
8.20945
6.39232
6.76818
4.86507
4.9542
5.53916
3.53107
2.61005
2.94486
1
0.584963
3.848
4.08746
4.88753
6.00749
6.69349
5.32193
5.49185
5.70736
3.93074
6.54946
7.59246
2.38143
12.748
6.63421
6.45121
4.93074
5.60288
4.52748
6.69349
5.76155
1
6.82655
3.53107
2.61005
2.94486
4.87856
6.63421
5.86625
4.93411
5.73471
4.08746
4.32193
5.06609
5.59246
6.66297
4.30256
5.27922
6.16323
5.45396
5.47573
8.24793
4.97936
8.33539
7.3837
4.65208
6.24159
6.37504
6.69349
4.12553
7.82655
3.80128
3.8392
6.59991
6.74819
5.65535
5.70736
3.93074
6.54946
5.27053
8.24793
7.9542
6.35755
3.60382
4.91561
3.95936
5.1416
7.55075
7.34873
4.61891
12.4529
5.63421
7.52356
4.61471
5.05683
1
7.04439
4.25376
5.99247
5.11151
6.66297
0.0863085
6.27373
8.04985
8
6.80735
4.74819
5.35755
6.87652
3.94307
3.9649
6.07325
3.53107
2.61005
2.94486
1
4.90689
4.47249
4.8392
4.05889
6.10329
4.12553
6.82655
4.06805
3.82889
1
5.16993
5.29593
8.06609
6.33985
6.05724
4.23266
1
6.66297
7.8392
6.39232
7.39232
3.83094
6.00562
5.29278
6.92481
4.97936
4.16547
6.45943
3.53107
2.61005
1
6.06609
5.26053
5.2936
3.51096
6.35168
5.3505
5.79442
6.10154
4.75489
3.88536
4.10046
6.06609
7.55459
5.35755
8.46441
6.5157
7.37504
8
2.61005
2.94486
5.65617
4.32747
4.75489
4.01346
5.23522
6.87652
3.94307
6.08037
1
7.24793
4.2936
5.45396
6.47573
4.92735
6.89482
3.51096
4.35168
6.13443
6.10154
3.848
6.08746
5.35755
7.87652
5.66107
5.90689
5.60288
4.06805
1
5.67807
5.16993
5.51833
5.29278
5.29155
5.08215
6.10154
4.36923
7.24793
6.02791
5.8413
4.52356
4.53743
7.71425
3.53107
2.61005
2.94486
1
4.19114
5.24793
1
5.74416
6.73471
4.61471
5.05683
5.08215
6.6865
3.30581
12.748
7.9542
7.35755
6.58496
6.89482
4.52748
1
5.76155
5.61471
7.82655
5.78136
5.27053
4.32793
7.24793
2.98351
5.14975
4.05311
1
5.20945
4.64386
6.76818
4.30256
7.87652
5.61471
7.82655
4.59694
7.65821
6.52356
6.92481
4.02975
5.12928
7.61471
6.67948
7.53916
5.41504
4.69349
6.1416
4.65617
8.20945
6.39232
6.76818
3.96578
4.54432
3.61086
7.02237
5.81592
5.76818
6.02791
5.8413
4.52356
4.53743
7.71425
5.6105
5.38543
6.59246
5.01346
7.78136
4.17792
13.3157
7.33985
7.34873
4.61891
12.4529
5.63421
7.52356
4.61471
5.05683
1
5.45943
4.30256
5.05683
5.27479
6.25424
4.10046
3.74416
7.24793
7.7211
8
5.33628
6.65821
3.02066
3.94307
3.9649
1
4.65617
5.72792
5.69349
4.3505
4.93074
6.92481
3.53107
2.61005
2.94486
4.87856
6.63421
5.86625
4.93411
5.73471
4.08746
4.32193
5.06609
5.59246
6.66297
4.30256
5.27922
6.16323
5.45396
5.47573
7.24793
5.08746
5.19827
6.90087
3.61143
4.98055
5.20945
6.39803
3.94307
3.9649
1
4.65617
8.20945
6.39232
7.76818
4.97936
8.33539
7.3837
4.65208
6.24159
6.37504
7.69349
5.29278
5.29155
5.08215
1
6.92481
4.97936
4.16547
6.45943
3.53107
2.61005
1
7.61471
5.37504
8.30997
9.01959
8
7.12928
7.42626
4.12928
12.4529
7.73471
8
6.58496
7.71425
5.73471
5.81592
4.30518
6.01495
5.43962
6.62449
3.10753
14.333
7.67243
7.40088
7.59246
6.5157
7.89482
4.02975
7.12928
6.42626
6.44294
5.91488
4.24031
4.59694
4.66107
4.94084
4.50901
4.72247
4.65617
4.12199
4.23522
6.82655
3.53107
2.61005
2.94486
5.2936
5.6105
3.9
6.7879
3.59163
7.74819
4.91488
3.68983
4.50901
8.04439
4.86507
4.9542
5.53916
3.53107
2.61005
2.94486
1
6.1964
6.58496
6.08746
4.28204
5.26053
8.46352
2.92735
5.56986
5.12102
7.87652
6.98299
6.53138
7.70736
7.11894
4.52356
5.18322
3.51096
3.29278
6.1224
6.44294
5.32193
4.96578
5.16189
6.10329
7.65821
2.44478
14.333
4.52748
6.69349
5.76155
1
7.82655
4.42931
7.87652
7.42626
8
6.49719
4.2555
3.87915
4.79008
1
8.24793
3.61143
4.98055
4.53138
4.69349
7.46352
4.59694
7.65821
6.52356
5.92481
4.13171
4.974
5.07325
3.68983
1
4.65617
6.14296
5.97728
3.80735
5.65617
3.53107
4.56847
5.30986
4.30256
6.86419
5.86419
3.05889
5.20511
5.91488
5.09954
4.08746
3.70044
6.46352
7.9542
7.35755
7.34873
5.76818
3.53107
2.61005
2.94486
4.87856
5.63421
7.52356
4.61471
5.05683
1
5.72247
2.98351
5.14975
4.05311
1
5.20945
4.64386
6.76818
4.65617
4.12199
4.23522
6.82655
3.53107
2.61005
7.85175
6.53916
4.28876
6.3159
5.2936
4.91886
5.59246
6.14975
6.01495
6.53138
7.70736
5.16993
5.29593
1
8.24793
4.36923
7.48382
4.91561
3.95936
5.65617
4.19114
4.98489
7.98299
6.43463
5.0761
4.61471
6.86419
4.12553
6.82655
3.53107
2.61005
2.94486
5.1416
3.42146
4.32193
3.88753
4.16993
6.91886
3.93074
6.54946
5.27053
7.24793
4.86507
4.9542
7.53916
4.50901
5.16323
4.36712
5.2854
7.87652
5.79701
4.39232
7.24793
6.02791
5.8413
4.52356
4.53743
7.71425
4.02791
3.83094
1
5.80735
7.53916
4.33787
6.45943
7.04439
4.8392
5.08215
5.10154
6.70736
6.38082
5.38543
4.10046
6.06609
4.23266
9.9234
3.04629
6.27373
8.04985
8
6.35755
5.46597
6.39232
7.92481
4.25376
5.99247
5.11151
7.24793
3.53107
2.61005
2.94486
4.87856
6.63421
5.86625
4.93411
5.73471
4.08746
4.32193
5.06609
5.59246
7.24793
4.65617
4.12199
4.23522
7.82655
7.9542
6.35755
5.46597
6.39232
5.60288
4.13516
4.38606
7.37504
7.37504
6.66107
4.66107
1
5.65617
4.30256
7.87652
5.61471
6.82655
3.53107
2.61005
7.85175
5.81592
6.18322
4.19114
4.98489
7.98299
6.43463
5.0761
4.61471
7.86419
8
7.49985
7.9542
6.35755
5.46597
6.39232
7.92481
6.03562
5.5157
7.03892
4.59991
5.90689
5.65617
4.30256
7.87652
5.61471
6.82655
3.53107
2.61005
7.85175
5.81592
6.76818
5.1416
4.87213
7.49985
8
7.49985
7.9542
6.35755
5.46597
6.39232
6.33985
4.30256
7.87652
5.61471
6.82655
3.53107
2.61005
7.85175
5.81592
6.76818
4.50901
4.42626
6.89482
3.53107
4.56847
6.89482
4.25376
4.99247
7.11894
5.8413
4.08746
4.4021
6.6865
6.92481
4.02975
5.12928
7.61471
6.67948
7.53916
4.90689
5.84967
6.33985
4.86507
4.9542
5.53916
3.53107
2.61005
2.94486
5.1416
3.96578
4.54432
3.61086
7.02237
7.40088
8
7.49985
3.53107
5.53605
5.46597
6.39232
6.92481
6.43879
4.32793
7.24793
3.53107
2.61005
2.94486
5.65617
5.22055
4.6105
5.47249
5.01282
6.76155
4.37504
5.29155
5.08215
5.10154
4.83007
4.13203
7.81378
5.40088
5.45943
4.90689
3.67377
4.90689
1
3.93074
4.9645
3.10753
12.333
4.65617
4.12199
4.23522
7.82655
4.59694
4.85086
1
5.08746
3.61086
3.70044
5.1416
4.13516
1
7.65821
7.61471
5.1375
7.24793
3.53107
1
7.89482
1
4.98055
1
4.69349
6.1416
4.65617
4.50901
4.72247
4.65617
4.88753
7.59246
7.40939
7.48382
3.79008
7.90087
3.53107
4.56847
6.89482
3.53107
5.53605
5.46597
6.39232
6.92481
5.22055
4.6105
5.47249
5.01282
6.76155
4.37504
5.29155
5.08215
5.10154
4.83007
4.13203
7.81378
5.40088
5.45943
4.90689
3.67377
4.90689
1
3.93074
4.9645
7.49985
6.3837
8.46441
3.42824
8.16993
7.55075
7.34873
4.61891
12.4529
5.73471
5.81592
4.30518
6.01495
5.43962
4.50901
5.45943
4.52748
6.69349
5.76155
6.61471
5.44294
14.3157
8
6.86419
5.29278
5.71425
5.27798
4.40599
5.28011
5.65535
4.36923
8.24793
3.61143
4.98055
4.53138
4.69349
5.65617
4.30256
4.70659
1
5.83289
4.90689
5.59096
5.00749
7.84549
4.12553
6.82655
3.53107
2.61005
2.94486
1
4.97936
8.33539
6.3837
5.69349
3.67377
4.90689
6.70736
5.92283
6.65105
5.65535
5.70736
3.93074
1
4.72247
4.65617
4.12199
4.23522
6.82655
4.52748
6.69349
5.76155
1
7.82655
5.26887
3.96578
6.92481
6.43879
4.32793
7.24793
5.00409
7.76155
4.12553
4.41709
4.12553
7.82655
4.2156
6.39232
6.33985
3.88753
6.76155
5.15265
6.49719
7.47573
5.52356
3.94307
3.9649
7.65821
4.19114
5.24793
1
5.74416
6.73471
4.61471
5.05683
5.08215
6.6865
5.92481
5.63421
7.52356
4.61471
5.05683
1
5.72247
3.57447
5.09452
4.65662
5.59694
6.38082
5.38543
4.66107
6.16323
3.18094
6.2854
5.86625
6.35755
8.30997
9.01959
7.33985
7.34873
4.61891
10.3375
3.51096
3.29278
4.1224
4.87652
3.79008
6.3159
4.52748
6.69349
5.76155
1
6.82655
3.53107
2.61005
2.94486
5.65617
2.98351
5.14975
4.05311
1
5.20945
4.64386
5.76818
6.63421
5.86625
4.93411
5.73471
4.08746
4.32193
5.06609
5.59246
6.66297
4.30256
5.27922
6.16323
5.45396
5.89077
2.38143
12.748
7.9542
6.35755
6.00749
4.98299
4.9
6.53916
1
5.45396
6.47573
4.92735
7.89482
4.19114
4.98489
7.98299
6.43463
5.0761
4.61471
6.86419
4.12553
7.82655
3.96578
4.54432
3.61086
7.02237
5.81592
5.76818
3.53107
4.56847
7.89482
5.78136
7.40939
5.79442
3.6865
3.05889
3.79008
6.90087
5.63421
7.52356
4.61471
5.05683
6.49719
3.95842
6.05724
4.23266
1
8.24793
4.10852
5.52356
4.57827
7.50779
7.36632
5.8413
3.88536
4.99354
4.08215
4.23522
7.82655
4.65617
4.12199
4.23522
7.82655
2.9542
5.7211
4.46761
4.98489
2.44478
12.748
4.51096
4.94084
5.67243
5.97728
5.64386
4.83007
5.71699
7.91886
7.47573
6.45121
4.12553
6.24159
5.08746
3.27645
7.04439
7.55075
7.34873
4.61891
12.4529
5.63421
7.52356
4.61471
5.05683
6.49719
3.95842
6.05724
4.23266
1
5.24793
5.29068
6.44294
5.91488
4.24031
4.59694
4.66107
7.01123
4.86507
5.53916
5.80735
6.56224
4.66107
4.35755
6.1416
4.65617
4.12199
4.23522
6.82655
5.29068
5.12102
1
7.92481
4.91886
5.78136
5.65535
5.70736
3.93074
4.8125
4.45943
4.13203
7.81378
4.13516
6.26053
7.61471
5.12102
5.37851
4.05528
5.15843
4.85798
1
4.2156
6.39232
6.92481
5.35168
4.88536
7.91289
7.57743
5.79874
14.3157
8
2.61005
2.94486
1
4.29068
1
5.20945
7.02237
4.63743
6.81378
6.43879
4.32793
7.24793
6.46352
5.42626
7.57743
7.76155
6.38082
4.53743
3.94307
3.9649
1
4.65617
5.94486
4.02975
4.80735
7.06609
6.52356
5.35755
6.54946
4.59246
5.26053
5.65617
6.02791
5.8413
4.52356
4.53743
7.71425
3.53107
2.61005
2.94486
5.65617
8.02791
8
6.52356
7.14126
8.46352
5.44294
7.49985
3.05889
3.79008
7.90087
7.55075
7.34873
4.61891
10.3375
3.51096
3.29278
4.1224
4.87652
3.79008
7.90087
4.02975
8.12928
8
5.45943
4.90689
3.67377
3.82889
1
4.12553
6.82655
3.53107
5.53605
5.46597
6.39232
6.92481
8.02791
8
6.52356
8.14126
4.30256
5.55459
4.04775
5.12928
4.44478
5.49185
3.32747
5.19827
6.90087
5.6105
7.70736
5.81592
4.88536
4.21245
4.49185
4.22055
5.70736
7.45943
3.60382
3.79008
6.3159
7.9542
8
6.08746
3.67054
5.76818
7.17493
4.42253
5.37851
6.48382
8.04439
7.67243
4.2647
4.23406
3.79008
6.3159
4.65617
8.26679
7.9542
6.35755
5.27053
4.21245
5.49185
5.16189
6.80735
7.46761
5.97728
4.8392
7.65821
7.48382
3.79008
6.90087
3.51096
3.29278
6.70736
7.52356
4.16993
5.87652
4.43962
4.33539
6.6865
5.92481
7.21917
5.78136
5.18322
4.36923
7.48382
6
5.36632
4.32193
8.06609
7.34873
4.9542
7.57743
6.35755
11.4529
5.26887
3.96578
5.11746
4.2936
3.18094
4.2854
6.22239
5.23266
6.07325
3.74416
7.24793
3.53107
5.53605
5.46597
6.39232
7.92481
4.19114
5.24793
1
5.74416
6.73471
4.61471
5.05683
5.08215
6.6865
5.92481
5.63421
7.52356
4.61471
5.05683
1
7.04439
4.25376
5.99247
5.11151
6.24793
3.96578
6.12928
4.42066
3.95936
8.46352
4.97936
8.33539
7.3837
4.65208
6.24159
6.37504
6.69349
4.12553
7.82655
4.65617
4.12199
4.23522
7.82655
4.2156
6.39232
6.33985
5.08746
3.61086
3.70044
5.65617
3.57447
1
7.44294
4.33539
6.6865
5.11746
6.46352
6.64386
7.42626
6.67948
5.8413
5.43463
6.10329
4.12553
7.82655
3.96578
4.54432
3.61086
7.02237
5.81592
5.76818
6.02791
5.8413
4.52356
4.53743
6.71425
4.65617
7.26679
4.02791
3.83094
1
5.80735
7.53916
4.33787
6.45943
8.04439
4.91886
5.78136
5.65535
5.70736
3.93074
4.8125
4.45943
4.13203
6.81378
7.9542
6.35755
5.59246
6.79442
3.80735
5.1416
4.13516
4.38606
7.37504
7.37504
6.39803
3.94307
3.9649
1
5.2936
5.11151
7.24793
1.80296
6.66107
4.66107
1
5.65617
4.19114
5.24793
1
5.74416
6.73471
4.61471
5.05683
5.08215
7.6865
4.28951
13.3157
7.33985
7.34873
4.61891
10.3375
3.51096
3.29278
4.1224
4.87652
3.79008
6.3159
4.52748
6.69349
5.76155
1
7.82655
5.78136
5.27053
4.32793
5.24793
4.29068
6.56986
5.20945
7.02237
4.63743
6.81378
6.43879
4.32793
7.24793
4.2156
6.39232
6.33985
0.0863085
6.27373
7.04985
7.33985
2.61005
2.94486
4.87856
4.13171
7.78136
7.55459
5.52356
6.33539
6.48382
4.37977
3.94307
3.9649
6.07325
4.06805
3.82889
6.41504
4.89077
6.07325
5.48113
7.62936
6.3837
8.46441
3.42824
8.16993
4.86507
4.9542
5.53916
3.53107
2.61005
2.94486
1
4.97936
8.33539
6.3837
5.69349
3.67377
4.90689
6.70736
5.92283
6.65105
5.65535
5.70736
3.93074
1
4.72247
4.65617
4.12199
4.23522
6.82655
3.53107
5.53605
5.46597
6.39232
6.33985
5.71425
1
6.71425
3.53107
4.56847
6.89482
4.65617
5.45943
4.50901
7.74819
7.33985
6.45121
3.68983
6.04439
4.31228
4.29546
5.03953
5.90689
5.87447
7.24793
5.2936
4.79701
3.95936
8.46352
4.97936
8.33539
7.3837
4.65208
6.24159
6.37504
6.69349
7.58496
