157
8
8
9.52863
8.29462
5.03562
9.06035
2.48829
1
0.584963
2.37346
3.63341
0.67603
5.92485
0.553875
4.22726
1.16765
1
7.13076
3.16057
1
1.86779
3.59883
4.17535
1
5.12928
3.24317
1.2313
3.87414
5.8925
1
0.584963
0.415037
3.098
3.95929
0.807355
2.3529
2.45712
3.68953
2.69891
8.994
9.88264
5.32193
5.9517
5.52356
6.32193
4.42729
3.03483
1.07055
1
5.72478
7.11894
1
0.584963
5.36037
3.89074
0.590265
1
4.0765
3.46836
2.6239
1
6.98557
4.32893
1
6.50808
5.28765
1
4.21131
3.76291
3.10336
9.20747
1
5.15218
2.3529
1
3.68953
2.69891
8.994
3.97575
4.98868
2.65608
5.18942
3.73148
1
1.41955
4.34691
1
4.94583
0.607748
4.83366
3.10395
8.06747
9.62144
1.8499
9.03462
2.54358
3.95903
2.99978
1
2.47371
1.89689
1
0.584963
3.2133
3.33453
5.76586
4.60244
2.98489
5.21917
1
4.46347
3.69571
1.75794
2.37513
4.88754
2.37346
1
0.67603
1.79087
1
2.53948
11.4407
5.18133
4.74451
1.45775
1.51121
1
0.584963
4.42729
2.97983
5.76641
1
8.39923
4.5482
3.03483
1.07055
1
5.72478
7.11894
1
0.584963
5.44835
0.736966
1.75587
1.86779
2.19972
1.04497
3.51513
3.59704
1
0.584963
8.96241
3.8619
2.00571
2.59535
3.72254
1
3.70536
1
4.08385
1
0.807355
5.00451
1.39707
3.098
1.51121
1
6.09481
3.1893
5.33665
1.39707
3.098
1
8.51115
2.07641
1
1.3349
3.76291
2.14207
3.06902
5.48331
2.36862
1
4.17535
4.47608
1
5.08438
1.3349
5.27551
1.32519
3.0786
3.68872
1
3.70536
1.62
1
0.584963
3.95247
5.00451
1.39707
3.098
1.51121
1
3.61728
0.67603
1.79087
1
3.24317
1.2313
3.87414
1
3.09875
1
5.9386
4.868
1
3.37341
1
4.14518
0.521732
1.44783
3.31721
2.08711
3.16035
1
1.68314
2.0585
1.86779
2.19972
1.04497
9.26858
3.66525
4.8889
2.79036
1.2313
3.87414
1
0.67603
6.08874
3.31822
1.07055
4.94916
1
2.90696
1.86779
2.19972
1.04497
7.59212
0.379287
4.80652
1
3.464
4.46431
2.81756
8.56099
1
1.46114
3.47118
1
2.54358
4.094
1
1.79087
5.36037
1
2.27672
9.20473
1
5.05799
3.70364
3.30755
3.44149
1.76141
1
1.45775
1.51121
1
0.584963
5.76586
3.09875
5.13078
4.8618
8.4852
3.18626
1
6.36905
1
5.81253
6.39674
4.73997
5.79604
0.607748
4.96045
4.50893
2.4324
1
0.584963
0.415037
0.321928
3.21529
5.98098
4.27875
0.67603
5.92485
0.553875
4.22726
1.16765
1
7.13076
3.16057
1
3.57214
1.02109
1
6.62644
0.0543463
3.5507
1
0.584963
6.71551
2.72186
5.88264
2.54358
5.16045
3.24317
1.2313
3.87414
5.8925
1
0.584963
0.415037
3.098
3.95929
0.807355
2.3529
2.45712
3.68953
2.69891
8.994
3.97575
4.21108
2.19324
3.8444
1
5.16045
3.24317
1.2313
4.81811
6.59169
1
5.77851
1
0.590265
5.43342
4.0765
3.46836
2.6239
1
6.98557
3.37641
5.08438
3.15991
3.85121
1
2.43209
2.90038
5.42429
3.32173
1
1.93179
6.26776
2.61607
7.44431
3.13642
2.54358
1
4.08217
8.9266
0.288657
4.23549
4.78427
5.78136
2.49625
3.46099
2.65795
2.23514
3.01282
1.52864
3.10797
3.32173
9.57968
8.76044
1
3.5507
2.22595
1
9.68135
3.14924
3.41546
2.31548
5.35744
1
3.74798
3.95343
10.9022
4.1964
4.2199
2.15265
7.72792
2.57845
5.20457
1
4.39643
4.60244
2.98489
8.80413
0.935342
3.25653
1
1.3992
2.49625
3.46099
4.70131
1
3.09621
5.65814
1
1.93179
5.19308
3.91964
2.79437
5.60922
2.28132
1
0.584963
0.415037
2.48959
2.87667
0.807355
13.7897
5.39232
6.32193
1.36902
3.61295
1
2.69891
2.47371
1.89689
1
0.584963
0.415037
0.321928
0.263034
0.222392
0.192645
0.169925
11.4407
5.18133
0.415037
1.45775
1.51121
10.4996
0.678072
4.42729
2.97983
5.76641
2.87416
8.39923
4.5482
3.03483
1.07055
1
5.72478
7.11894
1
0.584963
5.44835
0.736966
1.75587
1.86779
2.19972
1.04497
3.51513
3.59704
1
5.90319
1
0.736966
0.584963
3.8444
5.96481
3.95903
1
2.15408
10.2047
3.72559
1
4.60244
2.98489
3.41181
3.24317
1.2313
3.87414
1
0.584963
1.68314
3.00235
5.20118
1
4.16308
1.83076
1.96936
2.19972
1.04497
1
0.584963
5.19308
0.736966
10.4781
2.91157
3.5927
5.35755
4.3414
1.8526
5.14653
3.41435
1
9.34765
3.8619
2.00571
2.59535
3.72254
1
4.51256
1
4.26303
1.67564
6.54595
3.1893
5.33665
1.39707
3.098
1
8.51115
2.07641
1
1.3349
5.27551
1.32519
3.0786
3.68872
1
3.70536
1.62
1
0.584963
3.95247
5.00451
1.39707
3.098
1.51121
1
0.584963
5.73553
0.736966
9.52863
8.29462
5.03562
9.06035
2.48829
1
4.34691
2.37346
1
3.10336
6.57812
6.24345
10.0818
3.47873
4.8889
2.79036
1.2313
3.87414
3.71291
1
2.49625
3.46099
4.70131
1
3.09621
5.65814
1
1.93179
8.96241
1
3.27383
1
2.52866
5.8925
1
3.87806
6.19909
3.13642
2.54358
1
0.67603
1.79087
1
2.69751
2.87416
2.53842
2.15408
1
2.91536
1.81401
1
2.19324
3.8444
1
3.90106
4.6355
1
4.24422
3.4864
5.61643
0.0737452
1
4.75238
6.02063
1
5.35655
4.47608
1
6.31741
3.39556
1.2313
2.57961
1
3.95053
1.3992
8.33217
3.27591
1.22287
4.47077
1.47671
1
3.79388
5.51122
0.0543463
3.48673
1
3.8444
1
3.8298
2.14207
1
2.04066
1.46114
1
4.18982
6.33264
5.46694
3.89074
0.590265
1
4.0765
3.46836
2.6239
1
6.98557
3.37641
5.08438
3.15991
3.85121
1
2.43209
2.90038
5.42429
3.32173
1
1.93179
8.96241
3.8619
3.66107
5.03052
4.15954
1
9.04842
6.24345
4.11027
5.16045
3.24317
1.2313
3.87414
5.8925
1
0.584963
0.415037
3.098
2.4063
3.33453
5.4752
1
0.584963
1.10079
3.90106
4.96355
5.01634
3.76334
1
2.58285
5.42516
4.05731
1
3.79388
1.93179
5.19308
3.91964
2.79437
5.22906
3.24317
1.2313
3.87414
3.71291
4.6355
1
4.24422
3.46836
1
0.584963
2.58285
3.71291
1.3992
2.49625
3.18359
1.34234
1.90199
2.5502
2.08711
3.16035
1
3.49215
2.53948
1.64511
1
7.73706
7.40727
3.39232
12.1927
5.32193
4.23549
5.9542
7.32193
5.76641
2.87416
8.39923
1
4.08217
5.59813
2.56847
2.15807
3.16035
4.49672
1.02109
1
3.56524
1.52864
4.56754
1
3.36806
1
0.736966
3.48098
3.8444
11.9497
5.29768
8.88056
4.67725
3.54504
4.27962
0.0365067
9.67229
2.57845
9.20457
2.71621
5.9517
7.52356
7.30378
3.64081
5.02807
2.95785
8.57851
1
1.46114
2.78184
1
2.14207
9.46596
2.6211
3.95929
1
4.08217
3.76169
1
4.08385
1
0.736966
5.00451
1.39707
3.098
1.51121
2.22833
2.87969
4.99669
6.33264
4.76951
2.3529
2.45712
3.68953
2.69891
8.994
3.97575
1
0.584963
4.83366
3.10395
8.06747
9.62144
1.8499
3.64081
5.42516
3.24317
1.2313
3.87414
3.57171
1
3.60188
9.70888
3.11894
5.76586
4.60244
2.98489
5.10369
2.20158
2.09598
1
8.77115
1.85588
5.15218
1
5.76641
2.87416
8.39923
1
0.584963
5.3013
0.829735
1.46114
4.34691
2.75197
3.6722
1
4.75452
1
1.93179
3.37641
1
5.10155
7.78413
3.27591
2.88772
1
0.584963
3.24317
1.2313
3.87414
9.34765
1
2.47573
9.14651
1
5.96723
8.37504
4.1964
4.2199
2.15265
1
3.10336
6.57812
6.24345
1
5.00408
1.88856
6.85524
3.74798
1
2.58285
5.465
6.85109
2.16038
1
4.34691
1.97363
4.54016
5.96008
3.07325
1
3.14061
2.19324
3.8444
1
2.88392
4.25953
3.06721
5.2307
1
3.27591
1.22287
3.51328
5.58433
1
3.14011
1
3.49369
9.40995
3.91541
1
1.3992
2.49625
3.18359
3.40951
1
5.56261
1.77866
1
3.19046
3.71291
4.6355
2.50415
1
4.70156
1
0.716008
2.15408
1
9.22387
1.98048
3.96168
3.24773
5.0408
1
3.63798
1.3992
1
3.14958
1.87725
7.47481
0.129569
8.86898
3.08352
1
1.51121
3.13291
10.7274
6.22435
6.90929
3.28379
1
0.607748
4.96045
4.50893
2.4324
1
0.584963
0.415037
0.321928
3.21529
11.1307
0.678072
5.90351
0.736966
2.79036
1.2313
3.87414
9.34765
2.57845
5.20457
1
4.39643
4.60244
2.98489
6.80413
3.1893
5.33665
1.39707
3.098
1
4.77908
2.3529
2.45712
3.68953
2.69891
8.994
3.97575
3.51064
1.3992
2.49625
3.46099
4.70131
1
3.09621
5.65814
1
5.51122
1
5.69546
1
3.28356
5.33441
1
11.7678
8.44294
6.11548
0.0543463
9.67229
2.57845
3.27383
1
2.52866
4.3042
1.38315
3.464
1
2.81756
8.56099
1
1.46114
3.47118
1
2.54358
5.81253
6.39674
4.73997
5.79604
0.607748
4.96045
4.50893
2.4324
1
0.584963
0.415037
0.321928
3.21529
5.20118
0.678072
8.96241
3.8619
3.66107
5.03052
1
3.58083
2.81756
1
2.6798
4.92114
5.14494
2.54358
4.86302
1
7.5248
2.6798
3.01805
5.77851
3.1893
5.33665
1.39707
3.098
1
4.77908
2.3529
2.45712
3.68953
2.69891
8.994
3.97575
5.21108
2.47113
2.27672
9.20473
1
3.77259
4.25953
3.06721
5.2307
1
3.27591
1.22287
1
7.96
1.28622
5.05802
3.24317
1
3.87414
3.71291
1
2.49625
3.46099
4.70131
1
3.09621
5.65814
1
1.93179
8.96241
1
3.27383
1
2.52866
6.20587
2.61607
1
3.13642
2.54358
1
0.67603
1.79087
8.51115
3.8619
1
0.584963
4.47406
3.61728
0.67603
1
0.553875
4.22726
1.16765
1
7.13076
3.16057
1
3.57214
1.02109
1
0.584963
3.76291
3.10336
9.20747
1
6.98868
2.07641
4.25182
1.3349
1
4.08217
3.66066
1.3992
1
3.46099
2.65795
2.26591
4.7914
1
4.12948
2.20158
2.09598
1
8.77115
7.42066
5.85798
3.46489
4.9172
5.84477
2.88772
2.48959
2.87667
2.6409
1
4.17535
4.47608
1
3.58083
3.22352
1
3.35245
1
4.62863
5.42516
3.24317
3.3348
6.01018
1
5.14926
2.93164
2.41897
8.53457
2.82187
1.40305
3.47118
5.14494
2.54358
3.95903
2.20158
1
2.22986
8.77115
1.85588
1
3.91964
2.79437
5.1578
4.23528
6.21021
1
1.94059
5.8925
3.1893
5.33665
1.39707
3.098
1
4.77908
2.3529
2.45712
3.68953
2.69891
8.994
3.97575
4.98868
2.65608
5.18942
3.73148
1
1.41955
4.34691
6.62644
0.0543463
3.69546
0.67603
1
5.2031
3.58288
3.48816
1.48962
3.77556
4.17535
1
4.32193
3.54992
5.80837
3.14958
4.62863
1
4.60244
1
3.41181
3.24317
1.2313
3.87414
3.70536
1
4.08385
1
3.95247
1
1.39707
3.098
1.51121
12.2772
2.48239
5.9517
5.52356
6.32193
5.60995
1.92824
0.722296
3.00235
3.8444
13.5347
6.12928
1.9501
2.59535
6.6601
6.50779
3.26036
4.15697
9.43924
3.66525
1
2.79036
1.2313
3.87414
1
2.28132
9.52863
8.29462
5.03562
9.06035
2.48829
1
4.34691
2.37346
4.32893
1.38315
5.7934
4.11027
1
1.10696
4.59777
1
0.584963
1.62
1.36716
3.64852
1.08888
4.2137
1.39707
2.43229
5.60208
1.71051
1
4.87178
1
0.736966
6.88713
1.51336
4.2137
1.39707
3.098
7.32618
3.69312
1
5.42516
3.24317
3.3348
6.01018
1
3.49215
1.62
1
0.584963
3.95247
5.00451
1.39707
3.098
1.51121
1
6.09481
3.1893
5.33665
1.39707
3.098
1
8.51115
2.07641
1
1.3349
3.63341
0.67603
5.92485
5.01051
2.02146
6.69844
1.51278
1
2.54358
4.094
1
1.79087
3.56883
2.19324
10.2047
3.72559
1
4.60244
2.98489
3.41181
3.24317
1.2313
3.87414
1
0.584963
1.68314
3.00235
5.20118
1
4.16308
1.83076
1.96936
2.19972
1.04497
1
0.584963
0.415037
6.25195
0.584963
4.86392
1.32939
3.81352
3.10336
1
6.24345
4.11027
5.16045
3.24317
1.2313
3.87414
5.8925
1
0.590265
5.43342
4.0765
3.46836
2.6239
1
6.98557
4.32893
1
6.50808
5.28765
1
4.21131
1
0.67603
5.92485
5.01051
2.02146
6.69844
1.51278
1
2.54358
5.00845
2.75685
3.16212
3.23127
3.10797
1.86779
2.19972
1.04497
1
0.584963
8.96241
3.8619
5.39803
2.57961
3.47118
1
4.51256
11.5071
4.26303
1.67564
6.54595
3.1893
5.33665
1.39707
3.098
1
8.51115
2.07641
1
1.3349
9.52667
0.288657
4.23549
6.9542
7.30378
6.0595
5.94251
1
3.77556
4.17535
1
5.12928
3.24317
1.2313
3.87414
1
2.12106
2.5502
3.58741
4.12333
9.57968
2.54358
3.8298
4.14897
1
0.584963
3.32173
3.26216
11.8167
2.13191
5.9517
1
6.32193
2.88011
7.06792
2.43063
5.1416
1.07055
3.08827
6.10384
1
0.67603
1
4.93641
3.24317
1.2313
4.53236
1
2.58285
3.71291
1.3992
8.33217
3.27591
1.22287
4.47077
1.47671
1
3.79388
6.73693
8.91102
3.07529
4.2199
1
6.33092
2.79036
1.2313
3.87414
4.78839
1
2.59099
4.88349
1.7698
3.77556
4.17535
1
0.584963
3.37641
3.75873
7.22896
1
4.46166
4.11415
1.3992
1
3.70307
4.47077
1.68314
5.42631
3.26442
3.2074
1
10.4648
3.81352
4.14897
1
0.584963
3.32173
0.736966
4.93779
1.45775
1.51121
1
0.584963
4.42729
2.97983
5.76641
1
8.39923
5.08226
3.24317
1.2313
3.87414
3.70536
1
4.08385
1
3.95247
1
1.39707
3.098
1.51121
1
0.584963
9.67229
3.8619
3.66107
5.03052
1
3.10336
6.57812
6.24345
1
5.00408
2.56847
2.15807
1
4.42729
2.3529
2.45712
3.68953
2.69891
8.994
3.97575
4.88915
1.38315
5.7934
4.11027
1
1.10696
4.59777
1
5.12518
1
4.83366
3.10395
8.06747
9.62144
1.8499
3.64081
1
2.19324
10.2047
3.72559
4.98868
2.20158
1
2.22986
8.77115
1.85588
5.15218
1
5.76641
2.87416
8.39923
3.70066
4.6355
1
4.24422
3.4864
6.98436
1.44892
4.19268
1
4.26303
1.67564
6.54595
3.1893
5.33665
1.39707
3.098
1
4.82204
1.4793
3.098
1
5.65814
3.79388
1
9.06612
6.32193
4.64386
10.1722
5.19134
2.70266
4.17535
1
3.66985
4.03685
4.29189
5.6515
3.39839
1.32939
5.22887
3.24317
1.2313
3.87414
5.8925
1
0.590265
5.43342
4.0765
3.46836
2.6239
1
6.98557
4.32893
1
6.50808
5.28765
1
4.21131
5.76586
2.1496
3.28356
1
1.71051
6.38869
1
3.36018
4.17535
1
3.66985
2.19324
10.2047
3.72559
4.51064
0.67603
5.92485
5.01051
2.02146
6.69844
1.51278
4.234
4.93779
1.45775
1.51121
1
3.61728
0.67603
1.79087
1
3.24317
1.2313
3.35245
6.36392
1.1193
5.90351
7.3015
1.48543
4.96045
10.4444
2.09433
9.37994
5.27171
4.32793
1
11.0702
2.19771
3.77032
4.82589
3.75263
3.2065
1
0.584963
5.69546
8.52095
2.96083
5.70181
1
5.30402
0.607748
1
4.50893
2.4324
1
0.584963
0.415037
0.321928
3.21529
5.98098
3.56883
2.19324
3.8444
1
5.16045
3.24317
1.2313
3.87414
3.71291
4.6355
2.50415
1
4.70156
1
0.716008
2.15408
1
4.97173
4.60244
2.98489
3.41181
3.24317
1.2313
3.87414
1
1.88856
6.85524
3.74798
1
2.58285
9.87121
2.96505
4.04647
1.48962
3.2074
1
2.90038
4.97936
8.68485
2.2284
3.51064
1
2.49625
3.18359
3.40951
1
5.56261
1.77866
1
5.97473
0.0757709
3.5507
3.10336
6.57812
6.24345
1
5.00845
1
9.52863
8.29462
5.03562
9.06035
2.48829
1
4.34691
2.37346
5.4752
1.71051
6.38869
1
0.584963
5.02807
1.10696
4.59777
1
6.09481
1
8.00892
2.6211
3.95929
1
4.03685
7.3854
1
3.38164
5.42516
3.91964
2.79437
4.59385
1.4793
5.31133
4.70239
1
4.97544
2.56836
1.44783
3.46836
1
9.34765
3.8619
6.98299
5.92035
4.93806
3.24317
1.2313
3.87414
5.8925
1
0.584963
0.415037
3.098
3.95929
0.807355
2.3529
2.45712
3.68953
2.69891
8.994
3.97575
4.21108
2.19324
3.8444
1
5.16045
3.24317
1.2313
4.81811
6.59169
1
3.04322
5.08438
3.15991
3.85121
1
2.43209
2.90038
5.42429
3.32173
1
1.93179
8.96241
1
3.27383
1
2.52866
3.70536
1
1.36716
3.64852
1.08888
4.2137
1.39707
5.72063
2.54358
5.16045
3.24317
1.2313
3.87414
4.51256
2.99978
2.69891
2.47371
1.89689
1
0.584963
3.2133
3.33453
5.76586
4.60244
2.98489
5.21917
1
4.46347
3.69571
1.75794
2.37513
4.88754
2.37346
4.42729
1
5.76641
2.87416
8.39923
4.5482
3.03483
1.07055
1
5.72478
7.11894
1
0.584963
4.17705
5.97292
1.51121
2.22833
4.28519
3.57333
1
3.79388
6.73693
0.953915
12.1927
5.32193
4.23549
6.9542
7.30378
5.39803
6.01018
4.47406
9.94281
2.07641
4.25182
1.3349
5.19308
3.24317
1.2313
3.87414
5.8925
1
0.590265
5.43342
4.0765
3.46836
2.6239
1
6.98557
3.37641
1
3.8444
1
8.56741
3.8619
5.39803
6.01018
4.47406
3.81352
2.14207
3.06902
5.48331
2.36862
3.0786
3.68872
1
4.3042
1.38315
5.7934
4.11027
5.16045
3.24317
1.2313
9.07292
1.85588
4.27248
1
1.36716
3.64852
1.08888
4.2137
1.39707
14.2829
5.35755
7.67243
3.8619
5.39803
6.01018
4.47406
5.13431
2.92221
1
5.82317
6.1307
0.658158
4.3042
1.38315
5.7934
4.11027
5.16045
3.24317
1.2313
9.07292
1.85588
4.21108
2.82942
5.72322
9.2503
6.30378
7.67243
3.8619
5.39803
6.01018
4.47406
4.57824
1.38315
5.7934
4.11027
5.16045
3.24317
1.2313
9.07292
1.85588
4.88915
3.70364
1.92184
1
3.91964
2.79437
8.85477
2.07641
2.42869
1
0.584963
3.00235
0.736966
0.584963
5.12518
0.607748
4.83366
3.10395
8.06747
5.50596
2.09587
10.0607
4.98965
4.60244
2.98489
3.41181
3.24317
1.2313
3.87414
4.51256
1
0.584963
2.22986
8.77115
9.00562
8
6.67243
3.24317
3.3348
6.01018
1
3.61728
6.39485
0.760811
5.19308
3.24317
1.2313
3.87414
4.78839
1
3.25123
2.88772
2.51369
2.51632
1
1.45775
1.51121
1
3.45822
1
6.6764
0.0275554
1.79573
6.58914
1.16765
1
2.19972
1
7.59212
0.379287
1
2.19324
3.8444
1
4.92768
1.10696
1
5.79138
1
2.22986
1.94059
3.57171
1
9.46596
5.97473
10.3807
3.11894
1
3.91964
2.79437
1
1.71051
6.38869
1
0.584963
3.22555
2.19324
1
3.56883
2.19324
5.20118
11.3941
3.80735
3.27383
2.78184
5.38035
3.91964
2.79437
5.22906
3.24317
1
0.584963
4.47406
5.14926
1.96558
1
2.88772
2.51369
2.51632
1
1.45775
1.51121
1
3.45822
1
6.6764
0.0275554
1.79573
6.58914
1.16765
1
2.19972
1
7.59212
9.53916
4.1964
4.2199
2.15265
6.14296
1
4.26303
1.67564
9.37994
2.19771
3.77032
4.82589
3.75263
3.2065
1
3.78185
3.10336
1
6.24345
10.0818
3.47873
4.68488
1.96629
3.00152
4.33907
5.26031
4.38056
2.90775
2.0585
1
0.584963
5.4752
1.71051
6.38869
1
0.584963
4.3042
1.38315
3.464
6.50678
2.01651
1
4.0189
1
3.13642
2.54358
1
3.24317
1.2313
3.87414
1
0.67603
5.92485
0.553875
4.22726
1.16765
1
7.13076
3.16057
1
1.86779
2.19972
1.04497
1
0.584963
0.415037
3.8444
5.96481
3.8298
3.10336
1
6.24345
4.11027
1
4.28611
2.64872
3.61728
1
0.760811
3.37641
1
0.584963
4.01799
3.30041
2.54358
1
4.63474
4.47406
1
4.36467
2.51632
1
3.27027
1
2.98606
4.17535
4.47608
4.20328
1
4.08385
2.92365
1
5.00451
1.39707
3.098
1.51121
1
6.09481
3.1893
5.33665
1.39707
3.098
1
3.33107
2.54449
2.65098
1.99506
3.49369
1
3.57715
1.52864
4.56754
3.79756
7.73802
7.56071
3.8618
5.90351
7.3015
10.2958
4.26303
1.67564
1
0.584963
2.49625
0.736966
1.87725
0.807355
3.85163
3.10336
6.57812
6.24345
1
5.16045
3.24317
1.2313
3.87414
4.78839
2.3529
2.45712
3.68953
2.69891
8.994
3.97575
5.21108
3.89074
0.590265
1
4.0765
3.46836
2.6239
1
6.98557
4.32893
1
6.50808
5.28765
1
5.90319
0.0543463
9.67229
3.8619
2.00571
3.12704
5.85182
1
3.93587
3.75873
7.22896
1
4.46166
4.15954
1.62
1.36716
3.64852
1.08888
4.2137
1.39707
5.72063
2.54358
3.95903
2.20158
1
2.22986
8.77115
1.85588
1
3.91964
2.79437
1
3.21005
3.1626
1.22287
1
1.40305
1
5.77851
3.1893
5.33665
1.39707
3.098
13.9628
4.54137
5.9517
5.52356
6.32193
5.60995
5.3445
7.71753
1
9.73132
2.59569
2.68784
4.75452
2.16127
3.53602
1
2.88392
2.19324
3.8444
1
0.584963
2.33504
6.76155
3.3026
10.3791
0.0757709
3.46973
1
4.12397
3.23784
2.64395
1.88228
3.45822
0.982834
8.71264
3.59743
5.37006
2.54358
4.52302
1
3.79807
3.99612
1
4.26303
1.67564
6.54595
3.1893
5.33665
1.39707
3.098
13.9628
4.54137
5.9517
5.52356
6.32193
3.91222
4.03197
2.4324
1.59229
0.373503
3.01282
1
5.09568
4.60244
1.56986
1.35291
1.35972
1
3.40627
1
2.19324
3.8444
1
3.88693
4.03197
2.80062
1.32939
5.2167
2.23107
1.75587
1.86779
1
1.04497
1
3.59704
6.33264
1
2.14207
3.52254
2.49751
3.98029
1
0.584963
9.40995
0.736966
4.21108
4.63474
4.47406
1
0.584963
2.61901
11.671
7.43879
3.87699
4.8889
2.79036
1.2313
3.87414
3.70536
1
0.584963
5.33762
6.58496
2.87339
4.1686
1
0.760811
3.37641
12.4305
2.43664
5.1449
5.54956
3.57333
1
4.17535
4.47608
1
4.08217
4.88618
0.607748
2.92365
1
3.42392
3.2908
3.2133
1
2.58285
4.78839
1
5.76641
2.87416
8.39923
5.08226
3.24317
1.2313
3.87414
4.78839
13.3352
6.35755
2.42588
3.4443
6.82757
5.0133
5.18982
1.40305
2.78184
4.51129
1
4.26303
1.67564
1
0.584963
2.49625
0.736966
1.87725
0.807355
4.78974
0.607748
7.4297
1
1.79573
6.58914
1.16765
1
9.57968
1
5.16045
3.24317
3.3348
6.01018
1
5.14926
1
6.35755
2.42588
4.49041
1.38315
7.0013
3.39245
4.83366
1.94906
1
1.02109
3.28356
1
4.6355
3.06197
0.894446
2.61901
3.16035
4.49672
6.52387
3.54247
4.61644
2.57961
1
8.20477
5.58627
5.06609
9.65238
2.49683
1
3.21933
1.91698
5.86986
1
4.97173
1
0.736966
1.46114
2.78184
3.04322
1
9.04618
3.8619
2.00571
2.15807
3.16035
10.4374
1.81885
5.00631
8.05901
5.55785
7.90494
2.72186
3.27383
1
3.95053
1.3992
1
3.46099
2.65795
1.8526
1
3.18626
3.54504
3.05527
6.09481
6.39674
4.73997
6.98868
2.57845
5.88264
10.1528
3.16993
2.6239
10.7525
1.72016
7.62485
6.40372
3.8618
3.06037
4.28611
1
3.14061
3.75873
3.79756
2.68385
3.02934
1
3.46861
1.93179
1
3.24317
3.3348
6.01018
1
3.49215
1.62
1
0.584963
3.95247
5.00451
1.39707
3.098
1.51121
1
6.09481
3.1893
5.33665
1.39707
3.098
1
8.51115
2.07641
1
1.3349
4.3643
2.20158
1.805
1
2.52866
3.79707
1
5.92485
5.01051
2.02146
6.69844
1.51278
1
2.54358
2.88392
1
3.8444
1
2.88392
4.63474
4.47406
1
0.584963
2.22986
1.94059
3.70536
1
8.88056
4.67725
3.54504
1
3.14061
4.25953
3.06721
2.18203
3.28184
1
1.73787
9.57968
2.54358
3.95903
2.20158
1
2.22986
8.77115
1.85588
5.15218
1
5.76641
2.87416
8.39923
1
4.08217
4.74037
1
1.07055
2.91629
5.72478
7.11894
1
0.584963
5.44835
0.736966
1.75587
1.86779
2.19972
1.04497
3.51513
3.59704
1
7.6764
3.8619
2.00571
2.59535
3.72254
1
3.57171
1
0.736966
5.48331
2.36862
3.36018
4.17535
1
3.66985
5.08438
1.3349
5.27551
1.32519
3.0786
3.68872
1
3.70536
1.62
1
0.584963
3.95247
5.00451
1.39707
3.098
1.51121
3.37548
0.838677
4.19268
1
4.26303
1.67564
1
0.584963
2.49625
0.736966
1.87725
0.807355
3.85163
3.10336
6.57812
6.24345
1
5.00408
2.56847
2.15807
1
3.91222
2.53948
3.65447
1
6.58496
2.87339
4.1686
1
0.760811
3.37641
4.63474
4.47406
9.60177
0.288657
4.23549
5.63227
6.33092
1.2313
3.87414
5.8925
1
9.39595
1.16529
1
7.22516
2.56609
6.21021
1
4.47608
4.32193
4.14897
3.40868
7.65231
3.84778
3.46861
5.51122
10.9022
4.1964
4.2199
2.15265
1
4.60244
2.98489
3.41181
3.24317
1.2313
3.87414
1
0.67603
5.92485
0.553875
4.22726
1.16765
1
7.13076
3.16057
1
1.86779
2.19972
1.04497
1
0.584963
0.415037
3.8444
5.96481
5.16045
3.24317
3.3348
6.01018
1
4.68479
9.00429
8.16176
6.77259
3.91964
2.79437
1
4.08217
4.33143
1
10.2501
1
2.85549
3.95929
5.36037
2.47113
1
9.20473
5.26053
1
3.37641
4.30375
1
2.52866
3.79707
1
5.92485
5.01051
2.02146
6.69844
1.51278
1
12.1528
