102
7
7
4.4249
8.60486
1
0.584963
0.415037
0.321928
0.263034
1.12187
3.47162
1.04982
5.81304
1.35204
3.69162
3.05227
1
7.90269
3.87991
2.8946
1.47319
1
1.61994
1
0.736966
0.584963
0.574503
0.420967
5.25626
5.43653
1
0.672981
1
2.7154
4.49276
3.05122
1
4.65377
4.04362
5.73293
13.2102
7
6.93074
7
6.70044
4.3839
1.18108
0.156911
3.18046
6.38663
2.63001
2.19375
2.02554
5.09865
2.69276
2.84446
3.16069
2.794
4.8493
1
2.70325
2.15231
5.57035
1.20832
1
3.93143
3.28029
1
4.61171
3.95144
3.43069
1
4.41538
3.05122
1
0.584963
4.04362
5.73293
1
4.67842
1.92277
3.29629
2.13039
0.330992
2.2486
1
1.12187
4.63741
0.402646
1
3.62514
6.10236
4.43041
0.298874
4.96193
0.463722
4.98871
1
4.04362
1
3.77589
5.71263
0.111146
1
1.55298
3.22817
0.830375
0.0639525
5.71671
2.64795
6.61399
2.99698
5.20252
2.39736
1
1.12187
3.47162
1.04982
1.84663
1
2.42123
4.3774
1
0.384143
1.08191
1.06356
1
0.584963
4.3839
2.86787
0.927049
3.14211
2.75671
4.82132
1.18108
0.156911
3.18046
6.38663
2.63001
2.19375
2.02554
1
3.19363
2.03843
1.47319
1.08522
0.111146
1
1.44259
3.28029
1
0.584963
0.415037
1.00326
4.5426
0.807355
0.678072
4.17032
1.25289
2.06013
2.48846
1
3.19449
0.672981
3.09101
1.06356
1
4.55902
5.43653
1
0.672981
1
2.7154
5.12722
3.41224
1.78032
0.98432
4.61171
1
3.92989
5.22572
1.06116
2.57396
1.61994
0.382687
2.90071
3.63384
0.98432
6.97314
2.16295
3.32909
3.60885
1
4.17032
1
0.736966
2.48846
4.52269
3.19449
0.672981
3.09101
1.06356
1
2.95866
1.04982
1.84663
2.11213
0.541265
0.574503
0.420967
1
5.39103
2.6431
9.33017
5.56689
1
4.46207
5.03478
4.79042
1.23755
2.28095
4.9828
2.60024
3.60261
1
1.43298
1.89361
1.47319
1.08522
0.111146
1
0.584963
0.415037
0.321928
0.263034
0.222392
3.79663
1.04982
5.95093
0.652077
0.584963
4.55993
1.8977
2.84831
1.47319
1.08522
0.111146
1
0.0484426
6.22793
1.96081
1
5.10689
3.80124
6.59795
0.698628
2.08112
1
4.73292
0.463722
3.32146
1.04982
1.84663
5.09865
1
2.61822
6.22315
1
6.07529
2.64795
4.64962
3.1303
4.48431
1.49773
1.08191
1.06356
1
0.584963
3.22817
5.39103
5.20381
2.65281
3.37589
0.869511
4.8493
3.51942
0.463722
1
2.90939
0.148888
1
0.402646
4.07282
5.31857
1.24211
0.999256
1.96426
2.42723
1
0.584963
2.25122
3.8019
1.04982
5.81304
1.35204
3.69162
3.05227
1
7.90269
3.87991
2.8946
1
3.28851
1
3.2714
0.0194694
4.34539
3.37936
1.11548
2.52678
2.26489
5.6244
1
2.22329
0.541265
0.574503
0.420967
5.25626
5.43653
1
0.672981
1
2.7154
4.49276
3.05122
1
4.65377
4.04362
5.73293
1
2.83077
1.53046
1.11341
0.46685
2.22329
0.541265
0.574503
5.43481
1.27042
1.76967
5.49068
2.69276
2.84446
3.16069
2.794
4.8493
1
2.70325
2.15231
2.48494
3.63384
3.7575
5.83703
2.73833
1.7293
1.73393
2.80518
2.1935
1
1.42618
6.86201
2.0619
2.04985
3.10037
0.463722
3.42995
1
12.6837
3
7.65821
7
7
1.6673
2.85136
1.61195
1
2.42723
2.56897
1
2.1935
2.57069
4.51404
0.0614775
1
2.79426
3.98717
7.26298
4.15054
3.91199
3.51877
7.16111
4.96496
3.71547
5.8071
12.9076
7
4.93074
6.71425
7
2.19691
8.82876
7.27745
4.33151
0.830375
0.0639525
8.01582
1
2.74032
5.83555
0.788151
1
2.85136
3.09393
3.65473
4.93383
5.04031
0.932727
1
0.584963
2.20284
0.337584
5.71702
1
5.79233
1
2.031
3.78034
2.3002
1
8.24317
7.65821
7
1.66582
3.20084
3.84317
1
1.30569
3.77589
5.71263
0.111146
1
0.584963
0.415037
0.321928
4.05401
2.42123
4.3774
4.36674
0.384143
1.08191
1.06356
1
0.584963
4.3839
2.86787
0.927049
3.14211
2.75671
4.82132
1.18108
0.156911
3.18046
6.38663
2.63001
2.19375
2.02554
1
3.19363
2.03843
1.47319
1.08522
0.111146
1
1.44259
3.28029
4.2706
0.0194694
1
1.53046
1.11341
0.46685
4.98871
1.76034
1
5.38265
0.317046
1
0.830375
0.0639525
1.36168
0.541265
0.574503
0.420967
1
0.584963
1.43298
2.79571
1
6.21749
5.05021
1.43282
1.23111
1.08522
0.111146
2.67891
1
2.75566
1
5.89449
3.41052
1.33718
4.21022
4.39394
2.2919
3.85755
3.42764
1
4.72141
1
1.00326
4.5426
3.52008
1
4.48836
4.72413
7.86831
2.71254
7.20908
5.43653
8.22721
0.672981
3.09101
1
5.12722
1
1.78032
0.98432
6.97314
2.16295
3.32909
3.60885
1
4.17032
1
0.736966
2.48846
4.52269
3.19449
0.672981
3.09101
1.06356
4.24175
0.0353474
6.41423
1
4.4249
8.60486
5.12928
3.11417
0.638274
1
3.13762
1.12187
1
3.95144
4.45653
3.43309
7.12954
0.345077
1.72878
0.1074
0.574503
0.420967
3.54892
0.788151
1
2.85136
3.09393
3.65473
4.93383
5.04031
0.932727
1
4.04148
1
0.736966
2.86619
2.12037
5.25626
3.59931
2.25157
3.24827
3.10037
1
3.32146
1.04982
1.84663
5.06412
4.39146
3.14211
5.39823
2.02744
1
4.55832
3.43018
1
1.53046
1.11341
0.46685
4.29199
1
3.45981
2.78848
4.24116
8.20624
0.217776
1
5.47816
4.25248
1
5.17336
1
0.736966
5.33031
2.33134
0.574503
3.33703
1
4.01802
0.788151
2.53874
2.28929
2.33513
3.22495
2.40966
2.85061
0.932727
3.94294
0.0194694
2.54693
1.53046
1.11341
0.46685
4.31913
2.83641
1
0.280632
2.08112
3.85753
1
0.584963
3.98763
2.69276
2.84446
3.16069
2.794
4.8493
1
2.70325
2.15231
2.48494
3.63384
3.7575
5.83703
2.73833
1.7293
1.73393
2.80518
2.1935
1
1.42618
4.04148
1.9464
2.91041
1
4.15722
2.42123
5.40475
3.43309
1
2.22329
0.541265
0.574503
0.420967
5.25626
5.43653
1
0.672981
1
4.06491
1
5.59779
0.848235
6.0239
2.91187
4.29199
1
3.29168
3.97178
1.91018
1
0.584963
6.64655
4.5544
0.932727
1
2.75566
2.20284
1
0.584963
0.415037
0.574503
0.420967
3.54892
4.10171
1
2.78848
1
0.736966
3.62555
1.65895
3.54892
0.788151
1
1.78059
3.65422
2.68522
1.9437
2.60024
3.60261
1
4.83685
1
0.718187
1
5.37647
3.51923
0.295672
14.0524
7
7
7
7
0.927049
3.14211
2.75671
3.13282
1
5.21198
3.45402
1
3.60261
5.54065
3.28851
1
3.82573
2.56897
1
1.08165
4.00513
2.16445
2.02811
2.4456
1.11341
11.5812
4.93289
4.63889
0.58776
3.61418
4.24175
0.0353474
2.90061
1
13.3523
7.65821
6.93074
7
7
1.34563
5.178
1.38521
6.23344
0.280632
2.08112
1
3.15316
1
4.72337
1.9715
1
3.10595
1
3.62026
1.25289
2.06013
1
4.52269
3.19449
0.672981
3.09101
1.06356
3.26922
4.49928
1
1.08165
4.09595
1
0.584963
4.65377
4.04362
5.73293
1
4.92816
0.402646
4.36323
1
6.10236
4.43041
0.298874
1
0.584963
0.415037
0.321928
0.263034
4.08298
2.79426
0.584963
5.20066
0.562287
3.22817
0.830375
0.0639525
5.07723
2.42861
1.94334
4.26473
5.72505
1
4.41538
1
0.927049
3.14211
2.75671
3.13282
1
4.2764
2.99398
2.08112
3.13762
1
3.27443
3.95309
2.85061
0.932727
1
2.48494
3.62208
7.09714
3.86203
2.28929
2.031
1
2.22329
1
0.574503
0.420967
4.72141
1
0.839684
6.1025
2.88342
5.67124
11.2556
7
4.93074
6.71425
7
3.95144
4.45653
3.43309
1
5.7189
2.94588
1.44301
1
2.04985
1
3.91094
5.91721
0.698628
2.08112
3.13762
4.78523
4.7462
0.982747
1.01316
1
3.16946
1.53046
1.11341
0.46685
1
4.25323
2.56803
1.50136
2.53874
2.28929
2.33513
3.84309
3.63458
3.04416
0.592202
2.35806
2.40135
2.77485
1
4.16007
0.788151
1.6673
1.78059
0.815369
1
4.94625
1
5.01749
2.50606
3.54892
4.10171
1
8.11435
3.27531
4.99104
1.8977
2.02744
1
8.50981
3.18345
5.53743
0.976477
4.13101
1
4.65842
0.788151
1
2.58533
4.48934
1
0.584963
10.2471
1.66263
3.73003
1.06356
8.67504
10.5887
7.59384
8.04621
2.36405
4.92816
0.402646
1
5.31857
1.24211
0.999256
1.96426
2.42723
1
0.584963
9.14956
0.736966
11.9095
5.90689
0.1074
0.574503
0.420967
4.72141
2.19691
8.82876
7.27745
4.33151
0.830375
0.0639525
5.87127
1
8.22721
0.672981
3.09101
1
4.49276
1
5.12581
4.65377
4.04362
5.73293
1
4.16007
0.788151
1.6673
2.85136
3.09393
3.65473
4.93383
5.04031
0.932727
3.94294
0.0194694
1
3.95508
1.68703
6.19138
12.3051
13.7417
8.08481
3.21131
0.0194694
2.90061
2.19691
3.3383
1
2.12037
5.1058
1
2.70031
5.10689
3.80124
6.59795
0.698628
2.08112
1
4.73292
0.463722
3.83037
2.90939
0.148888
1
0.402646
4.07282
5.31857
1.24211
0.999256
1.96426
2.42723
1
0.584963
4.66427
0.736966
4.04148
1.9464
2.91041
1
3.81099
5.14306
1
2.53874
2.14419
1
4.73292
1
4.42618
1.18108
5.27661
2.14419
2.75979
5.49068
5.43653
1
0.672981
3.09101
1
4.49276
1
5.12581
4.65377
4.04362
5.73293
1
0.584963
3.59931
2.61822
6.22315
1
0.584963
4.25323
2.56803
1.50136
2.53874
2.28929
2.33513
1
3.64471
2.85866
3.76486
0.541265
0.574503
0.420967
3.54892
0.788151
1
2.85136
3.09393
3.65473
4.93383
5.04031
0.932727
1
4.04148
1
0.736966
2.86619
2.12037
5.96106
2.0619
2.04985
3.10037
0.463722
3.32146
1.04982
1.84663
5.12722
1.9464
3.11508
1.00018
1.62193
1
0.584963
5.81304
1.35204
3.69162
3.05227
1
7.90269
3.87991
2.8946
1
3.28851
1
0.736966
4.61171
3.95144
3.43069
1
4.51875
3.41224
1.78032
0.98432
1
2.86825
3.28812
0.788151
1
2.85136
1.61195
1
6.86805
1
4.03562
2.42861
1.94334
4.26473
5.72505
8.29855
6.34577
5.45286
5.79233
5.17041
2.031
3.78034
2.3002
1
0.584963
1.61994
0.736966
4.51041
5.14306
1.3535
3.52013
6.33596
1.57414
1
0.584963
0.415037
0.321928
0.263034
0.222392
4.66084
2.83085
5.73385
7.92758
4.83137
2.01015
2.86619
4.73292
0.463722
4.98871
2.42861
1.94334
4.26473
5.72505
1
2.7972
1
0.337584
5.2235
7.66697
2.36524
4.8493
2.78881
5.25626
1
8.22721
0.672981
3.09101
1
4.49276
1
5.12581
4.65377
4.04362
5.73293
1
4.67842
1.92277
3.29629
2.13039
0.330992
2.2486
1
3.2714
0.0194694
2.80952
1.04982
4.42097
3.46226
1.56158
1.97249
1.97486
1.95137
1.61994
0.382687
4.51041
1
3.39177
2.58533
2.9645
1
0.830375
0.0639525
1.36168
0.541265
0.574503
0.420967
4.17032
1.25289
2.06013
1
4.52269
3.19449
0.672981
3.09101
1.06356
14.0149
5.6865
6.93074
7
6.70044
6.71955
1.65121
1
2.79571
1.11341
14.0407
6.42626
3.45981
4.5426
4.66455
5.41631
1.83807
4.29627
8.41348
0.310283
1.72878
0.1074
0.574503
0.420967
5.79827
1
4.4249
8.60486
5.12928
3.11417
0.638274
1
3.13762
1.12187
5.57035
1.96081
5.49897
2.68494
5.48774
1.1899
1.27351
1.38381
4.83685
1
0.706559
3.69682
2.10474
2.63318
0.672981
1
5.56436
0.848235
4.29733
3.60785
2.2133
1
4.32821
3.49488
2.63318
0.672981
3.09101
3.54835
1.24141
1
3.09182
0.541265
2.97219
1.00018
1.62193
4.83685
1
2.06013
2.48846
1
3.19449
0.672981
3.09101
1.06356
1
4.55902
5.43653
1
0.672981
1
2.7154
5.12722
3.41224
1.78032
0.98432
1
1.04982
5.81304
2.56222
2.74671
3.88118
0.351649
4.96193
1
3.32146
1
1.84663
3.10595
1
5.38265
0.317046
1
0.830375
0.0639525
1.36168
0.541265
0.574503
0.420967
1
0.584963
1.43298
2.79571
1
6.21749
5.05021
1.43282
1.23111
1.08522
0.111146
2.67891
4.04757
0.0194694
3.9525
2.69276
1.11762
1.26327
1
3.95144
4.45653
3.43309
1
2.22329
0.541265
0.574503
0.420967
5.25626
2.69276
2.84446
3.16069
2.794
4.8493
1
2.70325
2.15231
5.57035
1.20832
1
3.93143
3.28029
1
3.47162
1.04982
5.81304
2.56222
2.74671
3.88118
0.351649
4.96193
1
5.34204
2.78641
3.97496
2.85099
2.25587
1.47319
1.08522
0.111146
2.67891
1
4.04148
1.9464
2.33623
3.33703
2.86619
1
4.48836
4.72413
7.86831
2.71254
7.20908
5.43653
8.22721
0.672981
3.09101
1
5.12722
1
1.78032
0.98432
15.1076
3
7
7
7
3.02131
3.92369
3.29023
1.95137
1.61994
0.382687
1.89542
0.541265
0.574503
0.420967
1
0.817308
1.9437
2.31202
1
2.57069
1
4.31913
2.16445
1
0.584963
0.415037
3.27259
14.2231
5.6865
6.93074
7
6.70044
5.48277
4.47182
1.89801
3.54446
0.156911
2.25183
1
2.95866
1
0.736966
0.584963
0.485427
0.415037
4.99759
3.62555
0.652077
3.54892
0.788151
2.53874
2.28929
2.33513
3.22495
2.40966
2.85061
0.932727
4.24085
12.5043
7
4.93074
6.71425
7
0.1074
0.574503
0.420967
4.47568
2.83085
1.65418
4.76062
3.9793
1
1.61994
5.26134
1
0.584963
3.70998
3.28029
0.896847
1.52122
3.99902
0.788151
1.50366
1
3.22495
1.43298
3.91694
3.29023
3.99078
1
2.33464
4.55721
2.16445
2.02811
1.96017
2.1935
4.50371
1.57414
1.08191
1.06356
1
0.584963
4.3839
2.86787
0.927049
3.14211
2.75671
2.07889
0.541265
0.574503
0.420967
4.17032
1.25289
2.06013
1
4.52269
3.19449
0.672981
3.09101
1.06356
4.24175
0.0353474
2.90061
1.9464
2.91041
1
3.81099
3.95144
1
3.43309
2.68494
1
3.45402
1.29489
1.03596
4.3839
1
0.584963
4.65377
4.04362
5.73293
1
5.1993
1.96081
5.49897
2.68494
5.48774
1.1899
1.27351
1.38381
1
0.584963
4.36323
3.62514
6.10236
4.43041
0.298874
1
0.584963
1.53046
5.38265
0.317046
4.67842
2.42861
1.94334
4.26473
5.72505
1
4.41538
1
0.927049
3.14211
2.75671
4.63432
1
3.45981
2.78848
4.24116
9.99474
0.53209
4.22268
1
7.86831
2.71254
7.20908
5.43653
8.22721
0.672981
3.09101
1
5.73571
1
3.09101
6.50496
5.04031
0.932727
1
9.30021
1.39855
0.314058
3.0463
3.95977
4.06187
1.61994
0.382687
2.90071
1
1.96273
1.34666
2.86603
1.26327
1
0.541265
0.574503
0.420967
5.25626
2.69276
2.84446
3.16069
2.794
4.8493
1
2.70325
2.15231
5.57035
1.20832
1
3.93143
3.28029
1
3.22817
3.95508
1.68703
1
0.584963
2.59116
3.50333
2.57396
1.61994
0.382687
2.90071
1.53046
5.38265
0.317046
1
0.584963
5.81304
2.56222
2.74671
3.88118
0.351649
5.7999
1.57414
1.08191
1.06356
1
2.95866
1
0.736966
0.584963
0.485427
0.415037
6.33596
5.80217
3.31879
11.9095
5.90689
1.30451
4.07282
8.52244
2.62644
10.9095
8.74416
5.80735
4.83561
10.0437
1.33307
1.80333
4.02259
5.57905
3.41879
8.13413
0.0484426
4.84502
13.8695
4.49075
10.174
8.2854
4.49721
0.402646
1
5.31857
1.24211
0.999256
1.96426
2.42723
1
0.584963
2.25122
3.10595
1.53046
1.11341
0.46685
2.22329
0.541265
0.574503
0.420967
3.54892
4.10171
1
8.11435
3.27531
4.99104
1.8977
2.02744
1
3.2374
0.830375
0.0639525
1.36168
0.541265
0.574503
0.420967
5.56436
2.94588
1.44301
1
2.04985
1
8.43343
1.23795
3.01256
1.97486
3.99078
3.51877
1
6.80138
4.09264
1
4.16007
0.788151
1.6673
1.78059
0.815369
1
4.94625
1
5.01749
7.09969
0.0299
4.34539
1
0.584963
3.43309
0.736966
5.34204
2.10662
4.4249
8.60486
5.12928
3.11417
0.638274
1
3.13762
1.12187
5.59779
0.848235
2.59116
0.539932
1.34563
1
1.1899
1.27351
1.38381
4.55902
1
3.59043
1.9715
2.7154
1
5.29147
0.984316
0.594971
1
0.584963
2.20284
0.337584
4.68259
1.20832
5.70366
3.62323
1
4.92447
3.43708
2.28095
4.8493
1
4.72141
1
4.53458
1
2.7972
0.541265
0.574503
0.420967
5.25626
5.43653
1
0.672981
1
2.7154
4.49276
3.05122
1
4.65377
4.04362
5.73293
1
2.83077
1.53046
1.11341
0.46685
2.22329
0.541265
0.574503
5.43481
1.27042
1.76967
3.4608
1
3.7575
5.83703
2.73833
1.7293
1.73393
2.80518
2.1935
1
1.42618
4.04148
2.19691
3.3383
1
2.12037
4.17032
1.25289
0.706559
3.69682
2.10474
2.63318
0.672981
1
0.463722
2.22329
0.541265
0.574503
0.420967
4.48836
1
4.04362
1.30569
3.77589
5.71263
0.111146
1
1.55298
3.22817
0.830375
0.0639525
5.71671
2.64795
6.61399
2.99698
5.20252
2.39736
1
1.12187
4.3839
1
0.927049
1
2.75671
4.82132
1.18108
0.156911
3.18046
6.38663
2.63001
2.19375
2.02554
1
2.69392
1
3.26922
4.79311
2.33829
1
0.932727
4.24085
0.245168
14.0524
7
7
7
7
3.11508
1.00018
1.62193
3.91189
3.41224
1.78032
0.98432
2.75566
0.541265
0.574503
0.420967
5.25626
2.69276
2.84446
3.16069
2.794
4.8493
1
2.70325
2.15231
2.48494
1.53046
1.11341
0.46685
4.65865
1.9464
3.11508
1.00018
1.62193
1
2.83641
3.92989
5.22572
1.06116
3.32909
3.60885
1
5.1058
1.96081
5.49897
2.68494
2.22329
0.541265
0.574503
5.71249
0.322092
4.52101
1
0.706559
3.69682
2.10474
2.63318
0.672981
13.1299
1.53303
2.59287
1.9464
3.11508
1.00018
1.62193
8.01484
2.68537
1.78296
5.57293
2.95338
1
5.1058
1.96081
5.49897
2.68494
2.22329
0.541265
0.574503
5.71249
0.322092
1
5.03478
3.19613
9.99435
2.37638
2.59287
1.9464
3.11508
1.00018
1.62193
5.62568
1.96081
5.49897
2.68494
2.22329
0.541265
0.574503
5.71249
0.322092
5.1993
2.64795
2.02172
1
2.20284
0.337584
5.22534
1
1.96756
4.9081
3.51286
2.79571
3.82105
1
5.12928
0.402646
4.36323
1
6.10236
9.32118
6.23493
1
3.34579
0.830375
0.0639525
1.36168
0.541265
0.574503
0.420967
4.48836
2.42861
1.94334
4.26473
5.72505
10.1059
1.90903
3.12338
0.541265
2.97219
1.00018
1.62193
1
0.584963
1.03596
2.75566
0.541265
0.574503
0.420967
4.47568
3.12351
1.54067
2.031
1
2.85807
0.976477
1.08191
1.06356
1
3.27346
1.08165
8.4231
0.120051
1.55006
1.43162
3.05227
3.02473
1.08522
0.111146
1
0.0484426
2.54693
1.53046
1.11341
0.46685
1
1.1899
4.1011
1
0.584963
4.26473
2.78881
4.08298
1
4.72337
3.13573
3.96963
0.562287
2.75566
2.20284
1
5.02834
0.848235
2.59116
0.539932
1.34563
1
0.584963
2.25122
3.10595
1.53046
4.66427
7.19001
1.11704
3.3383
1
0.584963
0.415037
0.321928
0.263034
0.222392
2.97219
1.00018
1.62193
4.66084
3.12351
1.54067
2.031
1
2.85807
0.976477
1.08191
1.06356
1
3.27346
1.08165
8.4231
0.120051
1.55006
1.43162
3.05227
3.02473
1.08522
0.111146
1
11.5929
7.65821
4.93074
6.71425
7
4.72413
7.86831
2.71254
10.9095
1.33307
1.80333
4.02259
5.57905
3.41879
2.25122
1
3.95144
4.45653
3.43309
7.12954
0.345077
6.79501
1.95756
4.20215
3.90276
3.84365
3.12485
2.98351
1.89361
7.98513
1
0.584963
0.415037
0.321928
0.263034
0.222392
5.1058
1.96081
2.70031
6.03289
6.12019
1.66827
3.26524
2.85683
3.10037
1
0.584963
0.415037
0.321928
0.263034
3.79663
1.04982
5.81304
1.35204
0.874469
3.05227
3.02473
7.90269
3.87991
2.8946
1.47319
1.08522
0.111146
1
3.10595
1
1.11341
0.46685
4.31913
1
4.45653
3.43309
1
3.32146
1
2.38792
1
0.807355
0.678072
2.48494
6.5047
3.72465
2.43639
4.67492
0.463722
3.42995
4.89405
1.62193
5.62568
1
2.85807
5.56689
6.20163
4.75021
2.34715
1.61994
0.382687
4.01674
1
2.06013
2.48846
1
3.19449
0.672981
3.09101
1.06356
1
4.55902
5.43653
1
0.672981
1
2.7154
4.05401
1
2.41323
1.38578
2.40135
2.33829
3.52503
1
2.04497
2.25147
2.73816
5.18231
2.94415
11.9095
5.90689
1.20051
7.86831
2.71254
7.45009
0.788151
1
2.58533
4.48934
1
0.584963
3.95144
4.45653
3.43309
1
2.22329
0.541265
0.574503
0.420967
4.47568
3.05122
5.12581
4.65377
4.04362
5.73293
1
0.584963
0.415037
2.84446
3.16069
2.794
1
3.09646
2.70325
2.15231
5.57035
1.20832
1
3.93143
3.28029
4.2706
0.0194694
2.90061
1.9464
1.00326
2.02139
2.31092
0.946195
1
3.70998
3.28029
0.896847
1.52122
4.15722
1
0.706559
3.69682
2.10474
2.63318
0.672981
1
0.463722
4.98871
2.42861
1.94334
4.26473
5.72505
1
2.7972
1
0.337584
5.02834
3.90635
2.15754
2.33513
2.94511
2.01015
1.81436
5.49068
5.43653
1
0.672981
3.09101
15.2961
7
6.93074
7
6.70044
6.71955
3.47195
11.0987
6.89437
11.8607
8.45738
4.47137
2.85061
3.45275
3.94023
1
3.42995
1.53046
1.11341
0.46685
4.65865
1
8.64683
4.07151
6.95092
0.0299
1
2.90194
4.33429
1
2.38787
4.57974
3.27346
1
12.122
0.251339
2.46399
0.463722
1
2.38313
1.22608
5.07472
1
7.86831
1
7.20908
5.43653
8.22721
0.672981
3.09101
15.2961
7
6.93074
7
6.70044
4.73579
4.28688
1.24211
0.999256
1.96426
2.42723
1
4.12394
0.830375
5.74858
1.80653
1.78886
1
1.6138
3.30813
1.53046
1.11341
0.46685
4.80607
4.28688
1
1.26327
1
3.19363
2.03843
1.47319
1.08522
0.111146
1
1.44259
1.08165
4.00513
1
0.584963
4.32952
0.736966
4.10428
2.63162
2.77485
1
0.584963
4.89405
1.62193
5.12928
3.82132
3.11942
7.04448
5.51907
0.924051
1
0.1074
0.574503
0.420967
4.17032
2.42123
3.65473
1
7.28848
3.78953
4.05488
1
1.03596
2.48494
8.17141
1.98525
5.20807
6.39425
2.33829
3.25561
1.61994
1
2.90071
2.86825
3.91216
1
2.48846
4.44588
2.01791
4.00064
2.67891
4.47499
1
4.47568
2.86787
0.927049
3.14211
2.75671
2.07889
0.541265
0.574503
0.420967
4.47568
14.6728
5.6865
10.3971
2.47213
6.58462
1.79833
0.950812
2.01015
1.81436
4.78714
1
7.86831
1
7.45009
0.788151
1
2.58533
4.48934
1
4.96408
1
6.18559
0.096531
1.55006
1.43162
3.05227
3.18059
1
0.463722
2.22329
0.541265
2.97219
1.00018
1.62193
4.66084
14.6728
5.6865
10.3971
4.92719
1.96081
3.52343
1.80848
4.36323
1.31236
1
3.28851
1
4.01802
4.10171
1
3.57619
3.11942
3.60261
5.54065
7.3577
8.28656
2.8357
3.33703
1
5.0411
7.83901
6.93074
10.8955
0.997505
2.7972
8.83882
0.964833
6.29725
1
3.2374
5.91721
0.698628
2.08112
1
3.4608
2.86825
4.72365
1.9464
1.00326
1.29489
3.60261
6.91505
2.33624
1
0.584963
0.415037
0.321928
2.26489
3.3383
1.81436
4.01802
0.788151
1
2.85136
1.61195
1
5.44043
0.869511
1
1.52969
4.55902
2.90939
0.148888
4.51875
2.19691
5.6244
9.83296
2.11894
1
11.2231
1
2.36955
4.45528
2.94415
0.515591
1
2.38792
3.16946
3.70998
2.25147
1
3.80304
5.81327
1
0.584963
2.75566
0.541265
2.97219
1.00018
1.62193
4.83685
1
2.06013
2.48846
1
3.19449
0.672981
3.09101
1.06356
1
4.55902
5.43653
1
0.672981
1
2.7154
5.12722
3.41224
1.78032
0.98432
5.20218
2.42861
1.91204
3.18046
1
0.584963
1.04982
5.81304
2.56222
2.74671
3.88118
0.351649
4.96193
1
0.584963
0.415037
0.321928
0.263034
3.42995
4.89405
1.62193
3.34579
2.38313
4.26473
2.78881
4.17032
1
4.63889
0.58776
3.61418
1
3.16946
4.25323
2.56803
1.08411
5.01727
3.26102
2.29482
2.57069
1
4.98871
2.42861
1.94334
4.26473
5.72505
1
4.41538
1
0.927049
3.14211
2.75671
3.13282
1
4.10811
1.18108
0.156911
3.18046
6.38663
2.63001
2.19375
2.02554
1
3.19363
2.03843
1.47319
1.08522
0.111146
1
1.44259
1.08165
5.68927
1.9464
1.00326
4.5426
3.52008
1
4.08298
2.83641
3.92989
5.22572
1.06116
2.57396
1.61994
0.382687
2.90071
3.63384
0.98432
6.97314
2.16295
3.32909
3.60885
1
4.17032
1
0.736966
2.48846
4.52269
3.19449
0.672981
3.09101
1.06356
5.34424
0.407445
4.22268
1.20051
7.86831
2.71254
7.45009
0.788151
1
2.58533
4.48934
1
0.584963
3.95144
4.45653
3.43309
1
5.7189
3.45402
1
1.03596
4.73579
2.42123
3.65473
1
7.28848
3.78953
4.05488
1
1.03596
2.48494
1
1.62193
14.783
3
7
7
7
0.574503
0.420967
5.25626
0.981676
7.01159
1.6469
1
6.53232
3.21564
2.36524
1.61994
1
4.51041
2.16445
1
5.56362
1
3.2768
3.94294
12.9076
7
4.93074
6.71425
7
0.830375
0.0639525
1.36168
0.541265
0.574503
0.420967
1
1.04982
5.81304
1.35204
3.69162
3.05227
1
7.90269
3.87991
2.8946
1.47319
1.08522
0.111146
1
3.10595
1
1.11341
0.46685
2.22329
0.541265
2.97219
1.00018
1.62193
6.4884
3.15843
1
0.584963
2.20284
0.337584
3.29973
1
4.46448
2.64795
9.16419
3.37255
0.915371
1
0.584963
3.59931
2.61822
6.22315
2.83958
1
2.48494
3.62208
2.00692
1
3.79663
1
5.81304
1
2.74671
3.88118
0.351649
4.96193
4.77406
