175
8
8
6.12412
6.52356
7.46761
7.13955
5.76818
4.61143
4.75489
7.63662
7.65821
6.62936
8.57365
7.50779
6.85798
6.16993
6.93074
7.80735
5.09452
5.65535
4.55459
4.63743
3.36419
4.10962
5.82018
2.98037
2.59637
5.36923
6.97154
6.39232
7.77479
5.24793
5.49825
4.8357
6.99435
5.6865
7.43879
5.03562
5.86419
6.22239
7.62205
8
8.16302
10.1898
8
7.65821
6.10154
4.45943
5.18133
8.12412
7.67948
6.67948
7.48382
6.40939
4.97728
4.86507
4.63743
4.19265
4.32572
1
5.43296
7.77479
7.65821
4.77479
5.01282
5.49825
7.16491
6.50779
7.65821
5.64386
7.93664
4.9542
6.38082
5.6865
7.43879
5.03562
5.86419
6.22239
5.62205
6.96578
5.53605
6.03892
5.71425
6.62936
5.34239
4.75489
7.63662
7.65821
7.67243
8.12412
7.75489
7.98299
7.67948
4.32912
6.85798
4.34792
6.70044
5.85798
5.86419
4.63743
5.48543
6.23362
3.46632
7.49586
6.09452
6.07325
7.65821
7.53138
7.50779
5.45286
6.79442
4.94251
4.63743
6.12412
5.42626
7.63662
7.65821
6.62936
5.25172
6.40939
4.65662
6.86419
7.9542
7.48382
4.86899
4.30518
3.93231
7.70044
7.65821
6.6865
7.50779
5.39803
5.7211
7.72792
6.10154
4.45943
5.18133
8.12412
7.67948
6.67948
7.48382
6.40939
6.7211
6.12928
4.55459
4.80735
3.46632
4.58896
6.86625
7.16491
6.50779
7.65821
6.67948
3.7851
6.37504
6.80735
5.39722
6.97154
7.82655
6.61471
6.12412
7.75489
8
5.24793
5.49825
4.30518
6.8392
7.67948
6.39232
7.77479
5.24793
5.49825
4.8357
5.99435
4.22005
7.87036
6.05528
7.65821
5.64386
5.26679
7.33985
7.47573
6.59991
3.36419
4.10962
7.82018
5.70044
6.05528
7.65821
5.03709
7.18488
4.39232
6.39803
6.97154
7.82655
6.61471
6.12412
7.75489
8
5.24793
5.49825
4.30518
6.8392
6.09452
6.62936
5.25172
4.99435
2.98037
2.59637
5.36923
1
7.65821
6.49985
8.03342
7.35755
8.13955
8.53528
6.43741
7.80735
7.74147
3.77672
5.40372
6.29768
4.77844
5.12338
3.98055
5.84298
4.55459
4.80735
3.46632
8.49586
7.49985
7.5157
8
2.59637
5.36923
6.97154
6.62936
6.57365
7.50779
4.45943
6.98868
5.93074
5.55459
4.55459
4.80735
3.46632
8.49586
8
7.90087
5.77479
6.21594
6.3634
4.04439
6.16491
3.47393
3.53605
5.33985
5.31677
4.34792
7.70044
6.62936
5.25172
6.40939
4.51785
3.57399
7.26366
7.60733
7.62205
5.45286
6.79442
6.76155
6.63662
5.29278
4.86899
4.30518
3.93231
7.70044
6.07325
7.65821
7.49985
7.54689
5.70966
5.66676
4.32572
7.14466
4.34792
7.70044
6.97728
5.90689
7.96578
7.67243
7.12412
7.67948
6.60733
7.76818
7.61471
6.64866
4.39232
3.47508
5.26366
6.99435
6.62936
8.57365
7.50779
6.85798
6.16993
6.93074
7.80735
5.09452
5.65535
6.13955
4.74416
5.66676
7.63662
8
7.90087
4.96578
3.77052
3.91754
6.46489
7.59991
4.34792
6.70044
2.98037
2.59637
5.36923
6.97154
6.39232
7.77479
5.24793
5.49825
4.8357
6.99435
5.6865
7.43879
5.03562
5.86419
6.22239
5.62205
1
7.02237
4.20477
6.35755
6.70044
2.98037
2.59637
5.9542
7.67948
7.67948
7.57743
4.97728
4.86507
4.63743
4.19265
4.32572
1
5.43296
7.77479
7.65821
5.70044
4.73335
7.77479
6.97154
6.76155
6.14975
5.14684
3.89162
8.32643
6.75489
7.65821
7.55459
5.48543
5.85175
4.34792
6.70044
3.02237
8.53528
3.71272
3.44192
6.59246
5.49185
4.57994
5.13614
6.57743
7.56986
6.64866
4.39232
5.53398
3.89162
4.32643
7.80735
8
7.90087
5.15843
5.72792
7.80735
3.29022
5.53605
6.97728
7.73471
7.71425
6.0607
7.80735
8
8
3.42155
10.4959
7.55459
5.35755
5.59991
6.88874
7.89482
7.65821
7.53138
7.50779
1.90781
8.27743
8.98584
6.05528
4.57994
5.13614
6.57743
5.54226
5.38919
5.29768
6.04439
6.75489
7.65821
4.60486
4.36565
6.87652
3.91966
5.53916
6.16993
5.49719
6.35755
5.23522
5.33985
7.57743
6.55459
6.57743
5.74067
6.66391
5.85798
5.86419
4.63743
5.48543
6.23362
3.46632
4.6885
6.99435
6.62936
5.25172
6.40939
4.65662
6.86419
7.9542
7.48382
4.86899
4.30518
3.93231
7.70044
7.65821
6.6865
7.50779
5.39803
5.7211
7.72792
6.10154
4.45943
5.18133
8.12412
7.67948
6.67948
7.48382
6.40939
6.7211
6.12928
4.55459
4.80735
3.46632
4.58896
6.86625
7.16491
7.50779
8
7.90087
7.02237
4.20477
6.35755
6.70044
3.85798
4.05209
8.84862
4.32193
7.96578
7.65821
7.53138
7.50779
2.98037
2.59637
5.36923
7.97154
5.0199
3.98055
4.35755
5.04127
6.09452
6.35168
6.42066
7.70044
4.80735
3.46632
7.49586
6.09452
7.65821
4.60486
7.06609
3.03892
6.96
6.62205
6.82655
4.39993
4.9542
2.96123
6.39803
6.38658
6.67948
3.7851
6.37504
6.80735
5.39722
7.97154
6.85798
4.24793
4.09516
7.84549
6.39232
7.77479
5.24793
5.49825
4.8357
5.99435
4.22005
7.87036
6.05528
7.65821
5.03709
7.18488
4.39232
6.39803
6.97154
7.82655
6.61471
6.12412
7.75489
8
5.24793
5.49825
4.30518
7.8392
8
7.90087
3.91966
6.12412
6.52356
7.46761
7.13955
5.76818
4.61143
4.75489
7.63662
7.65821
5.64386
6.93664
6.40372
7.83289
7.50779
7.5157
8
2.59637
5.36923
5.64962
6.05528
4.57994
5.13614
6.57743
5.54226
5.38919
5.29768
6.04439
6.75489
7.65821
5.35755
6.01495
5.33985
8.12412
6.97154
4.51785
5.44846
5.47032
5.85175
4.34792
7.70044
6.62936
5.25172
6.99435
5.67243
5.39803
6.7211
4.05209
5.38919
1
4.49476
8.53528
7.02237
4.20477
6.35755
6.70044
2.59585
4.32643
4.25956
4.48618
8.45121
7.45943
7.90087
8.02237
5.77259
4.05683
3.97229
4.10962
1
7.65821
6.20294
2.59637
1
5.33985
6.57743
6.05528
6.57994
5.47573
7.08215
5.51728
4.08746
5.3159
6.04439
7.75489
8
7.90087
7.02237
4.20477
6.35755
6.70044
5.64386
7.85175
4.06111
3.53605
4.63941
1
8.16491
6.63662
4.97728
4.86507
4.63743
4.19265
4.32572
1
5.43296
7.77479
7.65821
5.70044
4.73335
7.77479
6.97154
6.76155
6.14975
5.14684
3.89162
8.32643
6.75489
7.65821
6.67948
6.00749
6.5025
6.87652
4.65662
5.54226
6.40372
5.51096
6.70044
2.98037
2.59637
5.36923
6.97154
6.39232
7.77479
5.24793
5.49825
6.00562
6.09452
7.65821
4.85798
8.35315
5.22239
6.70044
6.05528
6.62205
5.98868
5.20945
6.85175
7.97154
5.18982
6.80735
6.04439
6.75489
7.65821
4.60486
4.36565
5.55459
2.98037
2.59637
5.36923
5.64962
2.59585
4.32643
4.25956
4.32572
4.82273
6.75489
6.85175
5.64962
6.05528
4.57994
6.7211
8.42626
5.06609
4.38171
6.29768
4.77844
6.93074
6.67948
4.65662
4.69426
4.64866
7.6865
7.60733
7.46761
7.5157
4.24031
3.44192
8.59246
8
7.50779
5.39803
5.7211
7.72792
3.02237
6.95031
4.85798
6.37504
4.77844
5.34577
4.74416
4.40372
4.73094
4.39232
4.65951
8.16491
6.63662
5.96578
3.76081
5.29462
4.20477
7.94251
7.64386
6.20945
4.9
4.66676
7.8392
8
7.90087
5.35755
7.59991
5.89885
8.16302
9.18982
7.45943
5.85798
7.97154
5.7211
7.14466
4.06111
3.53605
5.33985
5.99247
5.64386
6.85175
5.85175
4.8357
6.99435
3.02237
8.53528
7.82655
6.61471
6.12412
7.75489
8
5.24793
5.49825
4.30518
6.25424
6.22239
6.9542
8.16491
7.63662
5.6865
7.43879
5.03562
5.86419
6.22239
5.62205
7.96578
7.67243
8.12412
7.75489
7.98299
7.67948
4.32912
5.85798
7.97154
2.98037
2.59637
5.36923
5.64962
1
6.72792
7.61471
7.53916
6.07325
7.65821
7.53138
7.50779
5.85798
4.05683
4.32593
8.14466
5.70736
6.38082
6.6865
7.50779
5.39803
5.7211
7.72792
6.43741
6.80735
7.62205
3.53605
4.75489
6.63662
4.61471
5.23362
5.3159
6.04439
6.75489
7.65821
7.02237
8.23362
5.39803
5.47573
5.49719
6.35755
6.70044
2.98037
2.59637
5.36923
6.38658
4.50956
5.57743
6.98868
6.54689
7.47573
8
8
3.42155
10.4959
6.55459
5.64386
6.93664
6.40372
5.51096
7.70044
3.95109
6.08746
6.0607
5.48543
6.85175
5.16419
5.07325
3.47393
3.53605
4.75489
6.63662
5.41504
4.87213
4.96193
7.5157
7.67948
7.02237
4.20477
6.35755
1
8.02237
6.42066
7.74147
6.57994
5.47573
7.08215
7.8392
7.29462
4.76155
4.45286
3.80735
5.91169
4.90689
6.02237
6.38082
6.05528
4.57994
6.7211
6.8413
6.27922
5.49185
4.59246
7.32643
6.26679
5.64962
2.59585
2.34915
5.76818
4.98868
7.67948
5.93074
4.05209
5.26366
6.99435
4.85798
6.14296
3.07215
7.03892
6.75489
5.33628
6.05528
4.57994
4.7211
8.03892
8.33985
8
7.90087
6.1964
6.78136
4.30518
5.8392
6.86419
7.59246
6.10154
7.52356
7.96578
7.67243
7.12412
7.67948
6.60733
7.76818
7.61471
6.64866
4.39232
3.47508
8.84862
7.49985
7.84549
8.78463
8
2.59637
5.36923
6.38658
5.35755
5.59991
6.88874
7.89482
7.65821
7.53138
6.50779
6.39232
7.77479
5.24793
5.49825
4.8357
6.99435
5.6865
7.43879
5.03562
5.86419
6.22239
5.62205
6.38082
6.05528
4.57994
5.13614
6.57743
5.54226
5.38919
5.29768
6.04439
7.75489
8
6.90087
6.07325
7.98868
5.99247
7.82655
7.80735
7.54689
7.65821
8
7.90087
5.35755
6.01495
5.33985
8.12412
7.97154
5.77479
6.21594
6.3634
4.04439
6.16491
3.47393
3.53605
5.33985
5.31677
4.34792
7.70044
6.97728
5.90689
7.96578
7.67243
7.12412
7.67948
6.60733
7.76818
7.61471
6.64866
4.39232
3.47508
5.04127
6.09452
7.65821
6.67948
6.00749
6.5025
5.06916
7.96578
4.04439
6.57994
5.73877
5.39917
5.31677
4.34792
6.70044
6.10154
6.04439
5.73877
6.7211
7.57743
6.39232
7.77479
5.24793
5.49825
4.8357
6.99435
5.6865
7.43879
5.03562
5.86419
6.22239
5.62205
6.38082
4.51785
3.57399
7.26366
7.60733
7.62205
8.02237
6.42066
7.74147
6.57994
5.47573
7.08215
3.93231
7.70044
7.47573
7.84549
2.98037
2.59637
5.36923
5.64962
6.05528
4.57994
5.13614
6.57743
5.54226
5.38919
5.29768
6.04439
6.75489
7.65821
5.35755
6.01495
5.33985
8.12412
7.97154
7.55459
5.48543
5.85175
4.34792
7.70044
6.62936
5.25172
5.99435
6.67948
5.59246
6.35315
5.55459
6.09452
6.62936
8.57365
7.50779
6.85798
6.16993
6.93074
7.80735
5.09452
5.65535
6.13955
4.74416
5.66676
7.63662
7.65821
5.64386
7.93664
4.9542
5.96578
4.22005
7.87036
6.05528
7.65821
3.02237
3.95031
6.05528
4.57994
5.13614
6.57743
6.56986
5.61961
5.3505
7.79442
5.85798
4.05683
4.32593
8.14466
7.70736
7.45943
7.56224
5.53916
6.16993
5.49719
6.35755
5.23522
5.33985
5.57894
3.36419
4.10962
6.82018
7.96578
7.62936
4.51907
7.9542
5.12928
5.23156
7.97154
2.98037
6.98868
6.35315
5.55459
7.67948
6.6865
6.62449
7.80735
6.01495
3.11698
5.33985
5.31677
4.34792
6.70044
5.85798
4.05683
4.32593
8.14466
5.70736
6.96578
4.60486
4.36565
6.87652
5.7211
5.88264
4.32572
4.97473
6.97154
6.39232
7.77479
5.24793
5.49825
4.8357
6.99435
5.6865
7.43879
5.03562
5.86419
6.22239
5.62205
6.96578
5.53605
6.03892
5.71425
6.62936
5.34239
4.75489
7.63662
8
7.90087
6.62936
6.25172
6.1964
5.30012
7.7211
5.96193
5.21594
3.36419
4.10962
6.82018
5.64386
7.97154
4.7211
5.23156
5.16419
7.65821
7.53138
7.50779
2.98037
2.59637
5.36923
6.97154
7.82655
6.61471
6.12412
7.75489
8
5.24793
5.49825
4.30518
7.8392
6.46761
8.16302
10.1898
8
7.65821
7.83289
4.96193
4.35755
4.20477
7.94251
7.52356
4.32643
6.37504
7.80735
7.47573
6.02975
5.53916
8.00562
7.49985
7.5157
8
2.59637
5.36923
5.97154
3.91966
6.12412
6.52356
7.46761
7.13955
5.76818
4.61143
4.75489
7.63662
7.65821
5.77479
5.21594
5.51096
7.70044
6.13614
4.78136
7.7879
6.67948
7.82655
3.80735
7.98299
5.32193
4.86295
5.24793
5.82018
7.97154
4.85798
5.03122
5.91169
7.54689
7.70044
7.65821
6.17659
4.86295
5.24793
5.49825
6.00562
4.78136
6.39803
7.97154
2.98037
6.98868
6.35315
5.55459
6.67948
7.82655
6.61471
6.12412
7.75489
8
5.24793
5.49825
4.30518
6.8392
7.67948
6.39232
7.77479
5.24793
5.49825
4.8357
5.99435
4.22005
7.87036
6.05528
7.65821
6.62936
8.57365
7.50779
4.4667
7.94251
6.52356
6.85798
4.34792
7.70044
6.62936
5.25172
6.99435
7.02237
8.84862
4.32193
7.96578
7.65821
7.53138
7.50779
2.98037
2.59637
5.36923
7.97154
5.0199
3.98055
4.35755
5.04127
6.09452
6.35168
6.42066
7.70044
4.80735
3.46632
7.49586
7.67948
8
7.90087
4.97728
7.67243
7.25267
6.67948
5.64386
6.93664
6.40372
5.51096
6.70044
2.98037
2.59637
5.36923
6.97154
4.97728
4.86507
4.63743
4.19265
4.32572
1
5.43296
7.77479
7.65821
4.77479
5.01282
5.49825
7.16491
6.50779
7.65821
6.62936
8.57365
7.50779
4.4667
7.94251
6.52356
6.85798
4.34792
7.70044
5.50462
6.40372
4.9542
5.53398
4.55459
4.80735
3.46632
7.49586
6.09452
7.65821
6.67948
7.59246
5.36923
5.33985
8.12412
7.97154
6.85798
4.24793
4.09516
7.84549
6.39232
7.77479
5.24793
5.49825
4.8357
5.99435
4.22005
7.87036
6.05528
7.65821
3.71272
3.44192
8.59246
8
5.88264
6.23522
4.48543
5.21594
3.36419
4.10962
5.82018
2.98037
2.59637
5.36923
1
0.584963
4.38171
4.88264
3.82889
4.32643
4.34792
6.70044
5.96578
3.76081
7.29462
3.89162
8.32643
7.75489
8
8.16302
10.1898
8
7.65821
7.65821
6.53916
7.74147
4.45943
4.81876
6.10154
6.09452
6.62936
5.25172
4.99435
2.98037
2.59637
5.9542
6.75489
6.85175
5.64962
6.05528
6.57994
5.47573
7.08215
5.51728
4.08746
5.3159
6.04439
7.75489
7.47573
8
3.42155
8.17393
7.49185
8
2.59637
5.36923
6.97154
6.6865
5.03953
5.25172
6.94251
5.21594
3.36419
6.77259
7.53916
7.65821
3.56294
7.16491
7.50779
4.51211
5.87652
6.05528
3.70548
7.49586
5.51728
3.98055
5.16491
4.48543
4.99354
6.39232
7.70044
6.67948
5.96578
3.76081
7.29462
3.89162
5.51907
5.12928
4.86899
4.30518
3.93231
7.70044
7.65821
6.6865
7.50779
5.39803
5.7211
6.72792
2.98037
2.59637
5.36923
6.97154
7.82655
6.61471
6.12412
7.75489
8
5.24793
5.49825
4.30518
7.8392
8
7.90087
6.67948
6.00749
6.5025
5.06916
5.64386
6.93664
6.40372
5.51096
7.70044
4.85798
6.37504
5.94837
7.65821
5.6865
7.43879
5.03562
5.86419
6.22239
5.62205
7.96578
5.77479
5.21594
5.51096
7.70044
6.13614
4.78136
7.7879
6.67948
7.67243
8.12412
7.75489
7.98299
7.67948
4.32912
5.85798
7.97154
7.02237
8.84862
4.32193
6.96578
5.85798
4.05683
4.32593
8.14466
5.70736
6.38082
6.6865
7.50779
5.39803
5.7211
5.72792
2.59585
4.32643
4.25956
4.48618
8.45121
7.49185
7.5157
8
4.24793
4.09516
7.84549
6.39232
7.77479
5.24793
5.49825
4.8357
7.99435
4.77479
5.49825
7.00562
5.29768
6.04439
6.75489
7.65821
7.78136
6.45943
2.61143
6.46489
3.47897
3.36419
4.10962
7.82018
6.43741
6.17659
6.30378
2.73877
7.25267
6.67948
2.98037
2.59637
5.36923
6.97154
4.97728
4.86507
4.63743
4.19265
4.32572
1
5.43296
7.77479
7.65821
4.77479
5.01282
5.49825
7.16491
6.50779
6.07325
6.07325
7.98868
7.57743
4.85798
6.76818
6.08746
6.59991
3.36419
4.10962
7.82018
7.02237
8.84862
4.32193
6.96578
6.62936
8.57365
7.50779
4.4667
7.94251
6.52356
7.85798
5.12928
4.86899
4.30518
6.8392
6.09452
6.62936
5.25172
4.99435
2.98037
2.59637
7.9542
7.71425
7.47573
7.84549
8.78463
8
7.12412
7.67948
4.71621
7.84549
4.49541
3.43155
5.81378
7.72792
6.66534
7.57743
4.81876
7.54689
4.4865
8.84862
8
6.90087
7.65821
7.54689
6.96
7.71425
7.87652
7.67243
7.12412
7.67948
6.60733
7.76818
7.61471
6.64866
4.39232
3.47508
5.26366
6.99435
7.02237
4.20477
6.35755
6.70044
2.98037
2.59637
5.36923
5.64962
2.59585
2.34915
5.76818
4.98868
7.67948
5.93074
4.05209
5.26366
7.99435
7.65821
7.53138
7.50779
2.98037
2.59637
5.36923
1
3.95109
6.08746
6.0607
5.48543
6.85175
7.97154
5.66534
7.63662
5.96193
4.99354
6.97728
6.14975
6.9542
5.91169
5.22497
6.38082
6.05528
4.57994
6.7211
6.8413
6.27922
5.49185
4.59246
7.32643
7.85175
8
7.90087
5.64386
6.93664
6.40372
5.51096
7.70044
3.91966
6.12412
6.52356
7.46761
7.13955
5.76818
4.61143
4.75489
7.63662
7.65821
4.85798
6.76818
4.5025
5.85798
7.97154
6.13614
4.78136
7.7879
7.67948
5.65535
6.14975
5.85175
4.8357
6.99435
6.43741
6.17659
4.80735
5.39722
7.97154
4.60486
4.36565
6.87652
4.77479
7.82018
4.94902
3.11698
6.75489
7.5157
3.77672
4.32572
4.97473
6.38658
6.67948
7.59246
7.52356
6.96578
2.98037
2.59637
5.36923
6.97154
6.39232
7.77479
5.24793
5.49825
4.8357
6.99435
5.6865
7.43879
5.03562
5.86419
6.22239
5.62205
1
7.02237
4.20477
6.35755
6.70044
2.98037
2.59637
5.9542
7.67948
7.67948
7.57743
5.70044
4.73335
7.77479
6.97154
6.76155
6.14975
5.14684
3.89162
8.32643
6.75489
7.65821
5.35755
6.01495
5.33985
8.12412
6.97154
7.82655
3.80735
7.98299
5.32193
4.86295
5.24793
7.82018
4.34792
6.70044
2.98037
2.59637
5.36923
7.97154
5.85798
5.86419
4.63743
5.48543
6.23362
3.46632
7.49586
6.09452
6.07325
7.65821
7.53138
7.50779
5.45286
6.79442
4.94251
4.63743
6.12412
5.42626
7.63662
7.65821
6.6865
7.50779
5.39803
5.7211
7.72792
6.10154
4.45943
5.18133
8.12412
7.67948
6.67948
7.48382
7.99435
7.65821
4.30518
6.25424
6.22239
7.07682
6.80735
6.04439
7.75489
7.47573
7.5157
4.24031
3.44192
8.59246
8
5.59246
6.35315
5.55459
7.67948
4.22005
7.87036
6.05528
7.65821
2.98037
2.59637
5.36923
6.97154
4.97728
4.86507
4.63743
4.19265
4.32572
1
5.43296
7.77479
7.65821
7.02237
4.20477
6.35755
7.70044
6.67948
5.59246
6.35315
5.55459
6.67948
5.64386
5.26679
7.33985
7.47573
7.18488
4.39232
6.39803
7.97154
5.77479
5.21594
5.51096
6.70044
2.98037
2.59637
6.9542
5.70736
7.96578
7.82655
3.80735
7.98299
5.32193
4.86295
5.24793
7.82018
7.45943
8
6.67948
5.59246
6.35315
5.55459
7.67948
6.62205
7.80735
8.16491
6.7211
6.61471
7.97154
5.77479
5.21594
5.51096
6.70044
2.98037
2.59637
6.9542
5.70736
6.38082
6.43741
6.80735
7.54689
8
8
6.67948
5.59246
6.35315
5.55459
7.67948
5.77479
5.21594
5.51096
6.70044
2.98037
2.59637
6.9542
5.70736
7.96578
5.45286
6.79442
5.55459
4.60486
4.36565
5.87652
4.22005
7.87036
4.91169
4.29278
4.35755
4.26366
6.8392
6.67948
7.67243
8.12412
7.75489
7.98299
7.67948
7.9542
7.58496
7.67948
7.65821
7.53138
7.50779
2.98037
2.59637
5.36923
7.97154
5.85798
4.05683
4.32593
8.14466
7.70736
8
8
2.98037
6.98868
6.35315
5.55459
6.09452
4.16993
5.94837
7.65821
2.98037
2.59637
5.36923
6.97154
4.87915
5.65821
5.49719
5.94251
4.90154
3.07215
4.86899
4.30518
1
6.70966
8.16491
7.63662
6.49985
4.79998
6.61471
6.16993
6.93074
4.80735
3.46632
8.49586
8
7.90087
7.02237
4.20477
6.35755
7.70044
6.13614
6.10329
7.87652
4.85086
4.32593
4.97473
1
5.64386
6.85175
7.85175
7.71425
7.53916
7.65821
4.60486
4.36565
6.29155
4.85798
6.76818
4.5025
5.85798
7.97154
7.02237
5.26366
6.99435
7.02237
5.04127
6.67948
6.48382
6.01495
5.33985
6.57743
4.60486
4.36565
5.55459
2.98037
6.98868
6.35315
5.55459
7.67948
4.87915
5.65821
5.49719
5.94251
4.90154
3.07215
4.86899
4.30518
1
6.70966
8.16491
7.63662
6.49985
4.79998
6.61471
6.16993
6.93074
4.80735
3.46632
8.49586
8
8
3.42155
10.4959
7.55459
6.85798
4.24793
4.09516
7.84549
6.66534
7.57743
4.81876
7.54689
4.4865
5.26366
6.40939
5.64386
6.93664
6.40372
7.83289
7.50779
7.5157
8
6.82018
6.71425
7.86419
7.76155
4.39993
5.84298
7.13955
7.70044
7.65821
4.85798
6.76818
4.5025
5.85798
7.97154
5.77479
6.21594
5.62644
7.54689
5.86419
5.94837
3.8679
5.85175
4.34792
6.70044
2.98037
2.59637
5.36923
6.97154
6.62936
8.57365
7.50779
6.85798
6.16993
6.93074
7.80735
5.09452
5.65535
4.55459
4.80735
3.46632
4.6885
6.99435
7.02237
4.20477
6.35755
6.70044
5.64386
6.93664
6.40372
5.51096
7.70044
7.62936
8.07682
6.09452
4.16993
5.94837
7.65821
4.32193
7.98868
4.81378
6.03892
4.34792
6.70044
8.02237
5.55459
7.67948
5.45286
4.90154
7.35755
7.13955
6.75489
4.85086
3.36419
4.10962
7.82018
7.82655
6.61471
6.12412
7.75489
8
5.24793
5.49825
4.30518
6.8392
7.67948
6.39232
7.77479
5.24793
5.49825
4.8357
6.40939
4.36712
6.20945
4.62059
5.91169
7.07682
5.48543
4.39232
4.65951
3.99498
5.80735
7.62205
7.46761
7.84549
8.78463
8
4.24793
4.09516
7.84549
6.05528
4.57994
4.7211
8.03892
5.33985
5.99247
5.64386
6.93664
6.40372
5.51096
6.70044
2.98037
2.59637
5.36923
6.97154
5.6865
7.43879
5.03562
5.86419
6.22239
5.62205
6.38082
4.97728
4.86507
4.63743
4.19265
4.32572
1
5.43296
7.77479
7.65821
4.77479
5.01282
5.49825
7.16491
7.50779
8
7.90087
6.67948
3.7851
7.96
6.39232
6.0045
7.57743
3.56294
7.16491
7.50779
4.51211
6.87652
7.82655
3.80735
7.98299
5.32193
4.86295
5.24793
7.82018
4.34792
6.70044
5.85798
4.05683
4.32593
8.14466
5.70736
6.96578
4.60486
4.36565
6.29155
5.85798
5.10154
7.08215
4.03185
3.11698
5.33985
7.57743
6.39232
7.77479
5.24793
5.49825
8.00562
5.90689
8.16302
10.1898
8
7.65821
5.24793
6.65821
5.35755
7.54689
7.5157
7.50779
5.3159
7.62936
5.42066
6.35755
6.70044
7.02237
4.20477
6.35755
7.70044
5.35755
6.21594
7.23362
7.52356
8
7.90087
5.47032
6.53398
5.82018
5.85798
4.16993
6.70966
5.84298
8.23362
7.49185
7.53138
4.34792
7.70044
4.85086
4.6885
5.99435
6.85798
4.24793
4.09516
7.84549
6.39232
7.77479
5.24793
5.49825
8.00562
5.90689
8.16302
10.1898
8
6.65821
7.82655
6.60733
7.76818
7.61471
6.64866
5.65535
7.67243
7.65821
6.53138
6.74147
8.20945
4.39232
6.39803
7.97154
7.02237
4.20477
6.35755
6.11548
7.82655
6.02237
7.25267
6.67948
6.7211
6.12928
4.55459
4.80735
3.46632
4.58896
6.86625
8.16491
6.63662
5.64386
7.85175
7.75489
6.05166
5.39917
4.73094
4.90689
6.02237
6.38082
8.02237
5.55459
6.67948
7.67243
5.57894
6.94837
7.55459
7.49185
7.5157
8
2.59637
5.36923
6.97154
4.65662
5.54226
6.26366
5.82273
4.76022
7.63662
4.16993
5.94837
7.65821
8.02237
5.9386
4.87036
7.98868
7.07682
4.63743
3.36419
4.10962
7.82018
3.02237
7.53528
7.67243
6.12412
5.16993
6.22882
6.79442
7.49586
6.09452
6.85175
6.97154
6.6865
7.50779
5.39803
5.7211
6.72792
2.98037
2.59637
5.36923
6.97154
4.51658
6.55459
7.77479
7.76155
7.02237
4.63662
7.70044
3.11698
5.33985
7.57743
6.85798
4.24793
4.09516
7.84549
6.05528
4.57994
4.7211
8.03892
5.33985
7.57743
7.67243
8.12412
6.45943
4.79998
6.61471
6.16993
3.40718
4.32643
4.34792
6.70044
2.98037
6.98868
6.35315
5.55459
7.67948
4.51658
6.55459
7.77479
6.17659
5.77479
7.8009
5.09452
8.12412
5.43296
6.11548
4.74416
7.98868
6.57743
2.59585
6.74147
5.91488
5.57894
4.77844
5.34577
5.48113
7.81378
6.85798
5.36923
5.33985
7.57743
7.67948
7.46761
6.16491
4.9542
6.96578
8.18982
5.86419
6.13614
7.59991
7.99435
5.07325
3.47393
3.53605
5.33985
7.57743
3.02237
8.53528
6.67948
3.7851
6.37504
4.77844
7.93074
6.49185
8.20457
7.88874
6.61471
4.66676
6.46489
6.01495
5.33985
6.57743
6.05528
4.57994
5.13614
6.57743
4.39993
7.12412
5.66676
4.66676
6.8392
7.67948
6.97728
5.90689
5.96578
5.35755
7.59991
6.22239
6.1224
4.82273
7.75489
7.50779
4.16457
7.9542
7.46761
7.84549
7.62936
8.07682
7.67948
3.56294
3.99498
5.80735
8.20457
7.52356
7.70736
6.75489
7.65821
2.98037
6.98868
6.35315
5.55459
6.67948
7.82655
6.61471
6.12412
7.75489
8
5.24793
5.49825
4.30518
6.8392
7.67948
6.39232
7.77479
5.24793
5.49825
4.8357
5.99435
4.22005
7.87036
6.05528
7.65821
5.85798
5.05683
5.18133
8.12412
6.97154
6.62936
8.57365
7.50779
4.4667
7.94251
6.52356
6.85798
4.34792
6.70044
7.02237
4.20477
6.35755
1
8.02237
5.55459
7.67948
4.85086
4.32593
4.97473
6.97154
1
6.20945
4.9
4.66676
6.8392
7.67948
8.02237
6.42066
7.74147
6.98299
6.67948
6
4.32643
4.34792
6.70044
5.85798
4.05683
4.32593
8.14466
5.70736
6.38082
6.6865
7.50779
5.39803
5.7211
7.72792
3.02237
7.53528
6.10154
4.45943
5.18133
8.12412
7.67948
6.67948
7.48382
6.40939
6.7211
6.12928
4.55459
4.80735
3.46632
4.58896
6.86625
8.16491
7.63662
6.67948
3.7851
6.37504
6.80735
5.39722
5.64962
5.64386
5.26679
7.33985
7.47573
6.59991
3.36419
4.10962
7.82018
5.70044
6.05528
7.65821
5.03709
7.18488
4.39232
6.39803
6.97154
7.82655
6.61471
6.12412
7.75489
8
5.24793
5.49825
4.30518
7.8392
7.53916
7.5157
8
4.24793
4.09516
7.84549
6.05528
4.57994
4.7211
8.03892
5.33985
5.99247
5.64386
6.93664
6.40372
5.51096
7.70044
4.85798
6.37504
5.94837
6.65821
4.65662
5.54226
6.26366
5.82273
4.76022
7.63662
4.16993
5.94837
7.65821
8.02237
5.55459
7.67948
3.71272
3.44192
8.59246
7.49985
2.59637
5.36923
6.97154
5.65535
8.14975
7.52356
4.85086
6.57365
5.40599
5.88264
3.36419
4.10962
6.82018
5.96578
3.76081
5.1247
5.43296
7.70736
7.75489
8
8
3.42155
10.4959
7.55459
7.65821
7.53138
7.50779
2.98037
2.59637
5.36923
6.97154
6.62936
8.57365
7.50779
6.85798
6.16993
6.93074
7.80735
5.09452
5.65535
4.55459
4.80735
3.46632
4.6885
6.99435
7.02237
4.20477
6.35755
6.70044
2.98037
6.98868
6.35315
5.55459
7.67948
6.55459
7.58496
7.6865
4.60486
4.36565
7.87652
3.02237
7.53528
5.45286
7.79442
7.49185
7.53138
4.8357
6.40939
4.51785
3.57399
7.26366
7.60733
7.45943
7.65821
7.02237
4.32673
8.12412
6.97154
6.62936
8.57365
7.50779
4.4667
7.94251
6.52356
6.85798
7.80735
