172
8
8
7.97154
7.50779
7.45121
6.13443
5.74147
5.10852
5.51833
5.71425
7.3159
5.56478
6.61961
7.47573
5.43296
4.76081
5.96578
6.78136
6.10852
5.89482
5.0199
6.1964
4.11711
5.46597
8.10329
5.33985
4.51096
4.53743
1
5.71425
5.7211
4.62449
4.90087
5.36923
7.85175
3.68828
7.3159
5.36923
7.03892
6.71425
7.56224
8
2.04026
9.66534
8
8.90087
7.14771
4.87036
1
7.03342
7.65105
7.69349
6.55459
6.85175
6.39232
5.53138
5.67243
4.93074
4.29768
1
4.76081
3.20457
8.90087
4.92184
7.90087
5.79442
6.93664
5.59246
8.90087
4.97102
5.72247
6.64386
6.60733
3.68828
7.3159
5.36923
7.03892
6.71425
5.97728
6.60733
4.58095
5.93074
6.75489
8.29921
4.37851
5.51833
5.71425
8.90087
4.94145
5.44846
5.93074
7.93074
7.65105
4.67243
6.75489
4.22239
8.27146
4.7874
7.03892
4.54432
4.87213
5.87036
4.83007
5.9542
5.02975
8.90087
7.21432
7.47573
7.96
5.92184
5.89482
5.78136
6.09452
6.97154
5.8679
5.71425
7.3159
5.56478
5.39722
6.85175
4.92481
6.92481
7.64386
7.53138
5.93074
4.63227
5.85798
4.54432
8.90087
6.29972
6.53916
4.90087
5.40599
9.11894
7.14771
4.87036
1
7.03342
7.65105
7.69349
6.55459
6.85175
4.03342
5.73877
5.0199
7.78136
4.83007
6.36923
7.0607
6.93664
5.59246
8.90087
6.65821
7.45121
5.39917
5.39232
6.3159
6.94837
5.75489
5.65105
4.57399
5.60881
5.60881
4.62449
4.90087
4.63227
4.53605
7.19476
5.71425
5.7211
4.62449
4.90087
5.36923
7.85175
3.78374
7.72792
4
8.90087
5.43045
5.52982
8.10329
6.45943
5.7879
4.11711
5.46597
7.10329
4.56929
4
7.3159
4.02554
5.7879
5.09351
4.2303
6.94837
5.75489
5.65105
4.57399
5.60881
5.60881
4.62449
4.90087
4.63227
4.53605
6.60979
5.56478
5.39722
6.85175
5.33985
4.51096
4.53743
6.94837
4.89239
7.56224
7.75489
5.63227
5.54946
8.13186
6.00225
7.88264
6.56986
4.23156
4.74514
5.23522
5.37255
5.38082
3.85466
7.09276
5.0199
7.78136
4.83007
7.9542
8
13.5848
7.43463
4.51096
4.53743
7.94837
5.56478
6.20457
6.52356
4.87036
5.70044
6
5.8125
5.0199
7.78136
4.83007
6.9542
4.66838
10.3306
5.59991
7.74819
4.85798
4.32793
6.91289
5.2854
4.75489
5.78136
5.22607
4.22239
8.27146
5.56478
5.39722
6.85175
6.71425
5.16993
6.16491
4.61471
5.91886
5.92184
4.72489
8.33539
7.67243
5.58496
5.93074
4.63227
5.85798
4.54432
8.90087
4.89239
7.56224
7.49185
5.48113
5.49185
4.29768
6.50779
4.22239
6.6865
7.12928
7.45943
7.60733
4.94145
7.03342
7.75489
6.22882
7.53138
7.55459
5.54844
4.73094
5.40939
5.84298
7.85175
5.56478
6.61961
7.47573
5.43296
4.76081
5.96578
6.78136
6.10852
5.89482
4.73039
4.92481
5.70044
7.71425
3.83094
9.41309
5.84549
4.13614
6.10154
7.54689
7.70044
4.22239
4.6865
5.33985
4.51096
4.53743
1
5.71425
5.7211
4.62449
4.90087
5.36923
7.85175
3.68828
7.3159
5.36923
7.03892
6.71425
5.97728
7.60733
5.86475
4.35755
5.69349
4.6865
5.33985
4.51096
6.70736
7.65105
7.66534
7.87652
6.39232
5.53138
5.67243
4.93074
4.29768
1
4.76081
3.20457
8.90087
4.56929
5.76553
6.20457
6.73471
6.75043
3.55943
6.33985
5.8679
5.85175
5.60881
8.90087
3.72311
7.99435
6.85175
4.22239
7.27146
5.00225
8.13186
0.389186
2.62523
9.23601
7.44294
4.74296
7.72792
6.1565
7.65821
5.54844
4.73094
5.40939
5.8679
6.85175
7.80735
4.67646
9.41309
5.73001
7.62205
7.99435
4.81307
7.76155
5.57894
6.22239
7
6.02237
7.99435
7.53138
4.32992
2.65618
3.8679
10.4903
6.24317
5.37851
6.63662
7.89482
7.21432
7.47573
6.37504
1.16149
7.64118
6.70044
5.60562
4.74296
7.72792
4.93411
5.11746
5.57994
6.23522
7.74147
5.60881
7.90087
4.82528
4.92481
7
4.92527
7.97154
6.01495
5.3159
5.10852
4.44144
6.51833
7.87652
5.50779
7.45121
5.24953
4.85244
4.7874
7.03892
4.54432
4.87213
5.87036
4.83007
5.14684
7.85175
5.56478
5.39722
6.85175
4.92481
6.92481
7.64386
7.53138
5.93074
4.63227
5.85798
4.54432
8.90087
6.29972
6.53916
4.90087
5.40599
9.11894
7.14771
4.87036
1
7.03342
7.65105
7.69349
6.55459
6.85175
4.03342
5.73877
5.0199
7.78136
4.83007
6.36923
7.0607
6.93664
6.59246
3.83094
9.50055
5.86475
4.35755
5.69349
8.27146
4.73295
4.8125
7.16491
5.9386
7.60733
7.21432
7.47573
7.96
5.33985
4.51096
4.53743
7.94837
5.24031
3.85466
4.63333
5.84298
7.61471
7.04439
5.17564
6.14296
7.78136
4.83007
5.9542
5.02975
7.90087
4.82528
5.60288
4.70044
7.58496
7.91886
6.33985
5.65821
5.97154
5.66107
4.2303
6.3634
6.65821
7.45121
5.39917
5.39232
6.3159
7.94837
6.16591
7.55459
4.94642
10.4131
5.71425
5.7211
4.62449
4.90087
5.36923
7.85175
3.78374
7.72792
4
7.3159
4.02554
5.7879
5.09351
4.2303
6.94837
5.75489
5.65105
4.57399
5.60881
5.60881
4.62449
4.90087
4.63227
5.05063
3.72403
10.7636
4.92527
7.97154
7.50779
7.45121
6.13443
5.74147
5.10852
5.51833
5.71425
8.90087
4.97102
7.04439
6.22882
7.79442
7.59246
13.5848
7.43463
4.51096
4.53743
7.94837
5.60562
4.74296
7.72792
4.93411
5.11746
5.57994
6.23522
7.74147
5.60881
8.90087
6.24317
6.70044
5.78136
6.03342
6.94837
6.71425
6.75489
5.76553
6.85175
4.22239
8.27146
5.56478
5.39722
7.85175
4.49399
4.90087
5.14296
4.8125
5.57994
5.82018
3.16993
8.13186
5.86475
4.35755
5.69349
8.27146
5.60562
5.24159
4.7211
5.61961
5.73877
2.92892
9.50055
5.32418
7.9542
4.64386
5.63227
5.46597
8.10329
7.21432
4.85798
4.51096
6.1224
6.51833
7.87652
5.60562
6.32793
5.2854
6.90087
6.85798
4.59163
5.99435
7.74147
6.93074
3.83094
9.50055
5.86475
4.35755
5.69349
8.27146
5.43045
6.85175
5.96193
4.75489
5.10329
8.09276
5.35168
7.88874
6.39232
5.53138
5.67243
4.93074
4.29768
1
4.76081
3.20457
8.90087
4.56929
5.76553
6.20457
6.73471
6.75043
3.55943
6.33985
5.8679
5.85175
5.60881
8.90087
6.65821
5.86625
6.6865
8
4.92481
7.92481
6.22882
4.79442
4.6865
5.33985
4.51096
4.53743
1
5.71425
5.7211
4.62449
4.90087
6.9542
5.02975
8.90087
5.65344
6.85175
5.56071
8.27146
7.30606
5.97728
5.37752
7.18982
5.85175
7.94837
7.1472
6.1964
7.74147
5.60881
7.90087
4.82528
4.92481
7
5.33985
4.51096
4.53743
7.94837
5.60562
5.24159
4.7211
4.29768
4.77083
7.93074
5.85175
7.94837
5.60562
4.74296
7.72792
6.43741
6.57743
6.3159
5.23522
5.37255
4.96578
8.19476
4.92481
4.33985
4.28293
6.79442
7.54689
8
7.88435
1.58152
2.62523
9.23601
7.43463
6.53916
4.90087
5.40599
9.11894
5.00225
9.13186
5.2384
4.7211
5.37255
5.64386
4.92481
4.70044
5.187
4.73094
4.29391
5.35168
7.88874
5.26053
3.64386
5.25873
4.35755
6.10852
7.69349
5.11548
5.98489
4.88264
5.05063
3.72403
11.0855
6.24317
7.70044
5.87447
2.04026
9.66534
8
5.16993
7.94837
4.91795
8.09276
5.96193
4.75489
6.51833
7.87652
5.43045
6.26679
5.36457
5.36923
7.85175
5.00225
8.13186
5.75489
5.65105
4.57399
5.60881
5.60881
4.62449
4.90087
4.63227
5.53605
7.78136
6.33985
5.35168
7.88874
3.68828
7.3159
5.36923
7.03892
6.71425
5.97728
7.60733
4.94145
5.44846
5.93074
7.93074
7.65105
4.67243
5.16993
7.94837
5.33985
4.51096
4.53743
6.94837
5.73001
6.62205
6.58496
4.23156
8.90087
7.21432
7.47573
7.96
4.96428
4.64386
4.04731
7.09276
7.49185
6.60733
6.29972
6.53916
4.90087
5.40599
9.11894
6.00225
7.88264
6.80735
4.75489
5.51833
6.12928
5.23704
4.60486
5.99435
7.74147
5.60881
8.90087
5.07625
5.38247
6.3159
5.2854
5.3159
5.69349
4.6865
5.33985
4.51096
4.53743
6.3634
5.92125
5.01495
7.02237
6.56986
7.55459
7.48382
4.32992
2.65618
3.8679
11.4903
4.97102
7.04439
6.22882
4.79442
8.27146
5.91648
7.6865
6.02237
7.99435
5.85175
6.94837
5.21432
5.2854
4.75489
5.51833
7.71425
6.93074
4.10852
4.2555
6.11548
8.19476
5.86475
4.35755
5.69349
7.27146
4.56929
6.98299
6.7879
6.32793
5.2854
6.90087
6.27302
6.48113
5.37851
6.13614
5.71425
6.87036
6.05528
7.54689
7.60733
5.60562
4.74296
7.72792
8.02237
4.13203
6.05528
6.56986
5.26679
6.6865
7.94837
5.60562
4.12611
7.85175
6.22882
7.66534
6
4.8125
5.84298
7.85175
5.20511
7.59246
5.14684
5.60881
5.60881
7.90087
5.60562
4.74296
5.72792
5.12338
6.51833
5.46761
10.0411
5.09192
5.69349
4.63227
7.85798
7.60733
6.00749
6.58496
4.94642
7.60733
4.94145
7.03342
7.75489
6.22882
7.53138
7.55459
5.54844
4.73094
5.40939
8.16491
8
7.30345
8.87958
7.43463
4.51096
4.53743
6.3634
6.24317
5.37851
6.63662
7.89482
7.21432
7.47573
7.96
5.71425
5.7211
4.62449
4.90087
5.36923
7.85175
3.68828
7.3159
5.36923
7.03892
6.71425
5.97728
7.60733
5.60562
4.74296
7.72792
4.93411
5.11746
5.57994
6.23522
7.74147
6.93074
3.83094
11.0855
5.40696
5.43741
7.87652
8.62571
7.67948
7.64386
7.64386
3.83094
11.0855
6.24317
6.70044
5.78136
6.03342
6.3634
5.59991
7.74819
4.85798
4.32793
6.91289
5.2854
4.75489
5.78136
5.22607
4.22239
6.6865
7.12928
7.45943
7.60733
4.94145
7.03342
7.75489
6.22882
7.53138
7.55459
5.54844
4.73094
5.40939
5.84298
5.02975
8.90087
6.65821
5.86625
6.6865
7
4.73001
4.32793
6.32793
6.02237
6.16993
5.22607
4.22239
8.27146
7.14771
7.87036
6.02237
6.75489
7.87652
5.71425
5.7211
4.62449
4.90087
5.36923
7.85175
3.68828
7.3159
5.36923
7.03892
6.71425
5.97728
7.60733
6.71425
5.16993
6.16491
4.61471
7.91886
4.56929
6.98299
6.7879
6.32793
5.2854
6.90087
5.85798
7.71425
3.38143
11.661
5.33985
4.51096
4.53743
7.94837
5.60562
4.74296
7.72792
4.93411
5.11746
5.57994
6.23522
7.74147
5.60881
8.90087
6.24317
6.70044
5.78136
6.03342
7.94837
3.72311
7.99435
6.85175
4.22239
8.27146
5.56478
5.39722
7.85175
6.65821
7.45121
5.52982
5.38247
6.60979
5.56478
6.61961
7.47573
5.43296
4.76081
5.96578
6.78136
6.10852
5.89482
4.73039
4.92481
5.70044
5.71425
8.90087
4.97102
5.72247
6.64386
7.60733
3.78374
7.72792
4
8.90087
5.00225
8.13186
5.60562
4.74296
7.72792
6.1565
6.07325
5.57894
5.3147
7.85798
4.96428
4.64386
4.04731
7.09276
7.49185
7.43463
7.45943
7.97154
6.01495
5.3159
5.10852
4.44144
6.10329
5.187
4.11711
5.46597
7.10329
4.73001
5.59096
4.24159
5.70736
5.75489
5.60881
7.94837
5.33985
6.24793
5.52982
5.38247
7.19476
2.04338
7.49586
7.71425
5.20945
4.15131
5.78136
5.22607
4.22239
8.27146
4.96428
4.64386
4.04731
7.09276
7.49185
7.60733
4.82528
4.92481
8
4.91795
5.23522
4.29768
5.50779
6.94837
5.71425
5.7211
4.62449
4.90087
5.36923
7.85175
3.68828
7.3159
5.36923
7.03892
6.71425
5.97728
6.60733
4.58095
5.93074
6.75489
8.29921
4.37851
5.51833
7.71425
3.83094
10.1786
5.56478
5.39722
7.70736
7.56224
6.58496
7.55459
4.74819
4.11711
5.46597
7.10329
5.84549
6.14975
5.72792
5.60881
6.94837
7.21432
7.47573
7.96
5.33985
4.51096
4.53743
6.94837
5.75489
5.65105
4.57399
5.60881
5.60881
4.62449
4.90087
4.63227
7.85798
5.45121
2.04026
9.66534
8
8.90087
6.89077
4.57743
4.63333
4.35755
7.69349
7.61471
5.24159
5.39917
6.12928
7.55459
5.02975
5.44846
7.9542
8
13.5848
7.43463
4.51096
4.53743
7.94837
4.92527
7.97154
7.50779
7.45121
6.13443
5.74147
5.10852
5.51833
5.71425
8.90087
5.59991
7.74819
4.79442
8.27146
4.53092
5.16323
6.08037
8.19476
5.75489
4.8437
5.57894
5.60733
5.7879
4.62449
5.3159
7.94837
5.65344
4.26679
5.8679
6.02237
8.27146
7.53138
6.54689
5.7879
4.62449
4.90087
6.9542
5.38543
4.2303
7.94837
5.33985
6.24793
5.52982
5.38247
8.19476
5.75489
5.65105
4.57399
5.60881
5.60881
4.62449
4.90087
4.63227
4.53605
7.19476
5.71425
5.7211
4.62449
4.90087
5.36923
7.85175
3.78374
7.72792
4
7.3159
5.56478
6.61961
7.47573
4.99247
6.78136
7.49985
6.75489
4.22239
8.27146
5.56478
5.39722
7.85175
5.86475
7.16491
5.9386
7.60733
7.21432
7.47573
7.96
5.33985
4.51096
4.53743
7.94837
5.24031
3.85466
4.63333
5.84298
7.61471
7.04439
5.17564
6.14296
7.78136
4.83007
5.9542
7.61471
3.83094
10.562
6.39232
7.53138
7.64386
8.19476
4.97102
7.04439
6.22882
4.79442
4.6865
5.33985
4.51096
4.53743
1
6.39232
5.53138
5.67243
4.93074
4.29768
1
4.76081
3.20457
8.90087
4.92184
7.90087
5.79442
6.93664
5.59246
7.3159
5.56478
6.61961
7.47573
4.99247
6.78136
7.49985
6.75489
4.22239
7.27146
5.81835
2.05559
5.75043
5.40939
5.0199
7.78136
4.83007
5.9542
5.02975
8.90087
6.65821
7.45121
6.1224
5.78136
6.03342
7.94837
6.16591
7.55459
4.94642
10.4131
5.71425
5.7211
4.62449
4.90087
5.36923
7.85175
3.78374
7.72792
4
8.90087
0.389186
2.62523
9.23601
7.44294
6.90087
5.79442
4.42321
4.74819
4.11711
5.46597
8.10329
5.33985
4.51096
4.53743
7.94837
4.11013
6.3159
5.01282
5.73335
6.85175
4.22239
8.27146
5.26053
3.64386
5.25873
5.8679
5.85175
6.93074
4.88264
2.04026
9.66534
8
7.90087
6.53138
8.01681
7.49985
4.87036
5.21501
4.09398
6.60979
5.56478
5.39722
6.85175
5.33985
4.51096
6.1224
7.93074
5.85175
7.94837
5.60562
6.32793
5.2854
6.90087
6.85798
4.59163
5.99435
7.74147
7.93074
7.62936
1.61365
2.65618
5.18982
7.9542
7.43463
4.51096
4.53743
5.3634
2.04338
5.91089
6.61961
6.10852
4.74819
4.11711
7.7879
7.63662
8.90087
6.00225
6.93664
7.59246
4.73471
8
5.60562
4.59096
1
6.85798
3.85466
5.50779
4.42321
7.74819
6.90087
5.72792
8.19476
5.26053
3.64386
5.25873
5.8679
6.26679
5.75489
5.93074
4.63227
5.85798
4.54432
8.90087
6.29972
6.53916
4.90087
5.40599
7.53398
5.33985
4.51096
4.53743
6.94837
5.75489
5.65105
4.57399
5.60881
5.60881
4.62449
4.90087
4.63227
5.05063
3.72403
11.0855
6.65821
5.86625
6.6865
7
4.97102
7.04439
6.22882
4.79442
8.27146
5.2384
4.7211
6.17991
8.90087
3.68828
7.3159
5.36923
7.03892
6.71425
5.97728
7.60733
5.59991
7.74819
4.79442
8.27146
4.53092
5.16323
6.08037
8.19476
4.94145
5.44846
5.93074
7.93074
7.65105
4.67243
5.16993
7.94837
5.86475
7.16491
5.9386
6.60733
4.96428
4.64386
4.04731
7.09276
7.49185
6.60733
6.29972
6.53916
4.90087
5.40599
8.11894
5.60562
5.24159
4.7211
5.61961
8.0607
6.49985
12.2629
7.45943
7.55459
4.94642
10.4131
5.71425
5.7211
4.62449
4.90087
5.36923
6.85175
4.92184
4.90087
5.9542
6.23522
7.74147
5.60881
7.3159
6.33985
7.5157
7.74819
6.54689
3.99305
4.11711
5.46597
7.10329
5.07625
6.70044
6.8392
4.79998
7.64386
7.19476
5.33985
4.51096
4.53743
1
6.39232
5.53138
5.67243
4.93074
4.29768
1
4.76081
3.20457
8.90087
4.92184
7.90087
5.79442
6.93664
5.59246
8.90087
5.40696
5.43741
7.87652
5.65344
5.85175
4.5025
5.7879
4.11711
5.46597
7.10329
5.86475
7.16491
5.9386
7.60733
5.56478
6.61961
7.47573
4.99247
6.78136
7.49985
7.75489
5.75489
5.93074
4.63227
4.53605
6.60979
5.56478
5.39722
6.85175
5.33985
4.51096
5.70736
7.75489
3.96963
7.30345
8.87958
8
7.03342
7.75489
5.2555
11.8536
6.37504
6.50779
7.76818
9.11894
5.79008
5.9386
5.21501
7.60733
4.96083
6.16491
4.66838
11.0855
8.21432
7.5157
7.7211
6.41504
8
4.94145
7.03342
7.75489
6.22882
7.53138
7.55459
5.54844
4.73094
5.40939
5.84298
7.85175
5.86475
4.35755
5.69349
4.6865
5.33985
4.51096
4.53743
7.94837
5.60562
4.12611
7.85175
6.22882
7.66534
6
4.8125
5.84298
7.85175
7.21432
7.47573
7.96
5.33985
4.51096
4.53743
1
0.584963
7.6865
6.02237
7.99435
5.85175
7.94837
5.56768
5.93074
7.55459
7.74819
5.57894
3.55943
6.33985
6.60486
6.56986
7.60733
5.60562
4.74296
7.72792
8.02237
4.13203
6.05528
6.56986
5.26679
7.6865
5.14568
9.41309
4.97102
7.04439
6.22882
4.79442
7.27146
4.92527
7.97154
7.50779
7.45121
6.13443
5.74147
5.10852
5.51833
5.71425
8.90087
5.65344
5.85175
4.5025
5.16993
7.94837
4.53092
5.16323
6.08037
7.19476
5.71425
6.70044
5.36457
5.36923
7.85175
5.07625
6.70044
5.23266
6.3159
7.94837
4.82528
4.92481
8
4.92184
6.90087
5.94251
4.15131
6.10329
5.58496
4.23156
4.29768
5.50779
6.3634
6.65821
7.45121
7.48382
7.60733
5.33985
4.51096
4.53743
1
5.71425
5.7211
4.62449
4.90087
5.36923
7.85175
3.68828
7.3159
5.36923
7.03892
6.71425
5.97728
7.60733
5.86475
4.35755
5.69349
4.6865
5.33985
4.51096
6.70736
7.65105
7.66534
6.87652
4.56929
5.76553
6.20457
6.73471
6.75043
3.55943
6.33985
5.8679
5.85175
5.60881
8.90087
6.24317
6.70044
5.78136
6.03342
6.94837
5.75489
4.8437
5.57894
5.60733
5.7879
4.62449
7.90087
4.22239
4.6865
5.33985
4.51096
4.53743
7.94837
4.7874
7.03892
4.54432
4.87213
5.87036
4.83007
5.9542
5.02975
8.90087
7.21432
7.47573
7.96
5.92184
5.89482
5.78136
6.09452
6.97154
5.8679
5.71425
8.90087
6.29972
6.53916
4.90087
5.40599
9.11894
7.14771
4.87036
1
7.03342
7.65105
7.69349
6.55459
7.85175
5.72403
4.63227
5.53605
6.1964
8.05528
6.1964
7.74147
7.93074
6.04439
7.88435
1.58152
2.62523
9.23601
8
7.45121
5.52982
5.38247
8.19476
3.78374
7.72792
4
7.90087
5.33985
4.51096
4.53743
1
6.39232
5.53138
5.67243
4.93074
4.29768
1
4.76081
3.20457
8.90087
5.86475
4.35755
5.69349
8.27146
6.65821
7.45121
5.52982
5.38247
8.19476
5.43045
5.52982
8.10329
6.45943
5.7879
5.09351
4.2303
6.3634
5.59991
7.74819
4.79442
4.6865
5.33985
4.51096
7.70736
7.49185
7.60733
5.75489
4.8437
5.57894
5.60733
5.7879
4.62449
7.90087
8
8.01123
6.65821
7.45121
5.52982
5.38247
8.19476
5.83289
4.91374
7.93664
7.58496
8.03342
6.3634
5.59991
7.74819
4.79442
4.6865
5.33985
4.51096
7.70736
7.49185
7.60733
6.00225
7.88264
7.56224
8
8.01123
6.65821
7.45121
5.52982
5.38247
8.19476
5.59991
7.74819
4.79442
4.6865
5.33985
4.51096
7.70736
7.49185
7.60733
5.92184
7.89482
7
4.82528
4.92481
7
3.78374
4.26849
6.18982
6.55459
4.63333
5.35755
4.53605
8.19476
4.94145
5.44846
5.93074
7.93074
7.65105
5.82655
3.93618
8.19476
7.21432
7.47573
7.96
5.33985
4.51096
4.53743
7.94837
4.96428
4.64386
4.04731
7.09276
7.49185
8
8.01123
5.33985
6.24793
5.52982
5.38247
6.60979
4.06228
6.17991
7.90087
5.33985
4.51096
4.53743
5.3634
7.88468
7.45943
5.3159
6.10852
7.76818
5.14684
5.93074
4.63227
6.27302
5.48113
5.35168
7.88874
6.08037
5.16189
7.03342
4.76081
5.96578
7.78136
4.83007
6.9542
4.66838
9.50055
5.86475
4.35755
5.69349
8.27146
4.53092
6.74819
8
4.89239
4.04731
5.50779
6.94837
5.43045
6.26679
7.6865
5.43296
4.23156
7.90087
4.82528
4.92481
8
5.65344
5.85175
4.5025
5.16993
7.94837
5.86475
5.84298
7.85175
5.86475
5.84298
6.61471
7.46761
6.70044
6.51833
7.87652
4.82528
4.92481
7
5.33985
6.24793
5.52982
5.38247
7.19476
7.88468
7.45943
5.3159
6.10852
7.76818
5.14684
5.93074
4.63227
6.27302
5.48113
5.35168
7.88874
6.08037
5.16189
7.03342
4.76081
5.96578
7.78136
4.83007
6.9542
7.47573
4.32992
2.65618
3.8679
9.90539
6.16591
7.55459
4.94642
11.8536
5.79008
5.9386
5.21501
7.60733
4.96083
5.84298
7.85175
4.97102
7.04439
6.22882
7.79442
7.59246
13.5848
7.43463
5.90087
7.75489
7.81378
8.33539
6.04439
7.09276
5.8679
4.54432
8.90087
5.65344
5.85175
4.5025
5.16993
6.3634
5.59991
7.74819
6.59495
6.69349
6.45396
5.37255
5.20457
6.85175
4.22239
4.6865
5.33985
4.51096
4.53743
7.94837
5.56478
6.61961
7.47573
5.43296
4.76081
5.96578
6.78136
6.10852
5.89482
5.0199
7.78136
4.83007
5.14684
7.85175
5.86475
4.35755
5.69349
8.27146
4.97102
7.04439
6.22882
4.79442
8.27146
4.29177
3.66297
6.60979
4.06228
6.17991
8.90087
5.73922
7.81378
5.76818
4.76081
4.22239
7.27146
3.80062
5.38247
8.19476
5.11449
7.76818
5.63227
8.13443
7.62205
5.60733
4.11711
5.46597
8.10329
5.75489
5.65105
4.57399
5.60881
5.60881
4.62449
4.90087
4.63227
4.53605
7.19476
5.71425
5.7211
4.62449
4.90087
5.36923
6.85175
5.11746
6.11548
6.78136
6.87036
8.05528
5.78136
4.73094
4.29391
4.93664
5.35755
7.56224
8
7.30345
8.87958
7.45943
7.55459
4.94642
10.1374
5.60562
4.74296
5.72792
5.12338
6.51833
7.87652
4.97102
7.04439
6.22882
4.79442
4.6865
5.33985
4.51096
4.53743
5.3634
3.68828
7.3159
5.36923
7.03892
6.71425
5.97728
7.60733
6.39232
5.53138
5.67243
4.93074
4.29768
1
4.76081
3.20457
8.90087
4.92184
7.90087
5.79442
6.93664
6.59246
3.83094
11.0855
6.65821
7.45121
6.7211
5.90087
6.24159
7.84549
6.00225
6.93664
7.59246
4.73471
8
5.75489
4.8437
5.57894
5.60733
5.7879
4.62449
7.90087
4.22239
8.27146
4.96428
4.64386
4.04731
7.09276
7.49185
7.60733
4.82528
4.92481
8
5.65344
6.58496
6.90087
6.27302
4.15131
6.51833
7.87652
5.71425
5.7211
4.62449
4.90087
7.9542
5.45121
2.04026
9.66534
8
8.90087
5.0163
5.60733
5.66534
7.56986
7.49985
7.53916
5.99435
5.74147
5.36923
5.69349
7.27146
5.86475
4.35755
5.69349
8.27146
3.59932
7.69349
5.7318
7.57743
5.14568
9.76359
5.2186
5.67243
4.04148
6.17659
5.73335
5.48113
5.12928
6.87036
6.47573
7.52356
4.22239
8.27146
4.89239
5.14684
7.85175
6.16591
7.55459
4.94642
10.4131
5.71425
5.7211
4.62449
4.90087
7.9542
5.45121
2.04026
9.66534
8
8.90087
6.11746
6.22882
7.53138
7.55459
5.54844
4.90087
8.2854
7.21432
5.89077
6.49985
8.49586
5.09351
4.2303
7.94837
5.86475
4.35755
5.69349
8.27146
6.11746
6.81378
7.64386
8.19476
4.03342
5.73877
5.0199
7.78136
4.83007
6.36923
7.0607
5.35168
7.88874
5.43045
5.85175
7.93074
4.5025
5.16993
5.67243
6.05528
7.54689
7.60733
3.80062
5.38247
8.19476
4.94145
3.99435
8.17991
8.08746
7.52356
13.5848
7.43463
4.51096
4.53743
6.94837
4.92481
5.11746
5.35755
5.77083
7.8009
7.88874
4.06228
6.17991
8.90087
8.32418
7.50779
6.14296
5.22882
8.05528
6.1964
4.11711
5.46597
7.10329
5.00225
9.13186
4.94145
4.57399
4.2303
5.98299
7.70044
5.9542
6.61471
5.85175
5.3634
6.29972
6.53916
4.90087
5.40599
7.53398
5.33985
4.51096
4.53743
5.3634
7.88468
6.55459
6.13614
6.51833
4.68032
6.14296
7.67948
4.15131
6.51833
7.87652
6.16591
7.55459
4.94642
10.1374
5.60562
4.74296
5.72792
5.12338
6.51833
7.87652
4.94145
8.03342
6.43463
5.16189
7.03342
4.76081
5.64386
6.85175
4.22239
4.6865
5.33985
6.24793
5.52982
5.38247
7.19476
7.88468
6.55459
6.13614
7.10329
5.59991
5.74819
5.08037
5.44846
5.60881
5.14296
4.92481
5.43741
7.87652
5.60562
5.82655
7.53916
3.99435
5.37255
5.64386
4.33985
6.74819
7.60733
6.1224
6.51833
7.87652
5.07325
6.52356
6.50779
6.64386
7.60733
7.1472
5.60733
6.16993
5.59991
7.85175
5.21432
5.2854
4.75489
6.51833
6.87652
5.00225
9.13186
6.65821
7.45121
4.7211
5.37255
6.38082
7.46761
7.90087
7.63662
5.23266
8.18488
7.54689
6.70044
6.51833
7.87652
5.60562
4.74296
7.72792
6.1565
5.65821
6.97154
5.49185
4.88264
4.53605
7.19476
7.12928
7.45943
7.60733
6.24317
7.70044
7.80735
7.59991
4.77083
6.93074
6.63662
5.44626
7.64386
8
9.16915
4.29177
3.66297
8.19476
6.00225
4.93664
5.09452
1
5.59246
7.65105
5.60881
7.90087
5.33985
6.24793
5.52982
5.38247
8.19476
5.75489
5.65105
4.57399
5.60881
5.60881
4.62449
4.90087
4.63227
4.53605
7.19476
5.71425
5.7211
4.62449
4.90087
5.36923
7.85175
3.78374
7.72792
4
8.90087
4.96428
5.22882
4.43741
6.03342
7.94837
5.56478
6.61961
7.47573
4.99247
6.78136
7.49985
6.75489
4.22239
7.27146
5.86475
4.35755
5.69349
7.27146
3.80062
5.38247
8.19476
4.89239
4.04731
5.50779
6.94837
5.11746
5.11548
5.98489
4.88264
4.53605
8.19476
4.56929
6.98299
5.46597
6.93074
6.75489
5.63662
6.85175
4.22239
8.27146
4.96428
4.64386
4.04731
7.09276
7.49185
6.60733
6.29972
6.53916
4.90087
5.40599
9.11894
5.00225
8.13186
7.14771
4.87036
1
7.03342
7.65105
7.69349
6.55459
6.85175
4.03342
5.73877
5.0199
7.78136
4.83007
6.36923
7.0607
5.35168
7.88874
6.65821
7.45121
5.39917
5.39232
6.3159
6.94837
5.43045
5.52982
8.10329
6.45943
5.7879
4.11711
5.46597
7.10329
4.56929
4
7.3159
4.02554
5.7879
5.09351
4.2303
6.94837
5.75489
5.65105
4.57399
5.60881
5.60881
4.62449
4.90087
4.63227
6.85798
6.62205
12.2629
7.45943
7.55459
4.94642
10.1374
5.60562
4.74296
5.72792
5.12338
6.51833
7.87652
4.97102
7.04439
6.22882
4.79442
8.27146
5.2384
4.7211
6.17991
8.90087
4.92481
5.11746
5.35755
5.77083
7.8009
7.88874
4.06228
6.17991
8.90087
3.80062
5.38247
8.19476
0.389186
2.62523
8.23601
6.45121
4.51096
4.53743
1
5.71425
7.70044
6.59246
5.60733
7.20457
6.01495
5.23522
4.11711
5.46597
7.10329
5.26053
3.64386
7.06609
6.62205
7.65105
6.93074
7.53138
4.32992
2.65618
3.8679
10.4903
7.21432
7.47573
7.96
5.33985
4.51096
4.53743
7.94837
5.56478
6.61961
7.47573
5.43296
4.76081
5.96578
6.78136
6.10852
5.89482
5.0199
7.78136
4.83007
5.14684
7.85175
5.86475
4.35755
5.69349
4.6865
5.33985
6.24793
5.52982
5.38247
8.19476
6.48864
7.52356
8.07146
4.82528
4.92481
8
5.00225
7.13186
5.92184
7.89482
7.44294
6.52356
5.36923
6.85175
6.71425
5.16993
6.16491
7.61471
5.55459
8.90087
5.07625
4.73039
6.03342
7.94837
5.56478
6.61961
7.47573
4.99247
6.78136
7.49985
6.75489
7.80735
