169
8
8
7.98299
7.45121
6.40939
6.35755
6.5157
4.57743
4.13841
4.18442
7.224
3.97323
8.30834
7.43463
6.03709
5.06916
5.21594
1
6.01495
6.70736
5.05683
4.18982
3.45036
1
7.87036
4.65431
5.58496
5.69349
6.2384
4.78572
7.67243
4.48829
5.44626
4.07039
6.99435
4.24317
7.70044
5.23522
4.90689
7.77479
7.45121
5.83289
2.01645
8.59246
8
8.224
4.78374
4.70044
1
5.6837
6.54689
6.01495
6.47573
7.99435
5.78572
5.9542
7.6865
5.12928
4.6079
4.60126
4.87652
3.66742
8.224
4.09741
6.76818
6.58496
6.49185
7.50779
7.224
4.78338
7.74819
3.53459
5.82655
4.24317
7.70044
5.23522
4.90689
7.77479
5.86625
7.82655
4.58925
6.74147
6.65821
5.92283
3.92057
4.13841
4.18442
7.224
3.61203
6.42066
7.62936
7.67948
7.54689
4.8147
7.62205
4.98489
7.84549
4.69617
4.90689
4.60486
5.70736
5.97728
4.96963
7.93664
5.54689
8.224
4.73697
7.53138
7.77479
4.72544
6.01495
5.40599
4.9
5.39803
5.7866
4.18442
7.224
3.97323
4.13841
7.99435
4.74147
7.7211
7.62205
7.41785
5.1565
4.80735
7.69349
5.05166
8.224
5.92125
7.48382
4.87652
5.34341
7.97154
4.78374
4.70044
1
5.6837
6.54689
6.01495
6.47573
7.99435
3.70044
4.38658
5.05683
5.45286
4.96963
5.93664
5.97154
6.49185
7.50779
8.224
5.41954
5.88264
4.56478
5.18982
3.96963
7.2384
5.51907
4.90689
4.6837
1
6.71425
1
5.44626
4.80735
4.37156
7.90087
4.78572
7.67243
4.48829
5.44626
4.07039
7.99435
4.93411
5.24793
3.97863
7.224
4.23589
4.10046
5.13841
5.91488
5.66534
3.45036
3.848
7.87036
4.64
3.97863
8.224
4.20645
6.66534
4.12928
3.77259
7.2384
5.51907
4.90689
4.6837
1
6.71425
1
5.44626
4.80735
4.37156
7.90087
3.97323
4.13841
7.99435
4.65431
5.58496
5.69349
8.2384
6.90689
7.58496
6.67948
4.11974
5.13516
8.39232
5.08746
7.66534
7.43463
4.25481
6.30834
5.17659
5.26053
4.99354
4.16993
5.70598
5.05683
5.45286
4.96963
5.61471
4.59246
9.69758
7.61471
5.58496
5.69349
8.2384
3.97323
6.30834
7.45121
4.70044
7.84549
6.48382
5.62059
5.05683
5.45286
4.96963
5.93664
3.30666
13.5549
4.18488
1
6.84549
4.32193
7.92481
5.88264
4.45213
5.13841
5.42066
4.98489
7.84549
3.97323
4.13841
7.99435
4.04876
4.87213
6.47573
7.49985
7.63662
4.72544
7.59991
6.59246
6.5157
7.60733
5.1565
4.80735
7.69349
5.05166
8.224
6.90689
7.58496
7.46761
6.20294
4.70736
1
8.0607
4.98489
6.26053
8.37069
8
7.82655
3.61203
7.00562
7.50779
6.45943
5.89885
7.52356
6.97728
6.12928
5.58496
3.81277
6.99435
3.97323
8.30834
7.43463
6.03709
5.06916
5.21594
1
6.01495
6.70736
4.05683
4.90087
5.52356
5.32193
2.64386
12.5549
5.31389
6.75489
6.7211
5.94642
7.53916
4.98489
7.84549
4.65431
5.58496
5.69349
6.2384
4.78572
7.67243
4.48829
5.44626
4.07039
6.99435
4.24317
7.70044
5.23522
4.90689
7.77479
5.86625
7.82655
5.73954
4.0607
1
7.84549
4.65431
5.58496
5.69349
6.54689
5.3147
7.94837
5.78572
5.9542
7.6865
5.12928
4.6079
4.60126
4.87652
3.66742
8.224
4.64
4.48113
6.75489
7.6865
7.59246
6.02975
6.80735
5.54226
5.05063
4.70659
8.224
5.187
6.10154
6.21594
4.98489
7.84549
3.64
6.80735
0.870892
4.14078
6.76818
7.40939
5.60288
6.66534
6.58496
7.57743
6.97728
6.12928
6.32193
5.54226
6.85798
5.56986
3.79941
12.5549
5.48382
7.53916
6.6865
6.54689
5.58496
6.12928
7.61471
7.55459
6.65105
5.6865
7.64386
4.85798
4.11221
2.8679
7.77479
5.74147
5.9542
6.53138
7.6865
4.73697
7.53138
7.77479
2.56121
2.19301
10.7271
3.77385
5.60288
6.66534
4.77761
6.13614
5.0607
5.76155
5.32193
4.70659
8.224
4.11374
2.90087
8.3837
5.25873
6.98299
7.56224
4.99354
5.1565
4.76818
1
7.94837
5.47573
7.42626
2.04826
6.14211
4.69617
4.90689
4.60486
5.70736
5.97728
4.96963
4.2362
1
3.97323
1
7.99435
4.74147
7.7211
7.62205
7.41785
5.1565
4.80735
7.69349
5.05166
8.224
5.92125
7.48382
4.87652
5.34341
7.97154
4.78374
4.70044
1
5.6837
6.54689
6.01495
6.47573
7.99435
3.70044
4.38658
5.05683
5.45286
4.96963
5.93664
5.97154
6.49185
7.50779
2.64386
11.8179
5.73954
4.0607
1
7.84549
3.81164
4.77259
8.0607
5.44294
5.01919
4.73697
1
6.77479
4.65431
5.58496
5.69349
7.2384
4.94382
4.16993
4.85798
7.0607
5.96193
7.74819
5.22239
5.9386
5.45286
4.96963
7.93664
5.54689
8.224
4.11374
5.90087
6.05166
5.85798
7.63662
4.62599
3.48997
5.17564
4.22239
3.77259
7.2384
5.41954
5.88264
4.56478
5.18982
3.96963
7.2384
8.3966
7.43463
6.46761
12.0468
4.78572
7.67243
4.48829
5.44626
4.07039
7.99435
4.93411
5.24793
3.97863
8.224
4.20645
6.66534
4.12928
3.77259
7.2384
5.51907
4.90689
4.6837
1
6.71425
1
5.44626
4.80735
7.69349
3.60881
13.5549
5.25873
7.98299
7.45121
6.40939
6.35755
6.5157
4.57743
4.13841
4.18442
7.224
4.78338
6.74819
4.38543
6.65821
3.84645
9.69758
7.61471
5.58496
5.69349
7.2384
3.77385
5.60288
6.66534
4.77761
6.13614
5.0607
5.76155
5.32193
4.70659
8.224
5.74147
5.53916
5.13841
4.19827
6.2384
4.04876
6.67948
7.06609
6.21594
4.98489
7.84549
3.97323
4.13841
7.99435
3.90154
4.87652
4.66534
4.77259
5.0607
5.76155
4
8.39232
5.73954
4.0607
1
6.26053
3.82631
4.53492
5.73471
5.13841
5.16419
2.01954
11.8179
5.54689
6.82018
5.62205
6.35168
3.848
7.87036
6.90689
5.96963
5.58496
4.23406
1
7.94837
3.77385
6.33985
5.06609
5.8009
6.10852
5.30743
4.21245
1
5.06916
1
11.8179
5.73954
4.0607
1
6.84549
4.23589
6.8009
6.49985
4.45213
6.72338
6.44294
4.37638
7.90087
5.78572
5.9542
7.6865
5.12928
4.6079
4.60126
4.87652
3.66742
8.224
4.64
4.48113
6.75489
7.6865
7.59246
6.02975
6.80735
5.54226
5.05063
4.70659
8.224
5.41954
5.46761
5.7211
7.3837
4.74147
6.7211
4.38543
5.33628
7.84549
4.65431
5.58496
5.69349
6.2384
4.78572
7.67243
4.48829
5.44626
5.65535
5.54689
8.224
3.64386
6.22882
4.85798
6.26053
5.25927
6.56224
6.74147
5.30012
5.8009
7.2384
4.52878
5.45286
5.32193
4.70659
8.224
4.11374
2.90087
8.3837
4.65431
5.58496
5.69349
7.2384
3.82631
4.53492
5.73471
4.6079
4.60126
6.87652
5.8009
7.2384
3.77385
5.60288
6.08037
6.69349
7.49185
3.8009
5.17659
5.26053
5.47897
7.90087
4.74147
5.7211
4.9386
6.69349
5.90689
4.16993
14.0195
8
4.14078
7.76818
8
7.48382
4.87652
5.34341
6.97154
3.64
8.39232
4.10329
6.14975
5.26053
5.8009
4.90087
4.84549
5.91289
6.12928
4.73697
4.37638
7.90087
3.96025
4.63097
5.20294
4.0607
7.74147
7.41785
6.05166
5.18587
5.30834
1
0.584963
15.1399
5.74147
7.53916
5.44294
2.01645
8.59246
7.40939
6.03709
8.2384
3.92283
7.0607
6.49985
4.45213
1
6.94837
4.23589
5.47897
1
4.07039
6.40939
1
6.80735
1
4.90689
4.6837
1
6.71425
1
5.44626
4.80735
5.69349
6.18982
5
4.37638
7.90087
4.24317
7.70044
5.23522
4.90689
7.77479
5.86625
7.82655
3.61203
6.42066
7.62936
7.67948
7.54689
4.8147
6.03709
7.2384
4.65431
5.58496
5.69349
7.2384
5.48382
5.21723
6.60733
5.20163
8.224
4.73697
7.53138
7.77479
4.48971
5.62205
3.76671
5.0607
4.73954
5.82655
5.92125
7.48382
4.87652
5.34341
6.97154
5.08746
7.66534
7.42626
4.45213
4.13841
7.64386
5.42626
4.9386
4.21245
5.32193
1
8.224
4.54689
6.10852
6.29155
5.06609
4.99354
5.1565
7.84549
4.65431
5.58496
5.69349
7.2384
1
5.89885
5.26053
5.91488
6.50779
7.49985
4.85798
4.11221
2.8679
7.77479
4.78338
6.74819
4.38543
5.33628
5.84549
4.64386
5.7211
6.65105
6.10154
5.8009
8.2384
7.90689
5.88264
4.45213
4.13841
6.64386
5.71425
4.79256
4.69249
1
7.90087
5.73954
4.0607
1
7.84549
6.54689
5.48543
5.93074
6.33985
5.06609
5.8009
4.52356
6.7879
6.53138
4.67243
4.60486
6.97728
6.16323
5.49185
7.82655
3.77385
5.60288
6.08037
6.10852
7.71425
5.42626
5.53138
7.85798
5.52356
7.2384
3.82631
4.67243
6.81378
5.1224
7.63662
6.48382
4.77259
3.81277
6.99435
5.26303
6.48382
5.82018
6.1565
4.70659
7.224
3.77385
5.60288
5.66534
4.74147
4.40145
3
14.1399
5.14466
5.99247
4.80735
7.69349
7.63662
5.47573
7.53916
5.12928
7.82655
3.61203
7.00562
7.50779
6.45943
5.89885
7.52356
6.97728
6.12928
5.58496
8.0607
4.42253
3.06379
8.46964
7.61471
5.58496
5.69349
7.2384
5.74147
5.9542
6.53138
7.6865
4.73697
7.53138
7.77479
4.78572
7.67243
4.48829
5.44626
4.07039
6.99435
4.24317
7.70044
5.23522
4.90689
7.77479
5.86625
7.82655
3.77385
5.60288
6.66534
4.77761
6.13614
5.0607
5.76155
5.32193
5.06916
2.64386
11.8179
6.32193
5.52356
7.94837
7.06609
7.70736
7.46761
6.49985
2.64386
15.1399
5.74147
5.53916
5.13841
4.19827
8.2384
4.18488
4.48113
6.84549
4.32193
7.92481
5.88264
4.45213
5.13841
5.42066
4.98489
6.26053
8.37069
8
7.82655
3.61203
7.00562
7.50779
6.45943
5.89885
7.52356
6.97728
6.12928
5.58496
7.0607
5.54689
8.224
5.41954
5.46761
5.7211
7.3837
5.16189
4.32193
6.33985
4.48113
1
5.42066
4.98489
7.84549
4.78374
5.50779
4.48113
5.73471
7.94837
4.78572
7.67243
4.48829
5.44626
4.07039
6.99435
4.24317
7.70044
5.23522
4.90689
7.77479
5.86625
6.82655
4.04876
4.87213
6.47573
7.49985
6.63662
6.54689
5.48543
5.93074
6.33985
5.06609
5.8009
7.69349
7.63662
4.62205
11.3098
4.65431
5.58496
5.69349
7.2384
3.77385
5.60288
6.66534
4.77761
6.13614
5.0607
5.76155
5.32193
4.70659
8.224
5.74147
5.53916
5.13841
4.19827
8.2384
5.187
6.10154
6.21594
4.98489
7.84549
3.97323
4.13841
7.99435
5.41954
7.46761
5.81378
5.54226
7.90087
3.97323
8.30834
7.43463
6.03709
5.06916
5.21594
1
6.01495
6.70736
4.05683
4.90087
5.52356
1
7.224
4.78338
7.74819
3.53459
7.82655
4.93411
5.24793
3.97863
8.224
3.64
6.39232
3.77385
5.60288
6.66534
6.58496
6.57743
6.87652
7.50779
7.80735
4.48971
5.62205
3.76671
5.0607
7.54689
7.43463
7.42626
6.98299
7.56224
4.99354
5.1565
4.76818
5.50098
4.10553
3.45036
1
7.87036
5.16189
4.18442
4.29391
6.69349
5.65821
5.41954
7.2384
4.65431
5.26303
5.81378
5.54226
7.90087
4.07325
5.05889
6.18982
5.9386
3.46566
5.13841
5.42066
4.98489
7.84549
4.48971
5.62205
3.76671
5.0607
4.73954
6.82655
4.11374
2.90087
8.3837
6.50779
5.43962
4.6079
4.25334
6.2384
4.78572
7.67243
4.48829
5.44626
4.07039
6.99435
4.24317
7.70044
5.23522
4.90689
7.77479
5.86625
7.82655
4.58925
6.74147
6.65821
5.92283
3.92057
4.13841
5.32193
2.64386
14.1399
3.97323
5.72338
6.56986
7.56224
7.54689
5.86625
6.65105
3.45036
1
7.87036
5.16189
6.6865
5.66534
5.41954
8.2384
4.73697
7.53138
6.77479
4.65431
5.58496
5.69349
7.2384
5.51907
4.90689
4.6837
1
6.71425
1
5.44626
4.80735
6.69349
6.40939
2.01645
8.59246
8
6.63904
3.92125
3.8679
4.85798
4.0607
7.74147
7.47573
4.53492
4.56478
6.77479
7.50779
5.91488
5.42066
6.97728
4.59246
9.69758
7.61471
5.58496
5.69349
7.2384
5.25873
7.98299
7.45121
6.40939
6.35755
6.5157
4.57743
4.13841
4.18442
8.224
4.18488
7.65105
5.33628
7.84549
4.50779
6.65821
5.96963
7.90087
5.51907
6.49185
7.87652
6.46761
5.34341
4.48829
3.76818
8.2384
3.64386
6.81378
4.64909
4.69249
7.84549
8.07146
5.49985
5.34341
4.48829
5.44626
7.97728
4.98489
3.77259
7.2384
4.65431
5.26303
5.81378
5.54226
7.90087
5.51907
4.90689
4.6837
1
6.71425
1
5.44626
4.80735
4.37156
7.90087
4.78572
7.67243
4.48829
5.44626
4.07039
7.99435
4.93411
5.24793
3.97863
7.224
3.97323
8.30834
7.43463
7.48382
6.72792
6.45943
7.62205
4.98489
7.84549
3.97323
4.13841
6.40939
5.73954
8.0607
5.44294
5.01919
4.73697
1
6.77479
4.65431
5.58496
5.69349
7.2384
4.94382
4.16993
4.85798
7.0607
5.96193
7.74819
5.22239
5.9386
5.45286
4.96963
7.93664
6.54689
2.64386
12.1399
5.78572
6.53916
5.62936
7.90087
4.78338
6.74819
4.38543
5.33628
7.84549
4.65431
5.58496
5.69349
6.2384
5.78572
5.9542
7.6865
5.12928
4.6079
4.60126
4.87652
3.66742
8.224
4.09741
6.76818
6.58496
6.49185
7.50779
7.224
3.97323
8.30834
7.43463
7.48382
6.72792
6.45943
7.62205
4.98489
7.84549
4.36565
6.1565
5.59246
1
5.05683
5.45286
4.96963
7.93664
5.54689
8.224
5.41954
6.46761
4.23406
5.13841
4.19827
7.2384
8.3966
7.43463
6.46761
12.0468
4.78572
7.67243
4.48829
5.44626
4.07039
7.99435
4.93411
5.24793
3.97863
7.224
0.870892
4.14078
7.76818
8
5.06916
6.58496
5.08037
6.65105
3.45036
1
7.87036
4.65431
5.58496
5.69349
8.2384
3.3505
3.8009
5.76155
6.16323
6.85798
4.98489
6.84549
3.96025
4.63097
5.46597
5.54226
5.05063
7.87652
8
2.01645
8.59246
8
8.224
6.4865
6.59991
7.56986
4.70044
4.52356
4.37156
1
3.97323
1
7.99435
4.65431
5.58496
5.69349
6.87652
5.8009
7.2384
3.77385
6.33985
5.06609
5.8009
6.10852
5.30743
4.21245
1
6.87652
7.62205
4.89077
4.11221
6.77479
7.40939
7.61471
5.58496
5.69349
6.65344
4.07325
6.64386
4.98641
6.1565
6.65105
3.45036
6.75489
7.45121
8.224
4.45943
6.49185
6.50779
6.10154
8.3837
3.77385
4.92481
5.61471
6.10852
4.16993
5.22055
5.08037
6.06609
6.71425
5.52356
7.90087
3.96025
4.63097
5.46597
5.54226
6.27302
5.65821
5.1565
4.80735
7.69349
5.05166
8.224
5.92125
7.48382
4.87652
5.34341
6.97154
4.65431
5.58496
5.69349
7.2384
5.51907
4.90689
4.6837
1
6.71425
1
5.44626
4.80735
7.69349
3.60881
15.1399
5.41954
5.46761
5.7211
7.3837
4.78338
6.74819
4.38543
5.33628
5.84549
4.10329
6.14975
5.26053
8.224
4.24317
7.70044
5.23522
4.90689
7.77479
5.86625
7.82655
4.18488
7.65105
5.33628
7.84549
4.50779
6.65821
5.96963
6.90087
3.61203
6.42066
7.62936
7.67948
7.54689
4.8147
6.03709
7.2384
5.73954
8.0607
5.44294
7.82655
4.48971
5.62205
3.76671
5.0607
4.73954
5.82655
5.92125
7.48382
4.87652
5.34341
7.97154
3.82631
4.53492
5.73471
5.13841
5.64962
3.43155
11.4345
7.45943
7.43463
6.46761
12.0468
4.78572
7.67243
4.48829
5.44626
4.07039
7.99435
4.09741
5.44626
5.65535
5.76155
5.32193
4.70659
8.224
6.14466
7.44294
7.65821
6.53138
5.22497
3.45036
3.848
7.87036
8.54689
5.94642
6.09452
4.65105
5.62936
7.90087
4.65431
5.58496
5.69349
6.2384
5.78572
5.9542
7.6865
5.12928
4.6079
4.60126
4.87652
3.66742
8.224
4.09741
6.76818
6.58496
6.49185
7.50779
8.224
6.32193
5.52356
6.94837
3.64386
6.81378
5.9542
5.66534
3.45036
3.848
7.87036
5.73954
8.0607
5.44294
7.82655
3.97323
8.30834
7.43463
7.48382
6.72792
6.45943
7.62205
5.65821
5.1565
4.80735
4.37156
7.90087
3.97323
4.13841
7.99435
4.65431
5.58496
1
7.65821
4.24031
3.06379
11.0546
7.43463
7.00562
7.50779
4.53138
13.6317
6.58496
6.41785
6.62936
7.97154
4.58496
7.46761
6.26053
7.49985
5.50462
7.0607
3.30666
11.8179
6.90689
7.55459
7.73471
6.55459
8.3837
3.61203
7.00562
7.50779
6.45943
5.89885
7.52356
6.97728
6.12928
5.58496
3.81277
6.40939
5.73954
4.0607
1
7.84549
4.65431
5.58496
5.69349
7.2384
3.82631
4.67243
6.81378
5.1224
7.63662
6.48382
4.77259
3.81277
7.99435
4.73697
7.53138
6.77479
4.65431
5.58496
5.69349
1
0.584963
5.7211
6.65105
6.10154
5.8009
6.65344
4.77761
7.48382
5.86625
6.06609
6.12928
6.02975
6.80735
7.10852
5.8413
7.82655
3.77385
5.60288
6.08037
6.10852
7.71425
5.42626
5.53138
7.85798
6.52356
2.57075
12.5549
4.78338
6.74819
4.38543
5.33628
7.84549
5.25873
7.98299
7.45121
6.40939
6.35755
6.5157
4.57743
4.13841
4.18442
8.224
3.64386
6.81378
5.53916
6.03709
8.2384
4.50779
6.65821
5.96963
7.90087
4.56333
5.72792
5.52356
4.07039
6.40939
8.54689
7.53138
5.9386
3.96963
7.2384
4.11374
2.90087
8.3837
4.09741
6.76818
5.36457
3.46566
6.72338
7.48382
4.25481
4.6079
4.25334
7.2384
5.41954
7.46761
7.42626
6.82655
4.65431
5.58496
5.69349
6.2384
4.78572
7.67243
4.48829
5.44626
4.07039
6.99435
4.24317
7.70044
5.23522
4.90689
7.77479
5.86625
7.82655
5.73954
4.0607
1
7.84549
4.65431
5.58496
5.69349
6.54689
5.3147
6.94837
4.64
4.48113
6.75489
7.6865
7.59246
6.02975
6.80735
5.54226
5.05063
4.70659
8.224
5.74147
5.53916
5.13841
4.19827
7.2384
5.51907
6.49185
7.87652
6.46761
5.34341
4.48829
7.76818
4.98489
7.84549
4.65431
5.58496
5.69349
7.2384
4.69617
4.90689
4.60486
5.70736
5.97728
4.96963
7.93664
5.54689
8.224
4.73697
7.53138
7.77479
4.72544
6.01495
5.40599
4.9
5.39803
5.7866
4.18442
8.224
5.92125
7.48382
4.87652
5.34341
7.97154
4.78374
4.70044
1
5.6837
6.54689
6.01495
6.47573
7.99435
6.07146
4.80735
5.69349
7.77479
5.74819
5.45286
5.32193
6.87652
3.37412
14.0195
8
4.14078
6.76818
7.40939
7.46761
5.81378
5.54226
7.90087
4.93411
5.24793
3.97863
8.224
4.65431
5.58496
5.69349
6.2384
5.78572
5.9542
7.6865
5.12928
4.6079
4.60126
4.87652
3.66742
8.224
5.73954
4.0607
1
7.84549
5.41954
7.46761
5.81378
5.54226
7.90087
4.23589
4.10046
5.13841
5.91488
6.66534
4.12928
3.77259
8.2384
4.18488
7.65105
5.33628
7.84549
4.65431
5.58496
7.69349
4.73954
7.82655
5.51907
6.49185
7.87652
6.46761
5.34341
4.48829
7.76818
8
7.41785
5.41954
7.46761
5.81378
5.54226
7.90087
5.58496
5.24793
6.49185
5.22497
5.62936
8.2384
4.18488
7.65105
5.33628
7.84549
4.65431
5.58496
7.69349
4.73954
7.82655
5.08746
6.08037
7.45943
8
7.41785
5.41954
7.46761
5.81378
5.54226
6.90087
4.18488
7.65105
5.33628
7.84549
4.65431
5.58496
7.69349
4.73954
7.82655
4.72544
6.59991
8.3837
4.11374
2.90087
8.3837
4.93411
6.56986
5.52356
5.50779
4.85798
4.47573
4.37156
6.90087
3.61203
6.42066
7.62936
7.67948
7.54689
7.53138
6.49185
7.90087
4.73697
7.53138
6.77479
4.65431
5.58496
5.69349
7.2384
4.48971
5.62205
3.76671
5.0607
7.54689
8
7.41785
4.65431
5.26303
5.81378
5.54226
7.90087
4.89077
5.26053
8.224
4.65431
5.58496
5.69349
6.65344
5.24317
4.89885
4.99354
4.1565
5.82655
5.82018
5.1565
4.80735
4.52356
5.46597
4.37638
7.90087
5.52356
4.6845
7.62936
5.06916
5.21594
5.45286
4.96963
5.93664
3.30666
11.8179
5.73954
4.0607
1
7.84549
4.50779
6.07325
8.3837
5.90689
3.76671
4.25334
7.2384
4.23589
5.47897
7.52356
7.65821
5.20163
8.224
4.11374
2.90087
8.3837
3.64386
6.81378
5.53916
6.03709
7.2384
5.73954
3.81277
6.40939
5.73954
7.0607
7.54689
6.45943
5.53916
3.06041
7.94837
4.11374
2.90087
8.3837
4.65431
5.26303
5.81378
5.54226
7.90087
5.24317
4.89885
4.99354
4.1565
5.82655
5.82018
5.1565
4.80735
4.52356
5.46597
4.37638
7.90087
5.52356
4.6845
7.62936
5.06916
5.21594
5.45286
4.96963
5.93664
7.55459
4.85798
4.11221
2.8679
7.77479
8.3966
7.43463
6.46761
13.6317
4.58496
7.46761
6.26053
7.49985
5.50462
3.81277
5.40939
4.78338
6.74819
4.38543
6.65821
3.84645
12.4345
7.41785
6.76818
5.65821
6.62205
7.59246
5.53138
5.70598
6.27922
5.05166
8.224
3.64386
6.81378
5.53916
6.03709
8.2384
4.18488
4.48113
6.84549
7.47573
4.90689
5.26053
4.43296
6.21594
4.98489
7.84549
4.65431
5.58496
5.69349
8.2384
3.97323
8.30834
7.43463
6.03709
5.06916
5.21594
1
6.01495
6.70736
5.05683
5.45286
4.96963
4.2362
6.40939
5.73954
4.0607
1
6.84549
4.78338
6.74819
4.38543
5.33628
7.84549
7.0607
4.94084
7.90087
4.89077
5.26053
8.224
4.96193
7.70736
4.62936
6.74147
4.98489
7.84549
4.96193
5.54226
6.90087
4.48444
5.82655
4.11974
6.35755
5.9542
7.52356
3.45036
3.848
7.87036
5.51907
4.90689
4.6837
1
6.71425
1
5.44626
4.80735
4.37156
7.90087
4.78572
7.67243
4.48829
5.44626
4.07039
7.99435
4.41954
5.05166
5.40599
6.97728
5.74819
6.18982
6.12928
4.73697
4.26946
6.70736
7.45121
5.90689
3.06379
11.0546
7.45943
7.43463
6.46761
10.8244
3.77385
5.60288
5.66534
4.74147
3.06041
6.94837
4.78338
6.74819
4.38543
5.33628
7.84549
4.65431
5.58496
5.69349
6.65344
4.24317
7.70044
5.23522
4.90689
7.77479
5.86625
6.82655
5.78572
5.9542
7.6865
5.12928
4.6079
4.60126
4.87652
3.66742
8.224
4.09741
6.76818
6.58496
6.49185
7.50779
2.64386
15.1399
5.41954
5.88264
6.14975
7.71425
4.99435
8.04985
4.45943
6.49185
6.50779
6.10154
7.3837
5.51907
6.49185
7.87652
6.46761
5.34341
4.48829
7.76818
4.98489
7.84549
4.48971
5.62205
3.76671
5.0607
4.73954
6.82655
4.11374
2.90087
8.3837
6.51833
6.46761
5.8009
4.37156
3.46566
3.06041
7.94837
4.78572
7.67243
4.48829
5.44626
7.97728
5.43463
2.01645
8.59246
8
6.63904
5.07325
6.52356
7.63662
7.49985
7.43463
5.89885
4.21245
5.05889
5.16993
5.1565
7.84549
5.73954
4.0607
1
7.84549
5.41954
6.54689
6.5157
7.58496
2.57075
11.5549
3.77385
5.32193
7.6865
7.58496
4.94084
5.46597
4.37638
6.97728
5.45121
7.46761
4.98489
7.84549
5.90689
4.2362
7.99435
8.3966
7.43463
6.46761
12.0468
4.78572
7.67243
4.48829
5.44626
7.97728
5.43463
2.01645
8.59246
8
7.224
6.74147
6.45943
5.89885
7.52356
6.97728
5.39232
7.98299
4.73697
3.83094
5.98489
7.64386
4.12928
3.77259
7.2384
5.73954
4.0607
1
7.84549
6.74147
6.45943
5.62936
7.90087
3.70044
4.38658
5.05683
5.45286
4.96963
5.93664
5.97154
4.37638
7.90087
4.23589
5.21594
7.62936
7.5157
4.14975
5.91289
6.16323
5.49185
7.82655
4.96193
5.54226
6.90087
4.74953
5.32793
7.84549
7.49985
5.45943
9.69758
7.61471
5.58496
5.69349
7.2384
4.74147
6.13614
5.73877
7.0607
4.52982
7.90087
4.89077
5.26053
8.224
7.54689
7.45121
7.56986
7.70736
5.74819
4.18982
3.45036
1
7.87036
3.64
7.39232
3.61203
4.6837
5.87652
4.96193
5.63662
7.93664
6.54689
5.8009
6.65344
5.92125
7.48382
4.87652
5.34341
6.97154
4.65431
5.58496
5.69349
6.65344
5.92125
5.1127
5.3505
7.90689
6.96193
4.98489
7.49985
3.46566
3.06041
7.94837
8.3966
7.43463
6.46761
10.8244
3.77385
5.60288
5.66534
4.74147
3.06041
7.94837
3.61203
8.00562
6.42626
4.6845
7.62936
5.06916
4.63097
6.85798
4.98489
7.84549
4.65431
5.26303
5.81378
5.54226
7.90087
5.92125
5.1127
5.3505
7.90689
4.18488
6.65105
5.63662
6.42066
6.62936
5.20163
4.90087
1
7.94837
3.82631
6.99435
7.45121
5.32793
5.26053
5.8009
5.57894
7.52356
6.53138
4.23406
3.06041
7.94837
6.74147
7.40939
7.02791
3.53459
6.82655
5.30639
4.17719
1
7.57743
7.99435
7.90689
5.88264
4.45213
3.06041
6.94837
3.64
8.39232
5.41954
5.88264
1
0.584963
6.21594
5.89077
6.87652
7.53138
4.9386
5.74147
5.94642
5.53916
3.06041
7.94837
3.77385
5.60288
6.66534
6.58496
3.48997
6.39803
4.70736
5.30834
4.37156
7.90087
8.37069
8
7.82655
5.74147
7.53916
7.56986
7.55459
4.60126
7.87652
5.90689
6.82655
7.62205
5.90689
12.0468
7.0607
4.94084
7.90087
4.45943
4.26946
1
5.55459
6
6.05889
4.70659
8.224
4.65431
5.26303
5.81378
5.54226
7.90087
5.51907
4.90689
4.6837
1
6.71425
1
5.44626
4.80735
4.37156
7.90087
4.78572
7.67243
4.48829
5.44626
4.07039
7.99435
4.93411
5.24793
3.97863
8.224
4.48971
5.30012
5.26053
1
8.2384
3.97323
8.30834
7.43463
7.48382
6.72792
6.45943
7.62205
4.98489
7.84549
5.73954
4.0607
1
7.84549
4.96193
5.54226
7.90087
5.90689
3.76671
4.25334
7.2384
4.41954
6.05166
5.18587
5.30834
4.37156
7.90087
6.54689
5.48543
7.5157
7.67948
6.50779
7.49185
6.85798
4.98489
7.84549
4.48971
5.62205
3.76671
5.0607
4.73954
5.82655
5.92125
7.48382
4.87652
5.34341
6.97154
3.64
8.39232
4.78374
4.70044
1
5.6837
6.54689
6.01495
6.47573
7.99435
3.70044
4.38658
5.05683
5.45286
4.96963
5.93664
5.97154
4.37638
7.90087
5.41954
5.88264
4.56478
5.18982
3.96963
7.2384
4.23589
4.10046
5.13841
5.91488
5.66534
3.45036
3.848
7.87036
4.64
3.97863
8.224
4.20645
6.66534
4.12928
3.77259
7.2384
5.51907
4.90689
4.6837
1
6.71425
1
5.44626
4.80735
6.69349
4.10281
11.4345
7.45943
7.43463
6.46761
10.8244
3.77385
5.60288
5.66534
4.74147
3.06041
6.94837
4.78338
6.74819
4.38543
5.33628
5.84549
4.10329
6.14975
5.26053
7.224
4.74147
6.13614
5.73877
7.0607
4.52982
7.90087
4.89077
5.26053
8.224
4.96193
5.54226
6.90087
0.870892
4.14078
7.76818
8
5.58496
5.69349
6.2384
4.56333
7.72792
6.58496
7.52356
8.30834
6.00749
5.43962
3.45036
3.848
7.87036
3.96025
4.63097
6.20294
4.9542
6.05889
5.06916
7.64386
4.85798
4.11221
2.8679
7.77479
4.73697
7.53138
6.77479
4.65431
5.58496
5.69349
8.2384
3.97323
8.30834
7.43463
6.03709
5.06916
5.21594
1
6.01495
6.70736
5.05683
5.45286
4.96963
4.2362
6.40939
5.73954
4.0607
1
7.84549
4.65431
5.26303
5.81378
5.54226
7.90087
6.99435
5.18587
7.76818
4.11374
2.90087
7.3837
3.64
7.39232
4.72544
6.59991
6.44294
4.88264
4.07039
7.99435
4.04876
4.87213
6.47573
7.49985
5.44294
8.224
4.54689
5.7866
4.19827
8.2384
3.97323
8.30834
7.43463
7.48382
6.72792
6.45943
7.62205
7.56986
