171
8
8
7.53916
7.42626
8
7.42626
8
8
8
8
7.42626
7.53916
8
7.43463
7.48382
7.43463
7.42626
7.45121
8
8
7.42626
8
8
7.42626
8
7.42626
7.43463
8
8
8
8
8
8
7.43463
6.42626
6.57743
7.42626
8
8
8
8
8
7.42626
7.43463
5.84967
6.43463
1
0.584963
0.415037
0.321928
0.263034
0.222392
0.192645
0.169925
0.152003
0.137504
0.125531
7.42626
10.2167
7.42626
9.40939
7.42626
6.42626
6.42626
6.45943
6.43463
7.42626
8.47352
6.57743
7.42626
7.45121
7.45121
8
8
7.49185
8
7.42626
8
8
8
8
8
7.42626
4.48382
7.47573
8
6.44294
6.42626
7.43463
7.44294
8
7.44294
7.42626
8
8
7.42626
8
7.42626
6.42626
7.43463
8
8
8
8
6.57743
7.42626
7.45121
7.43463
8
8
7.45121
8
8
8
8
8
8
8
8
8
8
7.42626
7.48382
8
7.42626
7.44294
8
8
6.57743
7.42626
7.42626
8
8
8
8
7.45121
8
7.43463
8
8
7.42626
8
7.44294
5.16189
7.45121
8
8
8
8
7.42626
8
7.43463
6.48382
7.42626
8
7.43463
8
8
7.42626
8
7.42626
7.43463
8
8
5.86625
7.46761
8
7.43463
8
7.43463
5.53916
7.44294
8
8
8
8
7.45121
8
7.42626
7.42626
8
7.42626
6.42626
7.43463
8
8
8
7.42626
6.44294
7.42626
8
8
8
8
7.48382
7.43463
8
6.42626
6.42626
6.45943
6.43463
6.42626
7.42626
7.42626
8
8
8
8
7.42626
7.45121
8
8
7.42626
8
8
7.45121
8
8
8
8
5.44294
6.57743
7.42626
8
8
8
8
8
8
7.42626
7.44294
8
7.43463
7.48382
8
8
8
8
8
6.44294
7.42626
7.42626
8
7.42626
7.43463
8
8
8
6.44294
7.42626
7.42626
8
8
7.43463
8
8
8
5.53916
7.44294
8
7.45943
8
7.42626
5.89885
6.43463
6.42626
6.43463
7.42626
7.43463
6.44294
7.42626
8
8
8
8
7.45121
8
8
7.42626
8
8
7.48382
8
7.42626
7.44294
8
7.42626
8
8
8
6.43463
7.42626
8
7.49185
8
7.45943
5.21723
7.45121
8
6.42626
6.42626
6.45943
6.43463
7.42626
8
5.44294
7.44294
8
8
8
8
8
8
7.42626
7.43463
8
8
5.89885
7.43463
7.42626
8
8
8
7.48382
8
8
7.42626
8
8
6.57743
7.42626
8
6.42626
6.42626
6.45943
6.43463
7.42626
7.42626
5.89885
6.43463
6.42626
6.43463
7.42626
7.43463
7.43463
7.42626
7.44294
7.43463
8
7.43463
5.21723
7.45121
8
6.42626
6.42626
6.45943
6.43463
6.42626
7.42626
6.42626
7.42626
8
8
8
7.43463
7.44294
8
7.42626
8
8
8
7.42626
8
8
7.42626
8
8
7.42626
8
8
7.53916
7.43463
8
6.42626
6.42626
6.45943
6.43463
7.42626
8
7.44294
8
7.42626
7.44294
8
7.42626
5.44294
7.44294
8
8
8
7.42626
6.44294
7.42626
8
8
8
8
7.42626
8
8
6.45121
7.42626
8
5.44294
7.44294
8
8
8
8
8
8
8
6.48382
7.43463
8
7.43463
8
8
7.44294
8
7.42626
5.44294
7.44294
8
8
8
8
8
7.42626
8
8
7.42626
7.45943
7.53916
8
8
7.44294
8
8
7.43463
8
8
8
8
8
8
8
8
7.49185
8
8
7.45121
8
7.42626
7.46761
8
8
8
8
8
7.42626
8
7.42626
5.84967
7.43463
6.42626
5.53916
6.44294
7.42626
8
8
8
8
7.43463
7.42626
8
8
8
8
8
8
8
8
7.49185
8
8
5.84967
7.43463
8
8
7.43463
7.43463
6.42626
7.42626
8
5.48382
7.44294
5.84967
5.44294
7.44294
8
8
8
7.43463
5.86625
7.46761
8
7.44294
8
7.42626
6.44294
7.42626
7.45943
8
8
7.44294
6.44294
7.42626
8
7.43463
8
8
8
8
8
5.21723
7.45121
8
6.42626
6.42626
6.45943
6.43463
7.42626
7.43463
6.44294
7.42626
8
8
8
8
5.86625
7.46761
8
7.44294
8
7.42626
6.44294
7.42626
7.45943
8
8
7.44294
6.44294
7.42626
8
5.44294
6.44294
7.42626
6.42626
7.42626
7.43463
5.21723
7.45121
8
6.42626
6.42626
6.45943
6.43463
7.42626
7.42626
5.89885
6.43463
7.42626
7.45121
8
8
5.86625
7.46761
8
7.44294
8
7.42626
6.44294
7.42626
7.45943
8
8
8
7.42626
8
7.42626
8
9.50779
7.44294
7.43463
8
7.42626
8
8
8
7.48382
8
8
7.46761
8
7.42626
7.42626
8
8
8
8
5.44294
6.57743
7.42626
8
7.42626
8
8
6.42626
6.42626
6.45943
6.43463
7.42626
7.43463
6.44294
7.42626
8
8
8
8
8
8
8
7.44294
8
8
7.43463
8
8
7.48382
8
7.42626
7.44294
8
8
6.57743
7.42626
7.45121
6.42626
6.42626
7.45121
8
8
7.42626
8
8
8
8
8
7.42626
6.42626
6.42626
6.45943
6.43463
7.42626
8
5.44294
7.44294
8
8
8
7.42626
6.44294
7.42626
8
8
8
8
7.42626
8
8
5.85798
6.43463
7.44294
8
8
8
8
8
8
7.42626
7.43463
8
7.42626
8
8
8
8
8
7.44294
8
8
8
8
8
8
8
8
6.57743
7.42626
7.45121
6.44294
7.42626
8
7.48382
8
8
6.48382
6.42626
7.42626
8
8
8
5.44294
7.44294
8
8
8
7.42626
6.44294
7.42626
8
8
8
8
8
8
7.42626
7.43463
8
8
7.42626
8
8
7.49185
8
7.42626
7.45121
8
7.45121
6.44294
7.42626
8
8
8
8
6.57743
7.42626
7.45121
6.42626
6.42626
7.45121
8
8
7.42626
8
8
8
7.42626
9.49386
8
6.42626
6.42626
6.45943
6.43463
7.42626
8
7.44294
8
7.42626
7.44294
8
7.42626
6.42626
6.42626
7.45121
7.43463
8
8
7.44294
8
7.42626
5.44294
7.44294
8
8
8
7.42626
6.44294
7.42626
8
8
8
8
5.53916
6.44294
7.42626
8
7.48382
7.43463
7.42626
7.49185
8
8
8
8
8
7.48382
8
6.42626
6.57743
7.42626
8
8
7.44294
8
8
8
8
7.42626
5.84967
7.43463
7.43463
7.43463
8
8
6.42626
6.43463
7.48382
8
7.42626
8
8
8
7.48382
8
7.42626
8
8
7.42626
8
8
7.42626
7.44294
8
7.43463
5.89885
7.43463
7.42626
7.48382
7.43463
8
7.43463
8
6.42626
7.42626
8
7.42626
6.42626
7.42626
7.43463
8
8
8
7.45943
8
7.42626
6.44294
7.42626
8
7.43463
8
8
8
8
8
7.44294
8
8
7.43463
8
8
8
7.45121
7.42626
8
8
7.42626
7.53916
8
7.43463
7.45121
8
8
7.42626
8
8
5.44294
7.44294
8
8
8
8
7.53916
8
7.43463
7.43463
7.42626
8
5.89885
6.43463
7.42626
8
7.42626
7.42626
8
8
8
7.57743
8
8
7.53916
7.43463
8
5.44294
7.44294
8
8
8
7.42626
8
8
7.43463
7.45121
8
8
7.42626
8
8
7.49185
8
8
8
7.42626
8
7.43463
8
8
8
8
8
7.42626
8
8
8
8
8
8
7.52356
7.42626
8
8
8
5.21723
7.45121
8
8
8
8
7.43463
8
8
8
8
7.42626
6.42626
6.42626
7.45121
6.42626
7.42626
7.42626
8
7.42626
8
8
8
8
7.53916
8
8
6.57743
7.42626
6.42626
7.53916
7.43463
8
5.44294
7.44294
8
8
8
7.43463
7.42626
8
7.42626
7.49185
8
7.42626
8
8
8
8
7.52356
7.42626
6.44294
7.42626
8
7.46761
8
8
7.44294
8
8
8
8
6.42626
5.21723
7.45121
8
6.44294
7.42626
8
7.46761
8
7.43463
8
8
8
8
8
8
7.42626
8
8
8
8
8
7.45943
8
7.42626
7.53916
8
8
6.57743
7.42626
6.42626
7.53916
7.43463
8
5.44294
7.44294
8
8
8
7.42626
6.44294
7.42626
8
8
8
8
7.43463
8
7.43463
8
8
8
8
8
8
8
8
6.43463
7.44294
8
8
7.42626
8
7.42626
6.44294
7.42626
8
7.42626
8
8
5.44294
7.44294
8
8
8
8
8
8
8
8
8
8
6.57743
7.42626
8
8
8
8
8
8
6.43463
7.44294
8
8
8
7.45943
6.42626
7.49185
8
8
5.44294
7.44294
8
8
8
8
7.45943
8
7.42626
7.42626
8
8
7.42626
8
8
8
8
7.42626
7.43463
8
8
6.57743
7.42626
8
8
8
8
8
8
6.43463
7.44294
8
7.45121
6.44294
7.42626
8
7.46761
8
7.43463
7.45121
8
8
7.42626
8
8
7.42626
8
8
8
8
7.42626
8
8
7.43463
6.42626
7.42626
8
7.42626
8
7.42626
7.43463
8
7.42626
7.53916
8
8
6.57743
7.42626
8
6.43463
7.42626
8
8
8
8
4.6845
7.46761
8
7.42626
8
7.42626
7.44294
8
8
7.43463
8
8
8
8
8
8
8
8
7.49185
8
8
7.42626
8
8
6.44294
7.42626
8
8
8
8
6.57743
7.42626
7.45121
8
8
7.42626
7.44294
8
8
7.49185
8
7.42626
7.44294
7.42626
7.42626
7.45121
8
7.42626
8
8
7.42626
7.42626
8
8
6.42626
6.42626
6.45943
6.43463
7.42626
8
7.42626
8
8
5.45943
7.44294
8
8
8
8
7.44294
6.42626
7.43463
8
8
8
7.42626
8
8
5.44294
7.44294
8
8
8
8
7.45943
8
8
8
8
7.42626
8
8
7.42626
6.44294
7.42626
8
6.42626
6.42626
7.45121
7.42626
8
8
8
8
8
7.42626
8
7.42626
7.43463
8
7.42626
5.53916
6.44294
7.42626
8
6.42626
6.42626
6.45943
6.43463
7.42626
8
8
8
8
8
8
7.42626
7.45121
8
7.42626
8
8
8
5.85798
6.43463
7.44294
7.43463
8
8
8
8
8
8
8
7.42626
5.21723
7.45121
8
8
8
8
5.85798
6.43463
7.44294
7.45121
8
7.42626
8
8
7.42626
7.43463
8
8
8
8
8
7.43463
7.43463
7.42626
7.48382
7.43463
7.42626
6.44294
6.42626
7.43463
8
8
8
6.44294
7.42626
8
7.48382
8
8
6.42626
6.42626
6.45943
6.43463
7.42626
7.42626
5.89885
6.43463
7.42626
7.45121
8
8
7.43463
8
7.43463
8
8
8
7.42626
8
8
7.45121
8
8
8
8
8
7.42626
8
8
7.43463
8
8
7.49185
8
8
5.53916
7.44294
7.43463
7.42626
8
8
7.44294
8
7.42626
8
7.42626
7.42626
4.66025
7.46761
6.43463
7.48382
8
8
7.45943
8
7.42626
7.42626
8
8
8
8
8
7.45943
8
7.42626
8
8
8
5.44294
7.44294
8
5.21723
7.45121
8
7.43463
7.42626
7.42626
8
8
7.43463
7.45121
8
8
7.44294
8
8
7.45121
8
7.42626
7.42626
8
8
7.42626
8
7.42626
6.42626
7.43463
8
8
8
7.43463
8
8
8
7.42626
8
8
7.42626
8
8
5.44294
7.44294
8
8
8
8
8
8
8
8
8
8
6.57743
7.42626
8
7.44294
7.42626
8
6.42626
6.42626
6.45943
6.43463
7.42626
8
7.42626
8
7.42626
7.49185
8
7.42626
7.42626
8
7.42626
6.42626
7.43463
8
8
8
7.45121
7.44294
8
8
8
8
8
8
8
7.42626
6.44294
7.42626
7.43463
5.53916
7.44294
6.43463
7.44294
8
8
7.45121
8
8
6.42626
6.42626
6.45943
6.43463
7.42626
7.43463
7.42626
8
7.42626
6.42626
7.43463
8
8
8
7.42626
7.43463
8
7.43463
8
8
8
7.42626
8
8
7.49185
8
7.42626
7.42626
8
8
6.57743
7.42626
7.45121
7.42626
8
7.42626
7.48382
7.42626
7.42626
7.49185
8
7.42626
8
8
8
7.45943
8
9.22279
16.6927
8
7.44294
8
8
8
8
5.44294
6.57743
7.42626
7.42626
7.49185
8
7.42626
7.44294
8
7.44294
8
8
8
6.42626
7.42626
8
7.43463
8
7.43463
8
8
8
7.42626
8
8
7.44294
8
8
7.42626
8
8
6.42626
7.42626
8
8
8
7.42626
7.43463
8
8
6.57743
7.42626
8
8
7.42626
8
7.44294
8
8
7.45943
8
7.42626
8
8
8
7.42626
8
8
7.43463
8
8
8
8
7.42626
8
8
8
7.42626
8
8
7.42626
8
7.42626
7.45121
7.42626
8
8
8
8
6.57743
7.42626
7.45121
8
8
8
8
8
8
7.42626
8
7.42626
6.42626
7.43463
8
8
8
7.42626
6.44294
7.42626
8
7.44294
8
8
5.53916
6.44294
7.42626
8
5.89885
7.43463
7.42626
6.48382
7.42626
8
7.42626
8
7.42626
7.43463
7.42626
7.44294
7.44294
8
7.42626
7.49185
8
8
7.49185
8
8
8
8
8
5.21723
7.45121
8
5.89885
7.43463
7.42626
6.48382
7.42626
8
5.44294
7.44294
8
8
8
7.43463
7.44294
8
7.42626
7.49185
8
8
5.44294
7.44294
8
8
8
7.42626
6.42626
7.42626
8
8
8
8
7.42626
8
8
8
7.42626
8
8
7.42626
8
7.44294
8
7.44294
5.84967
6.45121
7.42626
7.43463
8
7.42626
7.42626
8
8
7.49185
8
8
7.49185
8
8
8
8
7.42626
6.44294
7.42626
8
7.43463
8
8
8
8
7.42626
7.44294
8
8
7.53916
7.43463
8
7.45121
8
8
7.44294
8
8
5.44294
7.44294
8
8
8
8
8
5.86625
7.44294
8
8
8
7.42626
8
8
7.43463
8
8
7.44294
8
7.42626
5.44294
7.44294
8
8
8
8
8
7.42626
8
8
7.42626
7.45943
7.53916
8
7.42626
8
7.42626
7.42626
7.48382
8
8
7.46761
8
7.42626
7.42626
8
8
7.43463
8
7.42626
7.44294
7.42626
8
7.43463
8
8
5.53916
7.44294
8
7.44294
8
8
8
8
8
7.42626
7.43463
8
6.57743
7.42626
8
5.44294
7.44294
8
8
8
7.42626
8
8
7.43463
7.45121
8
8
7.42626
8
8
7.48382
8
7.42626
7.44294
8
8
7.42626
8
8
8
8
8
8
8
6.42626
6.57743
7.42626
7.42626
7.44294
8
7.43463
7.42626
8
8
7.44294
7.42626
7.43463
7.45121
8
7.42626
8
8
8
8
8
8
7.45121
8
8
7.44294
8
8
5.44294
7.44294
7.42626
5.44294
7.44294
8
8
8
7.43463
5.21723
7.45121
8
7.44294
8
8
5.44294
6.44294
7.42626
7.45121
8
8
7.42626
8
8
5.21723
7.45121
8
7.44294
8
8
5.44294
6.44294
7.43463
6.42626
7.42626
7.43463
8
8
8
7.42626
8
8
7.44294
8
8
5.44294
7.44294
7.42626
6.42626
7.42626
8
7.44294
8
8
6.57743
7.42626
8
7.45121
8
8
7.44294
8
8
5.48382
7.44294
8
8
8
8
8
8
7.42626
7.42626
8
7.42626
8
8
8
7.45121
8
8
7.44294
8
8
5.44294
7.44294
8
8
8
8
8
5.86625
7.44294
8
8
8
6.57743
7.42626
7.42626
7.43463
8
7.42626
7.48382
7.44294
8
8
5.86625
7.44294
8
8
8
8
8
8
8
8
8
5.44294
7.44294
8
8
8
8
8
7.42626
7.42626
7.48382
8
8
8
8
8
7.48382
8
7.43463
7.42626
8
8
6.57743
7.42626
8
8
7.43463
8
8
8
7.42626
8
8
8
5.48382
7.44294
7.43463
7.45943
8
8
7.42626
8
7.42626
7.43463
8
7.42626
5.21723
7.45121
8
7.44294
8
8
5.44294
7.44294
7.42626
6.42626
7.42626
8
7.44294
8
8
7.42626
8
8
7.44294
7.42626
8
8
8
8
5.44294
7.44294
8
8
8
7.43463
5.53916
7.44294
8
6.43463
7.42626
8
7.45943
7.42626
8
5.44294
7.44294
8
8
8
8
8
8
8
7.42626
8
8
8
8
8
8
8
8
6.57743
7.42626
7.42626
6.43463
7.42626
8
7.45943
7.42626
7.44294
7.53916
7.43463
7.45121
6.45121
7.42626
8
5.44294
7.44294
8
7.48382
8
8
8
8
7.46761
7.53916
8
7.42626
8
8
7.43463
8
8
6.42626
6.57743
7.42626
7.42626
6.44294
7.42626
7.42626
8
7.42626
8
7.42626
8
7.42626
7.49185
8
8
7.45121
8
8
7.44294
8
8
5.44294
7.44294
8
8
8
8
8
5.86625
7.44294
8
8
8
6.57743
7.42626
7.45121
7.45121
6.42626
7.42626
7.44294
8
8
7.53916
7.43463
8
7.44294
8
7.42626
5.16189
7.45121
8
6.42626
7.42626
7.43463
5.21723
7.45121
8
7.44294
8
8
7.45121
8
8
7.42626
8
8
5.21723
7.45121
8
7.44294
8
8
5.44294
7.44294
8
8
8
7.43463
7.53916
8
8
5.16189
7.45121
8
7.45943
8
7.42626
7.42626
8
8
7.42626
8
8
7.48382
8
7.42626
8
8
8
5.53916
7.44294
8
7.44294
8
8
8
8
8
7.45121
8
8
7.44294
8
8
5.44294
7.44294
8
8
8
8
8
5.86625
7.44294
8
8
8
5.21723
7.45121
8
8
7.42626
8
7.42626
8
8
5.44294
7.44294
8
8
8
8
8
5.86625
7.44294
8
8
8
5.21723
7.45121
7.42626
7.43463
8
8
7.44294
8
7.42626
5.44294
7.44294
8
8
8
8
8
7.42626
8
8
7.42626
8
5.48382
7.44294
7.42626
7.42626
8
7.43463
5.45121
7.44294
8
8
8
8
7.42626
9.49386
8
5.84967
6.43463
7.45121
6.44294
7.42626
8
7.48382
8
7.42626
6.57743
7.42626
7.42626
8
8
8
8
8
7.42626
6.42626
6.42626
6.45943
6.43463
7.42626
8
8
8
8
8
8
8
7.42626
8
7.42626
7.43463
8
8
7.42626
8
8
7.44294
8
8
7.44294
8
7.45943
7.42626
8
7.43463
7.42626
8
8
6.42626
6.42626
6.45943
6.43463
6.42626
1
8.99435
7.42626
8
8
7.44294
8
7.42626
8
8
5.44294
7.44294
8
8
8
8
8
5.86625
7.44294
8
8
8
6.57743
7.42626
7.42626
8
8
7.42626
7.42626
8
7.42626
8
8
8
8
8
7.43463
5.44294
6.44294
7.42626
6.42626
7.42626
8
5.48382
6.44294
7.42626
5.44294
7.44294
6.42626
7.44294
8
8
7.45121
8
8
5.44294
7.44294
8
8
5.86625
7.44294
8
8
8
6.57743
7.42626
8
7.48382
8
8
7.48382
8
7.42626
7.43463
8
8
7.49185
8
8
6.42626
6.42626
6.45943
6.43463
7.42626
7.43463
6.44294
7.42626
7.42626
8
7.42626
7.42626
7.48382
8
7.42626
7.42626
8
8
7.45121
8
7.42626
7.43463
8
8
7.48382
8
8
8
8
8
7.42626
8
8
6.44294
7.42626
8
8
8
8
5.89885
7.43463
7.42626
8
8
8
6.57743
7.42626
8
8
7.42626
7.42626
7.44294
8
8
7.42626
8
8
7.48382
8
7.42626
7.42626
8
8
7.42626
8
7.42626
7.43463
8
8
7.44294
8
7.42626
7.42626
7.43463
7.42626
7.43463
8
8
5.86625
7.46761
8
8
8
8
8
8
7.42626
5.53916
6.44294
