172
8
8
9.52374
6.76155
7.83289
7.74147
8
7.96578
8.74147
7.43463
3.48829
9.52374
6.52356
4.89812
3.6218
5.58021
5.54946
3.8424
4.41709
6.94837
2.62599
4.99354
6.86419
3.34717
5.59779
8
7.47032
7.46761
7.7211
4.19068
5.62936
5.71882
4.09954
5.9542
3.72403
0.73487
3.15039
3.6477
2.66569
3.8264
4.46489
0.567041
3.36507
1
3.89724
4.99247
5.14101
2.92027
3.65753
5.54432
1.13424
6.04154
7.11478
2.74595
4.31536
5.50779
6.08746
7.59991
5.83289
2.62599
6.8009
7.67243
4.04985
4.77479
6.3159
4.77479
7.49185
5.1375
0.73487
2.01634
3.5974
8.19476
7.45943
5.10154
1.53155
3.42561
7.2384
4.05658
5.61471
8.23362
3.30812
5.3339
1
3.42803
5.12928
6.53294
3.26679
5.29232
5.18763
1.76389
4.41504
1
6.67243
6.49185
6.98868
4.90989
4.37697
1
2.32921
5.64962
7.80735
4.74416
7.56224
1.92724
0.73487
2.01634
6.86419
2.75987
3.94251
4.53492
1.29387
5.25739
6.96578
0.513704
3.45728
6.43741
3.46632
4.29068
5.24249
3.26946
5.05166
5.61471
6.33355
7.56986
5.8392
2.63472
4.83289
3.2555
0.73487
2.3583
1
5.35484
3.96
4.31792
1.16697
3.24978
1
4.86153
4.36075
6.17991
6.67243
5.16993
5.77698
1.86507
3.98489
7.98299
3.3295
5.84967
4.87344
4.62489
4.84549
5.54137
2.44636
2.8264
4.92949
3.73835
4.25956
7.87652
3.34717
5.59779
8
7.47032
6.46761
4.39722
1.44271
2.3147
6.98868
4.96782
8.00562
0.815031
2.93605
5.26562
7.96578
7.49985
8
6.73471
1.79015
4.47534
6.37504
4.90989
4.37697
1
2.32921
5.64962
7.80735
4.74416
7.56224
6.12102
3.37002
8.78756
6.38082
3.52686
5.65821
7.05528
3.6218
6.3687
7.88874
4.04985
4.77479
6.3159
4.77479
7.49185
6.98299
2.62599
4.63097
6.56986
6.43671
3.7866
5.62571
3.99836
5.01282
5.87036
2.26497
3.09366
6.21917
1.29387
5.25739
6.96578
4.15528
8.48784
2.00631
0.73487
2.8376
8.16491
5.83289
7.45121
7.04985
6.51175
8.05528
6.28077
6.63421
5.93074
6.50779
4.15171
4.85086
6.07039
4.34442
5.10154
7.91289
1.93179
4.91126
7.74819
0.567041
3.36507
5.2384
4.54946
5.2854
6.58496
4.54019
6.56986
5.02975
0.881613
2.82162
1
7.14636
7.44294
2.558
2.93605
4.28834
4.21432
3.69856
5.18982
3.60126
3.00893
3.66613
5.38658
2.50805
4.68523
5.27479
3.37002
8.78756
6.38082
3.52686
5.07325
6.03342
2.42441
2.73821
4.87699
2.43741
5.04439
4.02237
6.33355
7.56986
5.8392
2.63472
4.66297
7.71195
3.28129
5.69349
6.3339
1.60935
2.8842
5.34239
4.10886
6.87652
2.54649
3.27754
3.80875
5.84298
4.04985
4.77479
6.3159
4.77479
7.49185
4.82273
2.45789
4.29956
1
2.59172
4.9542
8.41785
6.59991
6.45943
7.00562
3.88536
7.56224
3.22239
3.00893
3.0287
5.34873
1.32453
3.37412
2.98903
4.47605
6.50779
7.63662
5.27302
7.46761
2.78588
0.73487
4.61172
7.3966
4.04985
4.77479
6.3159
4.77479
6.49185
4.94084
3.00893
3.66613
5.38658
2.50805
4.68523
6.49719
1.96845
3.36923
7.35755
4.96782
8.00562
0.815031
3.27754
3.80875
5.84298
4.04985
4.77479
6.3159
4.77479
7.49185
7.98299
3.94753
6.53138
7.04803
1.49075
3.91698
4.6677
1.76389
4.67807
4.07146
2.82243
3.52057
6.09276
6.24793
9.91513
6.93074
5.27302
7.46761
5.40939
2.62599
6.21594
1.21546
4.23834
5.45003
7.3966
4.04985
4.77479
6.3159
4.77479
7.49185
6.18488
1.76389
2.41504
2.68605
2.24286
6.94251
6.70506
2.45789
4.29956
1
2.59172
5.63227
6.40088
3.37002
8.78756
6.38082
3.52686
6.07325
5.87036
2.26497
3.45121
4.77007
5.00749
6.1224
6.22239
2.45789
5.67807
7.87652
4.59991
5.20163
7.25267
2.13465
4.09954
2.98903
4.97855
3.86581
4.92949
3.73835
4.63807
6.16993
5.39613
6.04439
6.38658
2.45789
4.29956
1
2.59172
3.78427
6.22882
7.06878
3.86507
7.18982
8.70044
7.46761
2.54649
4.2183
6.24793
6.87344
1.76389
4.12553
4.45943
4.62994
6.66534
7.91886
6.59991
7.45943
7.93074
6.74147
7.52356
5.30378
4.10886
4.70659
5.27612
1.79015
4.47534
6.96
6.86625
5.91488
1
2.52546
3.96
5.68049
4.4822
7.57743
4.56071
1.13424
4.65821
1.05321
2.93605
3.09569
8.32643
8
4.10046
3.09894
3.59068
7.08215
3.16581
4.01381
8.633
6.59991
7.45943
7.93074
6.74147
7.52356
5.30378
4.10886
4.87652
8.08746
3.89724
5.57743
6.08037
8.37069
6.59991
8.92184
2.25683
4.73697
3.36075
4.89745
6.23522
6.7879
2.45789
4.29956
1
2.59172
4.63227
1
1.44271
2.3147
3.98868
1.76389
2.41504
5.83289
3.37002
9.71356
6.90087
4.52356
7.49985
7.3443
1.63421
2.70044
4.5025
5.85383
5.24793
5.24317
2.22934
4.99548
3.48997
3.27754
3.80875
5.84298
4.04985
4.77479
6.3159
4.77479
7.49185
5.27479
3.37002
8.78756
6.38082
3.52686
5.65821
4.05528
1.44271
2.3147
3.98868
1.76389
2.41504
5.83289
3.37002
9.71356
6.90087
4.52356
7.49985
7.3443
1.63421
2.70044
5.82443
2.23821
3.04439
7.3966
3.03562
7.7211
1.82753
3.27754
3.80875
5.84298
4.04985
4.77479
6.3159
4.77479
6.49185
4.94084
3.00893
3.37662
4.95884
2.42441
2.73821
4.77007
1.44271
2.3147
3.98868
1.76389
2.41504
5.83289
3.37002
9.71356
6.90087
4.52356
7.49985
7.7211
4.84549
7.56986
6.74595
2.58157
6.77479
6.92481
7.05528
7.45121
3.72489
2.66569
6.44531
4.97728
4.47605
5.50779
6.77479
4.75077
8.59991
6.72792
3.34717
5.82018
1
2.59172
3.9542
2.00631
0.73487
2.8376
5.16491
2.26497
5.86625
7.82018
4.04985
4.77479
6.3159
4.77479
7.49185
5.27479
3.37002
8.78756
6.38082
3.52686
5.33628
1.80735
1.47621
7.16526
3.23266
4.03516
4.48308
4.98489
3.88148
6.73471
4.83289
6.33355
7.56986
5.8392
2.63472
4.83289
3.2555
0.73487
2.01634
4.43792
5.43224
4.65105
4.9542
3.23437
3.63559
9.43671
5.26053
8.49185
5.22882
6.74147
5.52356
6.23522
4.04985
4.77479
6.3159
4.77479
7.49185
4.82273
2.45789
4.29956
1
2.59172
5.63227
6.40088
3.37002
8.78756
6.38082
3.52686
5.33628
8.39232
2.62599
4.63097
3.98489
7.47168
9.91289
6.77259
1.32453
3.9782
4.72792
4.2076
5.58496
7.82018
4.59877
5.86466
5.16491
2.26497
3.40682
4.16491
8.24317
6.46761
6.69116
3.01649
5.86625
6.82018
6
7.70736
6.22882
5.36834
7.6865
3.2555
0.73487
2.01634
1
2.62654
4.45438
3.80735
6.83605
3.97728
4.18866
2.44636
5.08274
4.46411
5.54432
6.49185
5.51307
2.45789
4.29956
1
2.59172
5.63227
6.40088
3.37002
8.78756
6.38082
3.52686
5.33628
8.39232
6.59991
6.45943
7.00562
3.88536
3.97728
7.87652
2.62599
4.63097
1
5.33125
5.1224
3.49399
3.8424
4.70659
7.04985
1.93179
3.91126
6.83289
1.97336
6.67101
2.89616
0.73487
2.01634
4.43792
5.43224
4.65105
4.9542
3.23437
3.63559
9.43671
4.26053
5.94642
4.56682
3.54553
6.11548
5.78136
4.04985
4.77479
6.3159
4.77479
7.49185
6.18488
1.76389
2.41504
2.68605
2.24286
4.62059
7.47978
2.05311
3.09686
1
3.73835
4.63807
6.16993
5.39613
6.04439
6.38658
2.45789
4.29956
1
2.59172
5.63227
6.40088
3.37002
8.78756
6.38082
3.52686
5.33628
2.03025
2.93605
3.09569
3.51907
7.91289
3.6218
5.58021
5.54946
4.10886
5.87652
4.72792
4.2076
5.26303
3.51096
4.13725
5.42626
3.39232
0.73487
2.8376
6.84298
5.15785
5.58496
4.48444
3.84358
4.68806
1
2.18057
3.85244
6.2384
5.63421
7.53916
5.7211
3.01606
4.62644
5.6677
6.47978
9.29921
7.93664
5.27302
7.54689
4.15843
3.37662
5.24317
6.27146
1.3604
3.44422
6.30378
5.08139
4.45943
8.36632
6.39232
7.45121
2.19794
3.00893
3.0287
5.0268
3.6218
6.50621
6.82018
4.33823
8.0607
6.73471
5.85798
7.45121
6.69581
2.62449
4.25956
7.97728
4.17414
5.2854
6.39803
3.77385
7.33271
8.13443
1.63421
2.70044
4.5025
5.85383
5.24793
5.24317
2.22934
4.06949
5.82443
1.76389
4.12553
4.45943
4.62994
6.66534
5.45286
1.64816
3.47299
5.99095
6.24793
7.47573
2.794
2.21664
8.09427
6.80305
9.77972
8.06609
5.45286
2.19068
5.20945
3.98089
2.45789
5.67807
7.87652
5.50779
7.46761
2.03025
2.19364
9.94105
8.82018
1.96845
3.9542
3.02707
3.00893
3.66613
6.97154
1.81558
11.2712
5.90689
4.96578
6.48382
2.92161
4.07211
4.5325
2.86507
4.23834
3.98437
5.99498
2.45789
4.29956
1
2.59172
5.63227
6.81592
3.09894
3.59068
5.49719
2.42441
2.73821
4.87699
2.43741
5.04439
5.21501
5.33125
5.70736
7.41785
0.567041
4.21823
6.3339
3.31389
4.11334
4.40038
5.36834
5.6865
7.60733
2.62599
4.63097
7.15482
4.35484
6.03709
7.62205
3.45943
5.97072
4.76717
1.65006
4.35755
1.77844
3.27754
3.80875
8.16491
6.69349
7.5157
3.77444
4.60935
6.01495
5.28129
1.65006
4.82704
7.36632
2.05311
3.09686
8.27922
3.03562
5.39917
6.85798
5.44626
5.32193
5.28129
1.65006
4.35755
1.77844
4.2183
4.29373
1.92724
0.73487
9.72024
1.05321
4.23834
3.98437
5.99498
2.45789
4.29956
1
2.59172
4.63227
5.75192
5.15214
4.67948
4.59991
1.53155
2.83125
6.27479
4.35484
6.03709
7.62205
3.45943
6.19311
5.91222
3.26679
5.70736
5.34239
4.54432
4.94753
1
4.61935
4.77007
5.06609
3.23437
6.02791
1.05321
3.27754
2.72358
1
3.26679
5.70736
5.34239
4.54432
4.94753
7.29462
4.17641
6.26679
7.13955
4.99095
6.49985
5.83794
2.62599
5.47897
6.59246
2.66569
3.8264
3.24249
3.77385
7.06967
1.93074
4.2183
4.29373
1.92724
0.73487
9.72024
1.05321
4.23834
3.98437
5.99498
2.45789
4.29956
1
2.59172
5.63227
6.40088
3.37002
8.78756
6.38082
3.52686
5.33628
5.39232
4.28293
5.23522
7.07146
5.26053
6.46761
6.88874
3.37156
4.99247
4.97728
5.2343
5.53138
5.39232
6.65208
4.64962
4.93074
4.81333
4.79701
6.13443
3.26679
6.97039
6.87036
2.62599
6.21594
1
2.45789
4.29956
1
2.59172
4.9542
8.41785
4.94902
7.49185
6.71425
3.43582
5.63662
2.42884
0.73487
4.61172
8.3966
3.37156
4.99247
4.97728
5.2343
5.53138
5.39232
6.65208
5.38658
7.94837
2.37638
5.56071
4.53743
4.10886
5.87652
6.46489
2.45789
4.29956
1
2.59172
4.9542
4.33039
1.32854
2.64689
5.40696
4.75822
7.59246
6.83289
2.62599
6.21594
7.65821
3.43582
7.63662
6.17659
4.2108
7.64386
2.34239
0.73487
4.61172
8.3966
3.37156
4.99247
4.97728
5.2343
5.53138
5.39232
6.65208
4.80162
5.24249
3.26679
5.70736
5.34239
4.54432
4.94753
6.29462
2.42441
2.73821
4.87699
2.43741
5.52982
6.39232
2.62599
4.99354
6.86419
6.30378
9.29002
5.63807
4.35484
4.03709
7.09276
2.05311
5.04439
5.713
3.34717
5.59779
8
7.47032
7.46761
1.67035
4.2183
4.29373
1.92724
0.73487
3.006
4.31445
1.45511
3.9542
6.07146
3.01929
5.94837
4.54189
2.97761
4.10522
6.38082
3.16581
6.12928
3.89482
1.76389
4.12553
4.45943
4.62994
6.66534
7.91886
6.59991
7.45943
7.93074
6.74147
7.52356
5.30378
4.10886
4.87652
5.76553
2.62599
4.63097
5.56986
1.93179
3.91126
6.83289
1.97336
6.67101
2.89616
0.73487
2.01634
5.34062
5.94902
7.52356
4.90689
3.44233
6.39803
3.85086
1.53155
3.42561
6.43105
3.93587
6.17659
5.81057
1.79015
4.47534
7.96
2.53119
5.59892
5.3966
8.01346
6.45943
7.82018
4.04985
4.77479
6.3159
4.77479
7.49185
5.86295
6.65464
7.57743
7.74147
5.27426
7.49985
6.88874
6.75489
7.45121
6.7879
5.19722
5.29232
1
2.90689
9.44536
7.81378
2.62599
6.21594
1
2.45789
4.29956
1
2.59172
4.9542
6.41785
5.78883
7.47573
7.87652
5.32193
8.34873
7.34873
5.11151
6.47573
7.05166
5.63973
5.89885
6.50779
2.05311
3.09686
4.43792
4.81333
5.53398
6.30378
2.73252
5.07529
5.59096
3.34717
5.59779
8
7.47032
7.46761
1.67035
2.93605
3.09569
6.32643
7.55459
4.04985
4.77479
6.3159
4.77479
7.49185
8.14466
5.67243
4.9386
6.46489
4.48113
5.54689
4.17493
4.45779
4.74819
7.99435
5.25873
8.02237
6.37504
7.47168
9.91289
7.35755
4.96782
8.00562
5.05889
5.67243
4.9386
6.46489
4.48113
7.54689
2.88613
3.27754
3.21085
8.48784
5.25873
8.02237
6.37504
7.47168
9.91289
6.03562
4.45779
5.16323
7.88874
6.59991
6.45943
7.00562
3.88536
3.97728
7.87652
3.40893
3.55117
5.57491
3.98037
3.36712
1
6.35403
3.0287
5.76377
3.13113
6.86934
5.97269
2.22934
4.06949
8.40939
2.62654
4.45438
3.80735
6.83605
7.29921
7.8009
4.04985
4.77479
6.3159
4.77479
6.49185
4.94084
3.00893
3.37662
4.95884
2.42441
4.07263
1
6.18982
6.44294
7.7879
5.25873
6.43741
4.98299
2.62599
4.99354
4.54226
1.29387
5.25739
6.96578
4.15528
9.48784
5.90689
2.26497
3.45121
5.2555
7.47032
7.46761
5.15265
6.91621
7.49185
1.67243
2.93605
2.62176
7.39232
8.25739
8
7.59991
4.61935
4.57743
3.22386
0.567041
3.0639
8.44294
1.59323
3.71882
5.34873
3.58849
7.73742
4.8125
1.32854
2.64689
5.40696
4.75822
5.59246
6.67948
2.78463
6.22882
6.74819
3.77385
7.06967
8.31288
7.74147
7.61471
3.50462
2.45789
6
3.16993
3.27754
2.72358
7.13955
1.96845
4.19931
7.07146
2.73252
6.88264
5.46597
2.42441
2.73821
4.87699
3.43501
6.29768
6.0917
2.73533
7.11374
6.29155
2.26497
3.28129
6.24317
4.90989
4.37697
1
2.32921
5.64962
7.80735
4.74416
7.56224
8.16993
3.92125
4.77761
6.89482
4.81669
5.65821
6.27302
2.62599
6.21594
1
2.45789
4.29956
1
2.59172
4.9542
7.41785
2.84327
4.35755
1
8.45943
7.44294
3.13303
0.73487
3.15039
3.23266
3.15381
7.66711
7.65105
4.04985
4.77479
6.3159
4.77479
7.49185
5.86295
5.15214
4.67948
4.59991
1.53155
2.83125
8.08215
4.90989
4.37697
1
2.32921
5.64962
7.80735
4.74416
6.56224
5.06967
1.76389
5.58496
6.54946
2.84327
6.09452
7.7879
5.11151
6.47573
7.05166
5.63973
7.48382
4.56224
2.93605
2.62176
5.27684
3.44233
4.61471
4.09954
1.79015
6.13245
6.65105
4.04985
4.77479
6.3159
4.77479
7.49185
6.08215
4.90989
4.37697
1
2.32921
5.64962
7.80735
4.74416
7.56224
7.44294
6.18982
6.44294
7.7879
5.25873
6.43741
4.98299
2.62599
4.63097
1
4.83821
3.9
3.9573
2.8147
5.01919
2.42884
0.73487
2.01634
7.54226
8.25739
8
5.94837
5.50603
8.86882
4.07916
6.91621
6.49185
5.57743
1.55154
4.75489
5.54226
3.77385
9.65464
8
7.81378
7.43463
2.853
9.38442
8.14975
3.59826
8.07146
2.00631
0.73487
2.3583
4.07916
1.53155
2.83125
1
7.6677
10.3934
7.3443
2.53119
8.50581
4.09452
1.69249
4.14466
7.9542
6.18982
6.44294
7.7879
5.25873
6.43741
4.98299
2.62599
4.63097
1
7.6677
11.9784
5.6893
6.00322
5.47573
6.99247
2.05311
5.85175
8.16491
3.43582
7.63662
6.17659
4.2108
7.64386
2.34239
0.73487
3.006
4.0025
0.567041
2.83258
1
1.76389
5.58496
4.8125
1.32854
2.64689
8.21432
2.53119
7.92085
7.82018
4.92161
5.99247
6.49985
4.86153
4.36075
7.17991
3.84246
7.74819
6.7879
4.4185
5.9386
6.6677
2.43741
5.52982
6.39232
2.62599
4.8009
6.04985
4.82552
7.70736
7.03892
7.5157
7.45121
2.01919
0.73487
2.01634
6.86419
4.05658
5.61471
8.23362
3.30812
4.91886
6.49985
4.90989
4.37697
1
2.32921
5.64962
7.80735
4.74416
7.56224
6.12102
3.37002
9.45052
4.18133
1.76389
7
1.0983
2.93605
3.09569
3.41954
3.46538
3.00893
3.0287
5.0268
2.44636
4.93074
8.45121
5.85798
7.45121
4.69581
1.96845
3.36923
6.03562
1.76389
2.41504
5.47032
4.10886
4.70659
4.46877
4.10886
5.87652
7.88874
1.3604
7.14466
2.36815
3.27754
3.34577
2.16419
3.00893
3.0287
5.0268
2.44636
4.93074
4.28129
2.45789
4.29956
1
2.59172
4.63227
5.75192
1.76389
2.41504
5.47032
4.10886
5.87652
6.46489
2.45789
4.29956
1
2.59172
5.63227
4.70044
2.74595
5.77479
6.74819
5.24793
7.5157
8.04985
2.26497
3.40682
6.16491
7.06878
3.86507
7.18982
8.70044
5.46761
5.05889
5.73779
8.22721
6.3443
1.60786
3.98423
8.34873
5.01681
4.48382
4.96809
3.79181
4.77007
4.54189
4.10886
4.70659
4.46877
4.10886
5.87652
7.88874
1.3604
3.68523
6.18488
1.63421
2.70044
4.5025
5.85383
5.24793
5.24317
2.22934
3.61697
5.08746
1.94324
5.79874
2.558
4.23834
4.22764
6.17243
1.29387
5.93546
6.09452
4.03516
4.48308
5.56986
2.45789
4.29956
1
2.59172
3.78427
1
1.16697
2.99262
5.36194
3.30812
6.91886
5.29068
2.26497
3.45121
4.18511
3.73835
4.63807
6.16993
5.39613
6.04439
6.38658
2.45789
4.29956
1
2.59172
3.78427
6.22882
7.06878
3.86507
7.18982
8.70044
7.46761
2.54649
4.2183
7.66297
3.22386
0.567041
3.10634
2.56071
4.47605
5.50779
6.77479
4.75077
8.59991
6.72792
3.34717
5.82018
5.63227
3.88148
5.14975
8.13443
5.44294
5.70044
6.93074
6.03562
7.49185
1.67243
2.93605
1
3.39232
4.58265
5.30743
6.43741
2.14608
3.85798
8.57743
2.18057
7.02237
1.84435
0.73487
2.8376
1
2.45789
4.29956
1
2.59172
5.63227
6.81592
3.09894
3.59068
5.49719
2.42441
2.73821
4.87699
2.43741
5.04439
4.02237
6.33355
7.56986
5.8392
2.63472
5.83289
7.60733
2.62599
4.63097
8.15482
6.21594
7.46761
6.35755
6.97154
7.63662
1.19265
0.73487
2.3583
4.11478
3.97848
4.65025
7.35755
7.87036
6.52356
5.30986
4.96116
4.94753
1
2.11133
4.38576
7.81057
2.08798
4.08746
7.15482
2.02209
8.18818
6.37504
1.79015
4.02554
6.36923
4.58033
6.17659
5.50462
4.11085
6.56224
6.99435
2.45789
4.29956
1
2.59172
5.36923
0.815031
3.27754
3.21085
8.48784
4.58033
6.17659
5.50462
4.11085
5.97728
5.8125
2.42441
2.73821
4.87699
2.43741
7.85175
2.92892
3.27754
3.21085
8.48784
4.58033
6.17659
5.50462
4.11085
4.75489
1
6.08746
4.59991
1
4.86625
7.5157
5.83794
2.62599
6.21594
7.65821
4.58033
6.17659
6.82655
2.45789
4.67807
1
2.62449
4.25956
3.39232
4.03516
6.94251
3.13303
0.73487
3.006
6.17243
1.29387
5.93546
6.09452
4.03516
6.35755
4.15843
2.87412
4.24793
7.91886
6
7.70736
6.22882
5.36834
3.77961
2.62449
5.15214
4.67948
6.30378
3.64082
7.65105
6.82655
1.29387
5.93546
6.09452
4.03516
4.48308
5.56986
2.45789
4.29956
1
2.59172
3.78427
1
1.16697
2.99262
5.36194
3.30812
4.59694
2.10046
0.73487
2.3583
7.85175
3.76646
6.01495
2.56071
2.91966
3.40541
4.31792
1.16697
2.99262
1
4.26303
7.57743
6.48113
5.79701
5.39917
5.12338
6.26142
5.59991
4.87992
2.45789
4.29956
1
2.59172
4.9542
7.41785
0.567041
3.10634
2.56071
2.50102
5.36375
4.95842
1.71579
4.00899
6.08746
4.64648
4.7851
4.54137
5.15214
7.67948
2.28876
0.73487
2.8376
1
1.76553
3.98437
5.07744
5.36834
3.77961
6.29692
4.25939
4.37851
3.9573
2.87412
4.91089
3.99048
1.32854
4.13993
7.15987
3.34717
5.59779
8
7.47032
7.46761
1.67035
3.27754
3.21085
8.48784
4.58033
6.17659
6.82655
2.45789
4.67807
1
2.62449
4.25956
3.39232
4.03516
6.35755
6.38082
2.8147
4.82655
6.10329
7.81057
2.8264
6.00749
6.98185
4.59694
6.82655
2.45789
4.29956
1
2.59172
5.36923
0.815031
2.93605
1
7.85487
4.27886
8.97154
5.73471
2.12046
4.45943
1
2.45789
4.29956
1
2.59172
3.78427
1
3.65821
5.02975
8.24317
3.29155
8.49785
7.83289
2.16314
3.91886
3.94486
2.01495
6.11894
4.17792
0.73487
2.3583
6.85175
4.27886
8.97154
5.73471
2.12046
6.45943
1.74607
4.23834
3.79796
6.16375
5.00749
6.1224
6.22239
2.45789
7
3.54226
4.47605
3.5692
3.83289
1.58169
4.53605
1.61775
4.2183
7.66297
8.35315
1.49075
3.91698
6.6677
4.21205
5.34341
3.72403
0.73487
2.3583
4.11478
1.93179
4.91126
7.74819
0.567041
2.83258
4.35199
5.15214
4.67948
4.59991
1.53155
3.8501
1
1.29387
5.93546
6.09452
4.03516
4.48308
5.56986
2.45789
4.29956
1
2.59172
3.78427
1
1.16697
2.99262
5.36194
3.30812
4.59694
2.10046
0.73487
2.01634
3.5974
4.07928
5.82273
4.94084
1.94324
5.79874
2.558
4.23834
3.98437
6.84298
4.58033
5.76155
7.36632
1.86507
4.17754
1
6.08746
7.59991
0.815031
3.27754
3.21085
8.48784
4.58033
2.67409
5.81762
2.42441
2.73821
4.87699
2.43741
7.85175
2.92892
3.27754
3.21085
8.48784
4.58033
6.17659
6.82655
2.45789
4.29956
1
2.59172
5.36923
0.815031
4.2183
6.24793
5.70352
1.86507
3.86942
5.3634
1.32854
2.64689
5.40696
4.75822
6.00749
6.05166
2.26497
3.45121
7.57743
4.64648
7.59246
5.62059
2.66569
7.25267
1.04594
2.93605
3.45826
3.39232
4.58265
5.04439
6.16658
4.25939
5.11548
6.87652
1.29387
5.93546
6.09452
4.03516
4.48308
5.56986
2.45789
4.29956
1
2.59172
3.78427
1
1.16697
2.99262
5.36194
3.30812
6.91886
1.67243
3.27754
3.80875
4.25802
3.01606
6.94837
7.67243
2.23306
5.36923
1
2.45789
4.29956
1
2.59172
3.78427
1
1.16697
2.99262
5.36194
3.30812
6.91886
1.67243
3.27754
2.15401
5.83748
3.73835
4.63807
6.16993
5.39613
6.04439
6.38658
2.45789
4.29956
1
2.59172
3.78427
6.22882
7.06878
3.86507
7.18982
8.70044
7.46761
2.98903
2.16548
4.25446
7.65344
5.54844
9.94105
4.65025
3.29741
5.7761
5.66534
2.73252
5.56071
5.06609
3.54553
6.11548
5.54844
1.13424
5.86466
4.86419
2.62654
4.45438
3.80735
6.83605
4.71425
2.66534
0.73487
2.3583
9.43671
5.26053
8.49185
5.22882
6.74147
5.52356
6.23522
4.04985
4.77479
6.3159
4.77479
6.49185
7.76155
6
7.70736
6.22882
5.36834
5.6865
5.2854
3.34717
5.59779
8
7.47032
7.46761
4.98299
2.62599
6.21594
7.65821
2.99537
6.12928
5.84549
1.94324
3.68326
6.25739
3.9386
4.00562
8.08215
7.53138
7.43463
7.67948
4.04985
4.77479
6.3159
4.77479
7.49185
7.98299
7.88874
7.48382
7.72451
3.65535
5.8009
6.48113
2.62599
6.21594
1
2.45789
4.29956
1
2.59172
3.78427
1
1.16697
2.99262
5.36194
3.30812
4.59694
2.10046
0.73487
2.3583
7.85175
2.53119
5.59892
8.3966
5.2854
5.91488
6.89482
6.45121
7.45121
7.66534
3.22607
4.3147
6.80305
2.23821
3.04439
1
2.97199
5.71425
3.14505
2.16548
6.02498
1
2.45789
4.67807
5.07146
3.36843
3.8392
7.75154
0.950288
3.46815
5.51307
2.45789
4.29956
6.3339
1.16697
2.99262
5.36194
3.30812
4.59694
2.10046
0.73487
3.15039
2.05209
7.82655
5.91488
3.77259
8.34112
8.75989
6.29002
7.40372
5.94642
3.98489
6.91621
7.49185
7.01681
4.04985
4.77479
6.3159
4.77479
7.49185
6.08215
1.93179
4.91126
7.74819
0.567041
3.10634
3.61961
7.61366
7.48382
8.07146
2.92533
5.83289
5.73335
4.45779
4.74819
6.99435
3.15381
4.7879
3.14505
4.22961
3.43494
4.16993
1.47621
7.50406
5.17243
2.62599
4.63097
1
3.37002
8.78756
6.38082
3.52686
5.07325
3.82782
3.00893
3.0287
5.34873
1.32453
4.92161
2.52356
0.73487
3.006
4.0025
0.567041
3.0639
1
8.25267
13.5715
8.17991
5.54844
9.35609
1
7.61366
7.48382
8.07146
2.92533
6.24793
7.39232
3.34717
5.59779
8
7.47032
6.46761
8.20457
5.39232
6.67243
8.07682
2.18057
5.70044
7.44294
4.86153
4.36075
5.00998
1.44271
3.3887
7.0607
6.41363
7.45121
7.91289
3.47187
7.59991
3.822
2.93605
3.09569
