175
8
8
10.5929
1.80005
8.20534
6.77593
3.8009
3.61764
3.89431
4.34735
0.125813
10.6118
2.17645
3.30625
4.62115
2.41458
3.91402
2.49021
2.56756
5.78296
1.15022
2.9542
6.01827
0.792415
1.34826
2.33469
2.92239
3.31504
4.65877
4.63186
1.52759
4.47564
1.39783
2.8514
0.26897
0.290729
2.41093
1.93224
3.06272
2.28908
2.44741
0.154354
3.36045
4.02203
2.2544
1.19966
3.46092
4.31065
2.98961
3.83307
1.18649
2.26723
4.04602
1.48335
0.83749
3.85075
1.97804
1
6.92665
1.15022
3.71415
5.49912
0.838634
0.162525
0.628177
0.601925
4.92838
0.124534
0.290729
1.6333
3.88879
4.72364
1.9886
2.49004
1.64762
1
6.56663
4.13019
2.69408
7.60663
2.23999
1.88753
6.70586
1.62449
2.50925
4.69608
1.09445
1.52237
3.69497
1.00787
2.02508
6.84243
0.747423
3.69379
5.79538
4.28715
1.0093
2.85974
1.77139
2.8124
4.38517
1.07657
2.24913
0.096398
0.290729
1.6333
7.06333
1.82757
3.42789
4.47669
0.815276
4.47446
1
1.04327
3.44536
5.6405
5.17159
2.37046
5.09817
5.23127
6.49719
2.7451
4.19887
2.19787
4.03471
1.92727
4.20358
0.155164
0.290729
2.62554
1
5.47855
3.14655
5.76343
0.640988
2.06868
1
2.62812
1.16304
6.48308
0.747423
0.923187
6.25087
1.7985
4.5375
9.33507
1.09407
1.43296
4.46057
2.58661
2.02178
5.05886
1.17233
1.34823
4.37156
1.8687
3.55708
4.23811
0.792415
1.34826
2.33469
2.92239
1.88974
5.2014
1.21084
1.44132
5.61571
3.05356
3.8933
0.0994262
1.10791
4.24467
8.97346
3.974
4.30875
4.44653
2.35566
1.94231
6.27734
4.28715
1.0093
2.85974
1.77139
2.8124
4.38517
1.07657
3.23935
1
1.87431
2.36087
1.95719
1.55372
1.72257
4.27373
4.62115
3.28302
5.11654
0.838634
0.162525
0.628177
0.601925
3.00208
7.55459
1.15022
2.47233
4.87737
3.6811
0.952497
3.4892
4.59756
3.8623
5.3651
3.17922
3.24075
5.91839
0.815276
4.47446
6.88174
1.37028
4.02191
0.0864206
0.290729
3.27632
6.25868
3.25967
3.22239
7.32699
3.01824
2.53354
5.01753
4.80287
2.28978
7.005
3.17951
0.644233
6.69617
1.17127
2.81354
4.78937
1.01624
1.85613
1.83175
0.154354
3.36045
4.95822
1.67976
1.84925
6.6755
2.11447
3.7967
3.65331
0.662531
4.1961
6.35945
3.7405
6.90689
0.174006
1.10791
3.81795
2.24526
2.05276
3.53225
1.94008
2.25426
3.34514
2.16179
0.532852
3.23885
5.26164
1.87431
2.36087
1.95719
1.55372
3.07991
1
2.23673
1.35472
3.40258
1.71858
4.06697
1
4.19887
2.19787
4.03471
1.92727
1.79975
1
2.46496
3.33747
4.38309
2.58188
2.17359
3.29345
2.28625
4.21194
0.136137
1.94365
2.80036
4.0634
0.838634
0.162525
0.628177
0.601925
3.61915
4.31511
1.75302
2.00252
2.39315
3.22434
4.23202
7.23005
0.865655
0.34001
1.94739
1.89846
3.83697
1.14808
2.25426
0.904572
3.88361
1.14212
3.91881
1.53632
3.55943
1.91993
5.72623
1.01283
3.60991
0.148484
0.290729
1
3.73101
0.838634
0.162525
0.628177
0.601925
3.25968
2.65196
2.25426
3.34514
2.16179
0.532852
3.23885
5.89688
1.78682
2.13419
5.82494
3.05356
3.8933
0.0994262
1.94365
2.80036
4.0634
0.838634
0.162525
0.628177
0.601925
3.00208
7.4957
0.924614
1.25763
2.65772
1.00064
1.72328
4.36205
1.00787
3.38937
2.32464
2.36015
1.91167
6.76833
5.07341
3.14752
7.35857
1.01283
4.35435
5.56415
1.15022
5.13975
0.343535
3.4986
3.53345
3.73101
0.838634
0.162525
0.628177
0.601925
1.60703
6.72777
1.00787
2.26018
2.37147
1.32713
3.35135
1
1.75302
2.00252
2.39315
3.22434
3.67403
6.64987
1.87431
2.36087
1.95719
1.55372
3.58597
5.3651
3.17922
1.89899
5.02994
2.40111
4.12031
5.65294
1.75302
3.62323
8.24079
0.507219
1.2658
1
1.53549
3.44448
1.53632
4.12851
1.91357
4.37156
1.8687
1.5941
1
5.23507
4.13927
6.49594
1.75302
2.00252
2.39315
3.22434
3.14456
3.39406
3.38457
0.897158
4.25926
3.35654
3.6072
0.136137
3.48102
1.84653
5.46593
1.00787
3.59557
1
3.78777
3.7137
5.37504
0.865655
5.17095
4.84955
4.97748
3.34239
3.09462
2.28625
2.67604
4.73752
2.35566
1
5.8467
3.34113
1.40877
1
0.832705
3.14655
5.57249
2.31269
1.39183
3.12916
1.18649
3.47674
0.101468
1.10791
1.80287
13.9697
8
5.15439
2.70234
2.35353
7.20354
0.94694
3.82718
8.25267
0.865655
5.17095
4.84955
4.97748
3.34239
3.09462
2.28625
3.07501
5.63042
2.2544
3.76006
7.27664
5.03044
3.23095
7.51826
1.283
2.45505
1.99334
4.86974
3.60881
1
1.75302
2.00252
2.39315
3.22434
1.94662
4.0963
1.21084
1.44132
3.10462
1.00787
2.26018
5.1814
1.87431
2.59694
5.58833
4.33465
2.91975
5.5307
2.81718
1.62589
1
6.37958
3.48308
4.34746
1.64299
3.64461
0.155691
1.94365
2.80036
4.0634
0.838634
0.162525
0.628177
0.601925
2.61568
1
1.87431
2.36087
1.95719
1.55372
1.72257
4.67593
1.21084
1.44132
3.10462
1.00787
2.26018
5.1814
1.87431
2.59694
5.58833
4.33465
2.91975
5.5307
2.81718
1.62589
6.18226
2.41771
2.04085
4.8702
2.13221
5.34053
0.0856186
1.94365
2.80036
4.0634
0.838634
0.162525
0.628177
0.601925
3.25968
2.65196
2.25426
3.2391
2.56382
2.23673
1.35472
5.02994
1.21084
1.44132
3.10462
1.00787
2.26018
5.1814
1.87431
2.59694
5.58833
4.33465
5.40088
7.38234
2.58273
2.63339
8.10699
2.18571
4.32593
1
5.21415
5.37255
2.80342
3.06272
4.04989
2.22465
3.55943
2.3045
6.29384
7.46352
5.59096
6.08645
0.792415
3.02128
1
3.22434
2.87838
0.0864206
0.290729
3.27632
5.42497
3.17922
3.01447
4.53282
0.838634
0.162525
0.628177
0.601925
2.61568
1
1.87431
2.36087
1.95719
1.55372
3.37227
5.07468
2.29856
3.33336
3.32669
2.86701
2.79155
1.74381
2.48048
3.9949
3.92684
4.19887
2.19787
4.03471
1.92727
4.20358
0.155164
0.290729
1.6333
3.78305
4.04871
1.37713
4.33055
0.730463
2.39496
5.9383
4.75983
3.37255
4.55127
4.97748
4.26222
4.28054
0.838634
0.162525
0.628177
0.601925
3.61915
4.31511
1.75302
2.00252
2.39315
3.22434
3.67403
6.64987
1.87431
2.36087
1.95719
1.55372
3.37227
6.90475
1.15022
2.47233
1
3.46377
1.81418
5.98081
1.14212
3.56008
1
1.67903
3.22986
7.01704
1.85554
3.71485
5.42497
3.17922
3.62289
1
4.66465
2.20025
4.85345
6.14674
3.01447
1
1.57296
3.24021
3.39406
1.09324
5.54853
0.155164
0.290729
1.6333
1
2.45874
3.67812
3.10281
7.88172
1.7295
5.79165
1.17233
3.14145
3.26013
2.78182
3.51805
1
1.75302
2.00252
2.39315
3.22434
3.67403
6.64987
1.87431
2.36087
1.95719
1.55372
3.37227
6.87304
0.865655
0.34001
1.94739
1.89846
3.04521
6.45756
1.15022
2.47233
3.25634
3.6491
3.31025
4.16898
2.49021
2.76121
5.25255
1.01624
2.90646
2.78971
1.23708
3.58381
0.17166
0.290729
1.6333
3.78305
4.04871
1.37713
4.33055
0.730463
2.39496
5.9383
2.80564
3.35914
3.8215
2.52661
4.4047
4.90972
0.838634
0.162525
0.628177
0.601925
1.60703
6.72777
1.00787
2.26018
2.37147
1.32713
1.60266
1
3.21628
1.09662
4.72602
1.8687
1.5941
1
5.23507
4.13927
6.49594
1.75302
2.00252
2.39315
3.22434
3.67403
6.64987
1.87431
2.36087
1.95719
1.55372
4.08847
0.126065
1.10791
1.80287
1.29776
5.87636
4.62115
2.41458
3.47526
2.28625
2.95434
2.84457
1.67903
4.15406
1.38406
3.23236
3.9367
0.0831686
0.290729
3.27632
1
1.63131
1.69678
3.07115
3.66924
2.12906
6.14813
0.219183
2.15358
4.02203
3.49276
4.5509
1
3.03364
1.65844
4.06078
4.68677
4.15321
6.04439
3.48057
2.08665
2.91241
3.56154
4.17076
6.13304
0.0604792
1.8971
7.53528
5.47935
2.48688
6.7355
5.04576
5.26991
1.51259
2.25426
0.904572
2.06422
4.62115
3.86138
4.28686
4.09195
3.91177
6.37092
3.62381
4.14532
5.32608
0.512232
1.85585
1
2.84371
3.07659
4.06665
1.81213
3.03449
1
2.81718
1.62589
1
6.37958
3.48308
4.34746
1.64299
2.06175
6.18226
1.00787
3.59557
1
3.78777
3.57619
5.75646
3.51285
5.06689
5.83491
4.55567
4.1635
0.214361
4.54315
1.88417
4.7373
12.3
5.29155
3.69127
2.52019
3.70769
1
1.75302
3.62323
6.27732
5.13451
4.00692
0.126065
4.4366
2.78916
6.30318
1.78682
3.2672
2.34173
2.25426
3.34514
5.09633
2.03615
3.42136
4.74258
1.59952
2.82021
0.133693
5.49507
2.31395
0.0964143
3.4986
3.421
1
1.75302
2.00252
2.39315
3.22434
3.67403
6.58781
2.70234
2.35353
1
2.23673
1.35472
3.40258
1.71858
3.52181
3.77115
3.6491
3.42882
1
0.154354
3.62649
4.38309
1.09298
2.65336
2.83851
1.09324
3.0541
6.47531
1.15022
2.47233
5.01123
4.38986
1.90599
6.68523
3.40484
4.82103
4.9666
2.16246
4.01209
0.0880102
1.94365
2.80036
6.09141
6.49142
6.16323
4.03334
5.21033
4.16993
4.90098
2.16246
1.79128
7.34632
3.21628
1.09662
5.62762
2.13221
3.49456
8.93868
0.748845
3.8858
4.90098
2.16246
4.01209
0.0880102
3.48102
2.00289
0.0434446
0.290729
7.38739
0.101468
3.4986
3.421
1
1.75302
2.00252
2.39315
3.22434
1.94662
4.22875
6.23657
2.13541
3.12562
1.64762
2.91227
1
4.38986
1.90599
6.68523
3.40484
4.09233
1
1.09445
2.44419
3.74659
3.00191
3.44556
1
2.21842
3.13818
3.79751
0.730463
5.28952
0.101468
1.94365
2.32755
1
1.09445
2.44419
3.74659
3.00191
3.2487
1
1.21844
1.36975
5.43438
2.56138
3.88866
1
1.15022
3.37755
3.38862
3.06272
2.28908
2.92611
1.81213
3.64766
0.129147
3.48102
2.00289
0.0434446
0.290729
7.38739
0.101468
3.4986
3.421
1
1.75302
2.00252
2.39315
3.22434
3.67403
6.64987
1.87431
2.36087
1.95719
1.55372
3.37227
5.7101
2.09569
2.25626
1
1.77078
3.39795
6.81343
0.31879
2.16664
1.60537
0.32443
1.76442
1
1.18544
1.66937
1
3.84562
2.7331
1
1.09445
3.7643
4.73738
1.15022
3.48126
6.41939
1.75302
2.00252
2.39315
3.22434
4.23202
4.50851
4.08184
3.47705
1
2.66276
3.35783
0.307075
0.290729
3.57013
6.35451
0.31879
2.16664
1.60537
0.32443
1.76442
1
1.18544
3.22842
6.93824
0.976093
1.14242
1.81459
2.28625
2.95434
1
1.75302
2.00252
2.39315
3.22434
4.23202
1
2.05442
2.10026
3.86538
2.24979
3.74595
6.35462
1.15022
3.48126
5.4865
2.66276
3.09859
3.45286
2.83952
3.57926
0.164066
0.290729
3.57013
6.35451
0.31879
2.16664
1.60537
0.32443
1.76442
1
1.18544
2.93526
1
1.09445
2.44419
3.74659
3.00191
3.2487
4.73259
2.23673
1.35472
3.40258
1.71858
3.29797
6.63436
1.15022
2.9542
2.28606
1.537
2.91843
4.48802
4.38986
2.16364
6.28011
3.21628
3.82191
4.69407
0.792415
1.34826
2.33469
2.92239
3.9
0.161723
3.48102
2.00289
0.0434446
0.290729
3.2514
3.93829
2.12462
3.2672
2.12468
4.70775
2.90095
2.1919
3.86593
2.67688
6.71621
0.94694
1.71621
6.35147
1.00787
3.59557
1
3.78777
3.7137
5.37504
0.865655
5.17095
4.84955
4.97748
3.34239
3.09462
2.28625
3.07501
6.52854
1.15022
2.47233
2.4196
1.01624
2.90646
2.78971
1.23708
3.58381
0.17166
0.290729
1.6333
7.77086
3.63599
3.19846
4.58112
2.92555
2.53541
2.9628
1.64762
1.5123
5.15707
3.6721
2.84169
3.43922
2.35566
1.94231
5.59145
1.11788
1.28401
1
4.98688
3.78781
4.53282
0.838634
0.162525
0.628177
0.601925
1.60703
3.85768
6.41969
2.55386
3.04775
4.93669
3.64829
1.1534
3.68265
1.47777
4.82977
3.71159
1.52237
4.22869
0.42992
4.44408
7
1.15022
3.48126
6.41939
1.75302
2.00252
2.39315
3.22434
4.23202
6.16993
4.55429
2.47063
4.43709
2.50443
1.81222
9.90736
2.13981
1.87447
4.41434
4.07429
1.55727
7.00099
3.21628
1.09662
3.78305
3.84562
2.28831
3.61143
0.64312
3.29325
4.69542
0.792415
1.34826
2.33469
2.92239
3.9
0.161723
1.10791
1.80287
3.18348
2.61821
0.838634
0.162525
0.628177
0.601925
3.61915
5.5836
4.23638
2.54816
4.19137
3.21594
2.05889
1
4.12435
3.29758
5.71882
3.5853
4.35755
6.88358
3.46377
1.81418
1
3.05356
3.59868
4.67034
4.23638
2.54816
4.19137
3.21594
4.48036
0.189297
1.94365
2.99388
5.87945
3.5853
4.35755
6.88358
3.46377
1.81418
4.30516
4.12435
3.1486
7.48525
0.865655
0.34001
1.94739
1.89846
3.04521
5.80548
0.863728
1.18672
4.50771
4.27206
2.44327
5.12092
3.84022
0.904572
5.43163
3.61469
2.74929
1
1.64299
2.06175
5.67653
2.45874
3.67812
3.10281
7.88172
2.86822
5.42801
0.838634
0.162525
0.628177
0.601925
3.25968
2.65196
2.25426
3.2391
2.56382
2.23673
3.01221
6.4421
4.75095
2.02934
4.39941
3.5853
3.0621
1
1.15022
2.9542
6.312
0.815276
4.47446
6.88174
1.37028
3.9642
1
3.17922
1.89899
7.17021
2.92239
3.17754
2.26209
6.44849
4.24958
0.231326
1.10791
2.22346
5.69101
8.21579
5.51096
1
2.21842
0.725468
2.70865
0.154354
2.61586
5.1091
0.819428
2.04264
5.99456
2.7578
3.16506
2.19819
2.05442
2.10026
3.86538
2.24979
5.39803
2.1897
4.75103
1.63046
2.44507
1.81213
3.67725
6.54017
1.77275
1.31715
2.62308
1.75302
3.80484
0.147976
1.94365
2.32755
1
1.78682
2.40892
5.47342
0.64312
3.00198
4.68715
2.23673
1.35472
4.11294
2.77606
1.92568
5.17602
3.51395
3.43574
5.14515
3.17922
2.63477
5.93243
4.28715
1.0093
2.85974
1.77139
2.8124
4.38517
1.07657
3.65873
1
1.7097
2.89731
5.02835
1.62358
3.52279
7.57504
1.15022
3.48126
6.41939
1.75302
2.00252
2.39315
3.22434
4.23202
8.97728
1.61785
2.20835
4.41709
4.36775
4.39689
0.0829743
0.290729
2.41093
3.32669
3.77432
3.74333
5.6125
0.838634
0.162525
0.628177
0.601925
1.60703
3.85768
6.23657
2.13541
3.12562
1.64762
2.91227
4.12299
4.28715
1.0093
2.85974
1.77139
2.8124
4.38517
1.07657
2.05935
7.10993
1.00787
2.46629
4.11322
1.61785
2.81798
10.4346
2.13981
1.87447
4.41434
4.07429
3.78883
0.122206
1.10791
2.22346
1
2.78385
1.84168
2.82437
2.35566
3.5923
4.1012
0.838634
0.162525
0.628177
0.601925
2.61568
5.69658
4.28715
1.0093
2.85974
1.77139
2.8124
4.38517
1.07657
3.23935
6.61985
4.75095
2.02934
4.39941
3.5853
3.0621
1
1.15022
2.47233
3.25634
5.63147
3.60247
1
1.21338
3.73413
0.164709
0.290729
1.6333
5.69285
8.21579
3.66297
7.27061
4.42894
1.36409
2.70721
6.44849
2.02495
1
5.6572
3.4085
4.92635
1.81213
10.0473
7.50779
7.98868
7.5157
1.44228
2.66594
4.29345
2.2216
5.32695
0.0864206
0.290729
2.62554
2.70721
1.64762
2.91227
1
4.27253
1.84509
6.77862
1.11788
3.4046
3.4728
0.927883
2.78548
5.13657
4.75095
2.02934
4.39941
3.5853
3.0621
1
1.15022
2.47233
5.48071
4.27253
2.66721
4.96078
2.86642
2.04372
5.74253
3.21628
2.92811
6.06822
2.66276
3.09859
3.45286
2.83952
3.57926
0.164066
0.290729
3.2514
4.4998
0.154354
1.67319
6.98449
1.00787
2.46629
2.19819
2.05442
2.10026
1
1.11788
1.93778
2.33697
3.52256
2.09954
6.21964
2.62812
1.16304
4.46056
1.59754
3.68576
4.64655
2.7493
2.04858
1
1.71858
3.29797
6.63436
1.15022
1.89331
5.52424
4.40777
3.97746
9.84444
4.35755
7.54689
0.0408204
0.290729
1.6333
5.96281
4.13019
2.69408
7.60663
2.23999
3.1373
1
4.28715
1.0093
2.85974
1.77139
2.8124
4.38517
1.07657
3.23935
1
1.87431
1.62629
4.38871
1.00787
3.95653
0.128972
1.10791
1.80287
3.32679
1.39327
2.25426
0.904572
2.06422
1.17233
3.94648
5.32139
3.62381
4.14532
6.02652
1.78682
2.13419
4.29911
1.00787
2.26018
3.24359
2.28625
2.67604
2.08276
2.28625
3.50507
5.33762
0.0604792
3.69982
0.163367
1.94365
3.71498
1.6255
2.25426
0.904572
2.06422
1.17233
3.94648
1
1.75302
2.00252
2.39315
3.22434
1.94662
6.25934
1.00787
2.26018
3.24359
2.28625
2.95434
1
1.75302
2.00252
2.39315
3.22434
3.67403
1
1.48335
3.69757
3.22781
3.5416
4.78039
6.21649
3.17922
3.62289
4.87104
3.38457
0.897158
4.25926
3.35654
1.57098
1
4.34622
2.41028
4.64249
0.712874
1.72114
1
1.87284
0.734897
3.64538
1.27124
2.13297
2.1919
2.28625
2.67604
2.08276
2.28625
3.50507
5.33762
0.0604792
2.22572
6.04346
2.81718
1.62589
1
6.37958
3.48308
4.34746
1.64299
3.76957
3.67637
1.43341
5.77105
0.174006
3.4986
3.25528
1
0.815276
2.61678
1
2.86701
2.79155
5.25424
1.75302
2.00252
2.39315
3.22434
3.14456
6.43115
0.640988
1.57959
5.10136
2.23999
3.75339
4.81928
3.17922
1.89899
1
1.8687
1.5941
1
5.23507
4.13927
6.49594
1.75302
2.00252
2.39315
3.22434
3.14456
3.39406
3.38457
0.897158
4.25926
3.35654
3.6072
0.136137
3.48102
4.48779
2.70865
0.154354
2.67828
1.20166
3.55943
2.3045
6.29384
7.46352
5.59096
6.08645
0.792415
3.02128
2.50769
2.48048
2.5025
4.33289
1.02729
3.37602
5.7736
0.607993
5.03924
0.231326
1.10791
3.17853
3.33623
4.43836
2.72195
7.51139
1.31942
1.45907
5.51905
0.219183
4.41531
0.0768089
0.290729
3.27632
5.6854
1.75302
2.00252
2.39315
3.22434
3.67403
6.58781
2.70234
2.35353
1
2.23673
1.35472
3.40258
1.71858
4.06697
1
4.19887
2.19787
4.03471
1.92727
4.35133
1
1.15022
2.47233
9.59619
2.53766
3.49985
6.84549
4.67499
6.10852
0.0519813
0.290729
2.62554
1
4.43
1.69317
1
7.06985
4.33173
1
4.83723
2.03873
4.43944
3.56183
2.07795
5.37592
2.46829
4.15355
5.51728
2.69277
2.93329
3.52874
2.35566
3.52519
5.73773
1.92089
3.40511
5.48163
1.83836
4.37178
1
1.75302
2.00252
2.39315
3.22434
3.23202
0.0994262
1.94365
2.99388
5.25733
1.92089
3.40511
5.48163
1.83836
4.24249
4.211
2.23673
1.35472
3.40258
1.71858
3.53702
0.159964
1.94365
2.99388
5.25733
1.92089
3.40511
5.48163
1.83836
1.08637
1
1.97804
1.55729
5.96236
4.07255
4.13245
6.74847
1.15022
3.48126
5.45255
1.92089
3.40511
1
1.75302
2.57743
6.19607
0.512232
2.96829
1
2.86701
4.65605
0.0829743
0.290729
3.2514
6.04791
0.815276
2.61678
1
2.86701
4.62719
1
1.15256
3.20367
7.3172
1.57296
3.24021
3.39406
1.09324
1.74494
1
6.23657
2.57106
7.53528
2.63837
3.68362
6.67666
0.815276
2.61678
1
2.86701
2.79155
5.25424
1.75302
2.00252
2.39315
3.22434
3.14456
6.43115
0.640988
1.57959
5.10136
2.23999
2.90614
0.161647
0.290729
2.62554
6.58775
2.08334
5.42347
1.20166
4.40242
3.50055
5.76343
0.640988
1.57959
5.33626
3.61645
3.69441
4.48727
5.97492
4.56478
1
2.43034
3.61132
1
1.75302
2.00252
2.39315
3.22434
4.23202
5.87774
0.154354
2.67828
1.20166
1.69554
3.07968
1
1.19174
1.98393
5.44562
2.10094
2.23661
4.25981
6.23657
3.83202
0.129129
0.290729
3.27632
2.11123
0.820209
3.421
4.67955
1.09324
1.74494
5.64864
3.94475
3.07866
2.26317
1.15256
3.44434
1
2.05442
2.65537
4.33343
0.792415
1.34826
2.33469
2.92239
3.9
0.161723
1.94365
2.99388
5.25733
1.92089
3.40511
1
1.75302
2.57743
6.19607
0.512232
2.96829
1
2.86701
4.62719
5.51728
1.21338
3.6715
6.71741
5.0229
1.34823
3.10648
6.96664
4.14218
1
1.75302
2.00252
2.39315
3.22434
3.23202
0.0994262
1.10791
3.46008
6.98245
3.75319
3.44746
5.90276
1.54196
4.14816
1
1.75302
2.00252
2.39315
3.22434
3.14456
6.09328
2.38062
1.10943
4.16993
1.6647
2.97111
8.86831
0.918947
2.89301
4.20219
2.8687
3.90371
0.214767
0.290729
2.62554
5.82951
3.75319
3.44746
5.90276
1.54196
4.05113
0.0545289
3.4986
1.51475
4.60471
2.40111
4.12031
5.65294
1.75302
4.54768
2.13654
3.55943
2.93853
2.54512
2.07018
3.59057
0.209012
3.48102
4.48779
6.98073
1.00064
1.72328
7.25026
3.28911
3.25334
0.26897
0.290729
2.62554
1
1.01624
1.85613
1.83175
0.154354
1.67319
4.11987
6.23657
2.13541
3.12562
1.64762
3.46837
6.87864
0.815276
2.61678
1
2.86701
2.79155
5.25424
1.75302
2.00252
2.39315
3.22434
3.14456
6.43115
0.640988
1.57959
5.10136
2.23999
2.90614
0.161647
0.290729
1.6333
3.88879
2.67375
0.970118
0.847915
1.43341
5.77105
0.174006
3.4986
3.421
5.95549
1.92089
2.99007
3.7282
1.7985
1.68291
3.40661
1.97804
3.33187
0.0994262
1.94365
2.99388
5.25733
1.92089
4.2391
3.75743
2.23673
1.35472
3.40258
1.71858
3.53702
0.159964
1.94365
2.99388
5.25733
1.92089
3.40511
1
1.75302
2.00252
2.39315
3.22434
3.23202
0.0994262
3.48102
1.84653
5.88694
1.7985
3.23816
4.05782
2.05442
2.10026
3.86538
2.24979
3.75693
6.59222
3.17922
1.89899
6.10079
2.10094
2.09509
2.01521
3.06272
3.67549
0.187899
1.10791
3.17853
3.33623
4.43836
1.56967
5.34855
3.94475
3.87363
6.75536
0.815276
2.61678
1
2.86701
2.79155
5.25424
1.75302
2.00252
2.39315
3.22434
3.14456
6.43115
0.640988
1.57959
5.10136
2.23999
3.3553
0.231326
1.94365
2.80036
4.019
3.03364
3.92693
4.25274
1.24089
2.60838
5.07032
1.75302
2.00252
2.39315
3.22434
3.14456
6.43115
0.640988
1.57959
5.10136
2.23999
3.3553
0.231326
1.94365
2.00298
4.87213
1.8687
1.5941
1
5.23507
4.13927
6.49594
1.75302
2.00252
2.39315
3.22434
3.14456
3.39406
3.38457
0.897158
4.25926
3.35654
3.90489
1.53632
4.07273
1.27391
4.53065
0.26075
2.78916
4.24334
2.14229
2.50666
1
0.64312
3.88972
1
2.52661
1.60805
2.11636
1.18649
2.03722
5.38992
2.45874
3.67812
3.10281
7.88172
3.81886
0.158738
0.290729
2.62554
5.9383
4.75983
3.37255
4.55127
4.97748
4.26222
4.28054
0.838634
0.162525
0.628177
0.601925
3.23104
8.33489
1.57296
3.24021
3.39406
1.09324
3.0541
4.71761
0.792415
1.34826
2.33469
2.92239
3.26774
7.07414
1.15022
3.48126
5.45255
2.02546
4.51023
2.87774
1.43341
2.83364
4.50744
3.60594
1.2004
6.4291
4.73938
3.8977
5.38841
0.838634
0.162525
0.628177
0.601925
3.00208
5.9301
2.98698
1.8655
7.45712
1.79264
3.56686
3.4225
1.15022
3.48126
6.41939
1.75302
2.00252
2.39315
3.22434
3.14456
6.43115
0.640988
1.57959
5.10136
2.23999
2.90614
0.161647
0.290729
2.62554
6.26417
1.11788
1.28401
4.10184
8.19914
2.29897
7.0665
5.72351
2.94271
5.69168
2.72268
2.26156
6.37473
2.41771
2.04085
6.41252
2.62038
2.44066
2.43029
4.07273
3.11496
1
1.75302
2.57743
4.66833
2.67254
2.95338
7.85105
1.74159
3.71627
1
1.75302
2.00252
6.61138
0.640988
1.57959
5.10136
2.23999
2.90614
0.161647
0.290729
2.41093
1.75624
5.22076
2.22588
1.23051
5.85827
1
7.47573
6.48292
4.37281
3.25634
6.44849
4.10071
4.9542
0.838634
0.162525
0.628177
0.601925
2.61568
5.01684
1.01624
1.85613
1.83175
0.154354
2.67828
3.00086
4.14148
1.70895
3.09453
1.87007
1.6122
4.59083
4.12435
3.29758
4.8988
1.65296
3.3158
2.43029
4.40364
0.717061
1.91136
2.29856
2.90466
1
1.15022
2.47233
5.48071
1.87431
2.36087
1.95719
1.55372
4.19539
1.73727
2.25426
0.904572
3.88361
1.14212
3.15043
0.125972
0.290729
3.2514
4.4998
0.154354
2.61586
4.90383
3.19601
1.3556
7.0731
0.26075
3.08733
1
4.14148
1.70895
3.09453
1.87007
3.61644
5.93717
0.792415
1.34826
2.33469
2.92239
1.88974
6.99608
0.536258
1.62779
1
0.219183
3.90274
6.33296
2.62812
1.16304
4.54492
1.21084
3.51516
5.6344
4.81082
2.03037
5.02606
4.03697
3.76172
0.189957
1.10791
1.80287
