172
8
8
5.3159
7.94837
5.81835
5.37752
3.33184
8.90087
9.48784
7.45943
7.45943
8
8.90087
4.92184
5.3159
7.94837
3.23716
2.9195
5.41523
9.02237
7.1472
7.78136
6.24159
4.37851
3.33184
8.90087
4.92184
5.3159
7.94837
9.30606
7.43463
6.45943
7.44294
5.38543
3.93074
6.51833
7.87652
5.60562
4.59096
6.9542
6.16323
6.75043
5.80735
5.47249
2.85042
6.60486
3.83094
11.0855
6.20945
7.8009
7.88874
4.92184
5.3159
6.94837
8.92481
8
6.45943
7.44294
7.70736
6.04439
4.22607
6.79442
4
7.90087
5.36146
5.60881
7.90087
6.20945
7.8009
6.88874
9.48784
7.45943
7.45943
8
7.90087
4.53825
5.90087
4.24207
5.48113
7.93664
5.91488
11.2016
6.20945
7.8009
6.88874
5.5383
7.79442
4.88613
8.09803
4.92184
5.3159
7.94837
5.81835
5.37752
3.33184
8.90087
4.92481
5.11746
6.39803
6.80735
5.74147
4.63227
6.27302
5.85175
5.60881
8.90087
7.48784
7.57743
6.44846
5.78136
5.44846
5.36923
7.85175
5.00225
8.13186
6.92481
6.73471
5.34577
5.23704
5.8679
7.87652
4.92184
5.3159
7.94837
5.65344
7.85175
7.70044
4.37851
6.51833
7.87652
4.94145
5.44846
5.93074
7.80735
6.76155
5.7211
5.47249
7.89482
7
5.81835
5.37752
3.33184
7.90087
5.24031
3.85466
7.09276
4.60486
6.48113
5.36923
8.03892
5.74147
4.63227
5.53605
5.60288
3.33184
8.90087
5.59991
7.74819
4.72048
5.98299
7.70044
5.9542
7.82018
7.76155
5.23266
6.3159
6.93074
3.83094
9.72796
5.75489
4.65105
5.187
5.39722
6.70736
6.22239
6.82655
5.92481
6.35168
6.63662
5.93074
4.63227
6.27302
1
7.94837
4.7825
7.80735
7.66534
7.59246
7.49185
8
7.45121
7.44294
9.13186
5.46597
7.60733
6.08037
7.48382
7.56224
6.18322
7.03892
7
5.66534
4.15131
5.10329
5.09276
4.04148
6.76155
7.92481
4.91488
11.2016
5.36146
4.76081
3.64386
4.36565
9.13186
5.56224
4.15131
6.10329
5.55459
5.67243
7.76155
5.23266
6.3159
6.3634
5.36146
4.76081
3.64386
6.48113
7.88264
7.43463
7.45121
8
5.96578
5.78136
4.73094
4.40939
9.13186
7.1472
6.1964
5.74147
5.63227
5.50779
7.94837
4.11013
5.09351
7.85175
4.94145
7.03342
5.96193
4.75489
5.51833
7.71425
4.73471
7
6.30378
6.58496
6.58496
4.23156
6.20457
6.16323
8.18982
7.73471
8
8.61471
4.11013
5.09351
5.52982
3.82745
8.60214
1
8.09803
4.92184
5.3159
6.3634
5.72403
7.9542
7.52356
7.57743
6.10329
7.58496
4.35435
3.33184
8.90087
5.84549
7.73471
7.56224
6
7.03342
6.54689
6.7879
4.67243
7.75489
4.53916
9.75411
6.00225
7.93664
7.98299
6
5.90087
6.16323
3.33184
7.3159
4.02554
6.7879
4.67243
4.58496
5.36923
7.85175
9.32418
6.43463
7.46761
7.43463
6.60486
3.83094
10.1786
5.56478
5.39722
7.70736
7.56224
5
7.99435
4.73471
6
9.48784
7.45943
7.45943
8
8.90087
4.92184
5.3159
7.94837
4.11013
5.90087
4.73877
7.13186
8.92184
7.43463
7.49985
7.43463
6.40939
5.56071
7.76818
2.92892
9.41309
4.97102
4.93074
5.39722
7.85175
5.73001
7.62205
7.76818
7.53916
6.99435
7.66534
7.87652
4.94145
5.44846
5.93074
7.99435
7.43463
7.45121
8
5.76818
7.08746
3.38143
11.2016
5.72403
5.36923
6.85175
8.1472
7.43463
7.49985
7.43463
5.58496
4.23156
1
6.16323
3.33184
8.90087
9.48784
6.45943
7.49985
8
7.74819
6.90087
5.59096
3.33184
7.90087
5.36146
4.76081
7.96578
7.43463
6.45943
6.44294
6.85175
6.7211
4.5025
5.16993
5.50779
3.56071
2.85042
7.18982
3.38143
13.661
7.91886
8
8
7.43463
7.43463
8
6.81378
7
5.81835
6.59991
8
5.60562
4.59096
5.9542
6.02975
6.93074
7.69349
5.26303
8.03342
7.9542
8
7.62205
8
5.34577
5.04439
8.13186
5.75489
5.65105
8.03342
6.59246
6
6.90087
6.27302
4.36565
9.13186
5.65344
6.26679
7.54689
5.56478
5.88264
7.61471
4.81307
5.17659
5.08037
5.50779
3.56071
7.89482
8
6.20945
7.8009
7.88874
4.92184
6.90087
5.34577
5.23704
6.18982
7.55459
5.90087
5.78136
7.67948
6.59991
8
4.92184
5.3159
7.94837
4.11013
5.90087
4.73877
9.13186
5.83289
6.7211
4.98299
6.08746
5.90087
4.73877
8.13186
5.60562
4.59096
1
6.85798
3.85466
6.50779
8.13186
6.20945
7.8009
7.88874
9.30606
7.43463
6.45943
7.44294
5.38543
3.93074
6.51833
7.87652
4.92184
5.3159
6.94837
8.92481
8
6.45943
7.44294
7.70736
6.04439
4.22607
6.79442
4
7.90087
6.71425
6.75489
3.83954
7.04439
5.56071
6.18322
8.13186
5.72403
5.36923
7.85175
5.07625
8.18982
7.59991
4.66838
10.7636
4.92527
4.80162
9.13186
4.7874
6.45396
6.59495
4.69349
5.54946
9.13186
4.96428
6.81378
7.78136
7.44294
7.49985
7.43463
6.67243
5.53138
4.80162
9.13186
6.08037
5.16189
8.03342
6.94837
6.92481
5.14975
6.10329
5.58496
4.13203
8.05528
7.78136
7.44294
7.43463
7.89482
5.98413
6.04439
4.22607
5.20945
5.8679
7.87652
5.72403
5.36923
6.85175
7.1472
6.1964
4.93411
6.16993
7.74147
6.70044
8
8.40088
5.45943
7.49985
7.43463
4.91289
5.21501
6.02237
7.27146
4.92527
4.80162
1
7.3159
5.56478
8.20457
7.46761
6.57743
6.3159
6.82018
7.47573
7.45121
6.39803
6.22239
4.83007
4.04731
4.77083
5.60881
7.90087
5.60562
4.59096
1
6.85798
3.85466
6.50779
9.13186
4.92527
4.80162
8.13186
5.60562
6.91289
5.60733
5.7879
7.79442
4.7851
10.661
5.81835
5.37752
3.33184
8.90087
4.94145
4.57399
7.93074
7.62205
7.53138
5.53138
6.48113
3.56071
2.85042
3.33184
8.90087
4.92184
5.3159
7.94837
4.92527
4.80162
1
8.90087
5.75489
4.65105
4.99435
5.76818
5.12338
5.10329
5.77083
4
8.90087
5.75489
7.65105
6.59246
8.03342
6.05166
6.75489
4
7.90087
5.72403
5.36923
6.85175
4.92481
5.11746
6.39803
6.80735
5.74147
4.63227
6.27302
5.85175
5.60881
8.90087
0.389186
8.18322
7.91886
8
5.94837
4.41278
5.9542
3.97323
4
6.09351
4.69455
4.86762
8.29462
6.92481
5.14975
5.51833
7.71425
4.73471
6.36923
3.97323
4
7.90087
5.72403
5.36923
6.85175
4.11013
5.90087
4.73877
8.13186
5.75489
4.65105
4.99435
5.76818
5.12338
5.10329
6.50779
9.13186
5.97728
5.25873
4.35755
6.10852
6.18322
7.13186
4.92184
5.3159
6.3634
5.72403
6.9542
7.61471
5.72247
6.64386
6.01495
7.18982
4.88264
8.18322
4.3339
10.1944
4.56929
6.39803
6.99435
6.11548
5.16993
5.84298
6.85175
4.92184
5.3159
7.94837
4.96428
4.35435
4.8679
5.38082
3.85466
6.50779
5.8679
7.87652
4.94145
4.57399
7.93074
7.62205
7.53138
5.53138
6.48113
3.56071
2.85042
3.33184
8.90087
5.75489
4.8437
4.90087
5.72792
6.34577
5.94251
6.85175
5.48543
5.30986
4.43741
4.57399
7.93074
3.38143
10.661
4.92527
4.80162
9.13186
5.83289
6.7211
4.98299
6.08746
5.90087
4.73877
9.13186
5.65344
6.26679
8.13186
5.60562
4.59096
5.9542
6.61471
7.85175
6.59246
4.58496
7.56224
5.47249
7.89482
8
4.56929
5.17564
6.14296
5.78136
6.08746
6.13614
5.8679
7.87652
6.20945
7.8009
7.88874
4.97102
5.34577
5.37255
5.64386
6.26679
6.75489
5.54946
7.54689
5.56478
8.20457
7.46761
6.57743
4.73094
5.50779
6.3634
4.92184
5.3159
7.94837
4.92527
4.80162
9.13186
4.7874
4.13203
5.73335
6.48113
5.56071
7.27146
4.92184
5.3159
6.94837
4.92481
5.11746
6.39803
6.80735
5.74147
4.63227
6.27302
5.85175
7.93074
3.38143
11.2016
4.91795
5.23522
4.11711
7.7879
6
5.90087
6.74819
8
4.92184
5.3159
6.3634
6.20945
4.47897
7.67948
5.37752
3.33184
7.90087
7.1472
7.60733
7.49985
5.99247
8
4.11013
5.90087
4.73877
9.13186
4.94145
5.44846
5.93074
7.99435
7.43463
7.45121
8
6.18322
8.13186
5.72403
5.36923
7.85175
6.20945
7.8009
7.88874
7.1472
6.1964
4.93411
6.16993
7.74147
6.70044
8
6.08037
5.16189
8.03342
6.3634
6.92184
7.49185
7.75489
7.45943
7.43463
7.89482
6.20945
7.8009
7.88874
5.72403
6.9542
7.61471
5.72247
6.64386
7.59991
8
4.36678
3.87887
7.04621
7.01123
4.58095
5.60881
7.93074
4.85175
7.93074
3.38143
11.2016
5.72403
5.36923
6.85175
5.2186
6.40939
5.14684
6.29921
5.13614
8
5.14568
9.99805
4.82528
7.92481
7.65105
2.85042
3.33184
7.90087
5.81835
5.37752
3.33184
7.90087
5.72403
7.9542
7.52356
7.57743
6.10329
7.58496
4.35435
3.33184
7.90087
5.72403
5.36923
6.85175
5.81835
5.37752
3.33184
8.90087
6.08037
5.16189
8.03342
7.94837
4.92527
4.80162
9.13186
5.83289
6.7211
4.98299
6.08746
5.90087
4.73877
9.13186
4.53092
6.74819
8
5.75489
4.8437
5.57894
7.60733
4.99247
8.33539
7.43463
7.43463
7.89482
4.94145
4.22607
4.98706
6.98299
7.7879
7.80735
7.44294
7.43463
8
7.85175
5.73001
7.62205
7.76818
7.53916
5.99435
6.1565
7.10329
5.09351
5.14684
7.85175
4.94145
5.44846
5.93074
7.99435
7.43463
7.45121
8
5.76818
7.08746
6.04439
13.5848
7.43463
5.37752
3.33184
8.90087
4.94145
4.57399
7.93074
7.62205
7.53138
5.53138
6.48113
3.56071
2.85042
3.33184
8.90087
5.84549
4.73471
5.14684
7.85175
9.32418
7.43463
8
8
7.85175
7.48784
7.57743
7.43463
7.60733
5.75489
5.65105
6.03342
5.21594
6.87036
6.18322
4.23156
5.61961
5.47573
4.73039
4.57399
6.93074
3.83094
9.72796
6.92481
5.14975
7.10329
4.90087
6
4.73295
4.9645
5.18982
5.41954
5.40939
5.84298
6.85175
4.11013
5.09351
7.85175
4.69032
6.76818
7.74147
5.11548
5.21501
6.20945
5.25873
5.35755
6.27302
5.26679
7.94837
5.2384
7.7211
5.05528
4.92481
8
5.72403
5.36923
6.85175
4.11013
5.90087
4.73877
8.13186
5.2186
6.40939
5.14684
7.74147
6.70044
8
5.72403
5.36923
7.85175
6.20945
7.8009
7.88874
6.08037
5.16189
8.03342
7.94837
5.81835
5.37752
3.33184
7.90087
5.24031
3.85466
7.09276
4.60486
6.48113
5.36923
8.03892
5.74147
4.63227
5.53605
5.60288
3.33184
8.90087
5.46597
7.60733
4.92527
4.80162
9.13186
5.73001
6.62205
6.52356
5.14975
8.10329
6.45943
6.7879
4.67243
4.58496
6.9542
6.70736
3.55943
3.16993
7.13186
4.92184
5.3159
7.94837
5.81835
5.37752
3.33184
8.90087
4.92481
5.11746
6.39803
6.80735
5.74147
4.63227
6.27302
5.85175
5.60881
8.90087
4.32418
5.94837
4.41278
5.9542
3.97323
4
8.90087
5.65344
4.39232
5.84298
7.85175
4.58095
7.93074
7.44294
5.9386
4.85244
5.50779
3.56071
7.89482
8
5.72403
5.36923
6.85175
5.81835
5.37752
3.33184
8.90087
7.46761
8
8
7.53138
5.78136
6.76818
4.35435
3.33184
7.90087
3.46206
6.20076
9.02237
9.32418
6.43463
7.46761
7.43463
7.18982
7.62936
7.50779
5.3159
7.94837
5.81835
5.37752
3.33184
8.90087
9.48784
7.45943
7.45943
8
8.90087
4.92184
5.3159
7.94837
3.23716
2.9195
5.41523
9.02237
7.1472
7.78136
6.24159
4.37851
3.33184
8.90087
4.92184
5.3159
7.94837
9.30606
7.43463
6.45943
7.44294
5.38543
3.93074
6.51833
7.87652
5.60562
4.59096
6.9542
6.16323
6.75043
5.80735
5.47249
2.85042
6.60486
3.83094
11.0855
6.20945
7.8009
7.88874
4.92184
5.3159
6.94837
8.92481
8
6.45943
7.44294
7.70736
6.04439
4.22607
6.79442
4
7.90087
5.36146
5.60881
7.90087
6.20945
7.8009
6.88874
9.48784
7.45943
7.45943
8
7.90087
4.53825
5.90087
4.24207
5.48113
7.93664
5.91488
11.2016
6.20945
7.8009
6.88874
5.5383
7.79442
4.88613
8.09803
4.92184
5.3159
7.94837
5.81835
5.37752
3.33184
8.90087
4.92481
5.11746
6.39803
6.80735
5.74147
4.63227
6.27302
5.85175
5.60881
8.90087
7.48784
7.57743
6.44846
5.78136
5.44846
5.36923
7.85175
5.00225
8.13186
6.92481
6.73471
5.34577
5.23704
5.8679
7.87652
4.92184
5.3159
7.94837
5.65344
7.85175
7.70044
4.37851
6.51833
7.87652
4.94145
5.44846
5.93074
7.80735
6.76155
5.7211
5.47249
7.89482
7
5.81835
5.37752
3.33184
7.90087
5.24031
3.85466
7.09276
4.60486
6.48113
5.36923
8.03892
5.74147
4.63227
5.53605
5.60288
3.33184
8.90087
5.59991
7.74819
4.72048
5.98299
7.70044
5.9542
7.82018
7.76155
5.23266
6.3159
6.93074
3.83094
9.72796
5.75489
4.65105
5.187
5.39722
6.70736
6.22239
6.82655
5.92481
6.35168
6.63662
5.93074
4.63227
6.27302
1
7.94837
4.7825
7.80735
7.66534
7.59246
7.49185
8
7.45121
7.44294
9.13186
5.46597
7.60733
6.08037
7.48382
7.56224
6.18322
7.03892
7
5.66534
4.15131
5.10329
5.09276
4.04148
6.76155
7.92481
4.91488
11.2016
5.36146
4.76081
3.64386
4.36565
9.13186
5.56224
4.15131
6.10329
5.55459
5.67243
7.76155
5.23266
6.3159
6.3634
5.36146
4.76081
3.64386
6.48113
7.88264
7.43463
7.45121
8
5.96578
5.78136
4.73094
4.40939
9.13186
7.1472
6.1964
5.74147
5.63227
5.50779
7.94837
4.11013
5.09351
7.85175
4.94145
7.03342
5.96193
4.75489
5.51833
7.71425
4.73471
7
6.30378
6.58496
6.58496
4.23156
6.20457
6.16323
8.18982
7.73471
8
8.61471
4.11013
5.09351
5.52982
3.82745
8.60214
1
8.09803
4.92184
5.3159
6.3634
5.72403
7.9542
7.52356
7.57743
6.10329
7.58496
4.35435
3.33184
8.90087
5.84549
7.73471
7.56224
6
7.03342
6.54689
6.7879
4.67243
7.75489
4.53916
9.75411
6.00225
7.93664
7.98299
6
5.90087
6.16323
3.33184
7.3159
4.02554
6.7879
4.67243
4.58496
5.36923
7.85175
9.32418
6.43463
7.46761
7.43463
6.60486
3.83094
10.1786
5.56478
5.39722
7.70736
7.56224
5
7.99435
4.73471
6
9.48784
7.45943
7.45943
8
8.90087
4.92184
5.3159
7.94837
4.11013
5.90087
4.73877
7.13186
8.92184
7.43463
7.49985
7.43463
6.40939
5.56071
7.76818
2.92892
9.41309
4.97102
4.93074
5.39722
7.85175
5.73001
7.62205
7.76818
7.53916
6.99435
7.66534
7.87652
4.94145
5.44846
5.93074
7.99435
7.43463
7.45121
8
5.76818
7.08746
3.38143
11.2016
5.72403
5.36923
6.85175
8.1472
7.43463
7.49985
7.43463
5.58496
4.23156
1
6.16323
3.33184
8.90087
9.48784
6.45943
7.49985
8
7.74819
6.90087
5.59096
3.33184
7.90087
5.36146
4.76081
7.96578
7.43463
6.45943
6.44294
6.85175
6.7211
4.5025
5.16993
5.50779
3.56071
2.85042
7.18982
3.38143
13.661
7.91886
8
8
7.43463
7.43463
8
6.81378
7
5.81835
6.59991
8
5.60562
4.59096
5.9542
6.02975
6.93074
7.69349
5.26303
8.03342
7.9542
8
7.62205
8
5.34577
5.04439
8.13186
5.75489
5.65105
8.03342
6.59246
6
6.90087
6.27302
4.36565
9.13186
5.65344
6.26679
7.54689
5.56478
5.88264
7.61471
4.81307
5.17659
5.08037
5.50779
3.56071
7.89482
8
6.20945
7.8009
7.88874
4.92184
6.90087
5.34577
5.23704
6.18982
7.55459
5.90087
5.78136
7.67948
6.59991
8
4.92184
5.3159
7.94837
4.11013
5.90087
4.73877
9.13186
5.83289
6.7211
4.98299
6.08746
5.90087
4.73877
8.13186
5.60562
4.59096
1
6.85798
3.85466
6.50779
8.13186
6.20945
7.8009
7.88874
9.30606
7.43463
6.45943
7.44294
5.38543
3.93074
6.51833
7.87652
4.92184
5.3159
6.94837
8.92481
8
6.45943
7.44294
7.70736
6.04439
4.22607
6.79442
4
7.90087
6.71425
6.75489
3.83954
7.04439
5.56071
6.18322
8.13186
5.72403
5.36923
7.85175
5.07625
8.18982
7.59991
4.66838
10.7636
4.92527
4.80162
9.13186
4.7874
6.45396
6.59495
4.69349
5.54946
9.13186
4.96428
6.81378
7.78136
7.44294
7.49985
7.43463
6.67243
5.53138
4.80162
9.13186
6.08037
5.16189
8.03342
6.94837
6.92481
5.14975
6.10329
5.58496
4.13203
8.05528
7.78136
7.44294
7.43463
7.89482
5.98413
6.04439
4.22607
5.20945
5.8679
7.87652
5.72403
5.36923
6.85175
7.1472
6.1964
4.93411
6.16993
7.74147
6.70044
8
8.40088
5.45943
7.49985
7.43463
4.91289
5.21501
6.02237
7.27146
4.92527
4.80162
1
7.3159
5.56478
8.20457
7.46761
6.57743
6.3159
6.82018
7.47573
7.45121
6.39803
6.22239
4.83007
4.04731
4.77083
5.60881
7.90087
5.60562
4.59096
1
6.85798
3.85466
6.50779
9.13186
4.92527
4.80162
8.13186
5.60562
6.91289
5.60733
5.7879
7.79442
4.7851
10.661
5.81835
5.37752
3.33184
8.90087
4.94145
4.57399
7.93074
7.62205
7.53138
5.53138
6.48113
3.56071
2.85042
3.33184
8.90087
4.92184
5.3159
7.94837
4.92527
4.80162
1
8.90087
5.75489
4.65105
4.99435
5.76818
5.12338
5.10329
5.77083
4
8.90087
5.75489
7.65105
6.59246
8.03342
6.05166
6.75489
4
7.90087
5.72403
5.36923
6.85175
4.92481
5.11746
6.39803
6.80735
5.74147
4.63227
6.27302
5.85175
5.60881
8.90087
0.389186
8.18322
7.91886
8
5.94837
4.41278
5.9542
3.97323
4
6.09351
4.69455
4.86762
8.29462
6.92481
5.14975
5.51833
7.71425
4.73471
6.36923
3.97323
4
7.90087
5.72403
5.36923
6.85175
4.11013
5.90087
4.73877
8.13186
5.75489
4.65105
4.99435
5.76818
5.12338
5.10329
6.50779
9.13186
5.97728
5.25873
4.35755
6.10852
6.18322
7.13186
4.92184
5.3159
6.3634
5.72403
6.9542
7.61471
5.72247
6.64386
6.01495
7.18982
4.88264
8.18322
4.3339
10.1944
4.56929
6.39803
6.99435
6.11548
5.16993
5.84298
6.85175
4.92184
5.3159
7.94837
4.96428
4.35435
4.8679
5.38082
3.85466
6.50779
5.8679
7.87652
4.94145
4.57399
7.93074
7.62205
7.53138
5.53138
6.48113
3.56071
2.85042
3.33184
8.90087
5.75489
4.8437
4.90087
5.72792
6.34577
5.94251
6.85175
5.48543
5.30986
4.43741
4.57399
7.93074
3.38143
10.661
4.92527
4.80162
9.13186
5.83289
6.7211
4.98299
6.08746
5.90087
4.73877
9.13186
5.65344
6.26679
8.13186
5.60562
4.59096
5.9542
6.61471
7.85175
6.59246
4.58496
7.56224
5.47249
7.89482
8
4.56929
5.17564
6.14296
5.78136
6.08746
6.13614
5.8679
7.87652
6.20945
7.8009
7.88874
4.97102
5.34577
5.37255
5.64386
6.26679
6.75489
5.54946
7.54689
5.56478
8.20457
7.46761
6.57743
4.73094
5.50779
6.3634
4.92184
5.3159
7.94837
4.92527
4.80162
9.13186
4.7874
4.13203
5.73335
6.48113
5.56071
7.27146
4.92184
5.3159
6.94837
4.92481
5.11746
6.39803
6.80735
5.74147
4.63227
6.27302
5.85175
7.93074
3.38143
11.2016
4.91795
5.23522
4.11711
7.7879
6
5.90087
6.74819
8
4.92184
5.3159
6.3634
6.20945
4.47897
7.67948
5.37752
3.33184
7.90087
7.1472
7.60733
7.49985
5.99247
8
4.11013
5.90087
4.73877
9.13186
4.94145
5.44846
5.93074
7.99435
7.43463
7.45121
8
6.18322
8.13186
5.72403
5.36923
7.85175
6.20945
7.8009
7.88874
7.1472
6.1964
4.93411
6.16993
7.74147
6.70044
8
6.08037
5.16189
8.03342
6.3634
6.92184
7.49185
7.75489
7.45943
7.43463
7.89482
6.20945
7.8009
7.88874
5.72403
6.9542
7.61471
5.72247
6.64386
7.59991
8
4.36678
3.87887
7.04621
7.01123
4.58095
5.60881
7.93074
4.85175
7.93074
3.38143
11.2016
5.72403
5.36923
6.85175
5.2186
6.40939
5.14684
6.29921
5.13614
8
5.14568
9.99805
4.82528
7.92481
7.65105
2.85042
3.33184
7.90087
5.81835
5.37752
3.33184
7.90087
5.72403
7.9542
7.52356
7.57743
6.10329
7.58496
4.35435
3.33184
7.90087
5.72403
5.36923
6.85175
5.81835
5.37752
3.33184
8.90087
6.08037
5.16189
8.03342
7.94837
4.92527
4.80162
9.13186
5.83289
6.7211
4.98299
6.08746
5.90087
4.73877
9.13186
4.53092
6.74819
8
5.75489
4.8437
5.57894
7.60733
4.99247
8.33539
7.43463
7.43463
7.89482
4.94145
4.22607
4.98706
6.98299
7.7879
7.80735
7.44294
7.43463
8
7.85175
5.73001
7.62205
7.76818
7.53916
5.99435
6.1565
7.10329
5.09351
5.14684
7.85175
4.94145
5.44846
5.93074
7.99435
7.43463
7.45121
8
5.76818
7.08746
6.04439
13.5848
7.43463
5.37752
3.33184
8.90087
4.94145
4.57399
7.93074
7.62205
7.53138
5.53138
6.48113
3.56071
2.85042
3.33184
8.90087
5.84549
4.73471
5.14684
7.85175
9.32418
7.43463
8
8
7.85175
7.48784
7.57743
7.43463
7.60733
5.75489
5.65105
6.03342
5.21594
6.87036
6.18322
4.23156
5.61961
5.47573
4.73039
4.57399
6.93074
3.83094
9.72796
6.92481
5.14975
7.10329
4.90087
6
4.73295
4.9645
5.18982
5.41954
5.40939
5.84298
6.85175
4.11013
5.09351
7.85175
4.69032
6.76818
7.74147
5.11548
5.21501
6.20945
5.25873
5.35755
6.27302
5.26679
7.94837
5.2384
7.7211
5.05528
4.92481
8
5.72403
5.36923
6.85175
4.11013
5.90087
4.73877
8.13186
5.2186
6.40939
5.14684
7.74147
6.70044
8
5.72403
5.36923
7.85175
6.20945
7.8009
7.88874
6.08037
5.16189
8.03342
7.94837
5.81835
5.37752
3.33184
7.90087
5.24031
3.85466
7.09276
4.60486
6.48113
5.36923
8.03892
5.74147
4.63227
5.53605
5.60288
3.33184
8.90087
5.46597
7.60733
4.92527
4.80162
9.13186
5.73001
6.62205
6.52356
5.14975
8.10329
6.45943
6.7879
4.67243
4.58496
6.9542
6.70736
3.55943
3.16993
7.13186
4.92184
5.3159
7.94837
5.81835
5.37752
3.33184
8.90087
4.92481
5.11746
6.39803
6.80735
5.74147
4.63227
6.27302
5.85175
5.60881
8.90087
4.32418
5.94837
4.41278
5.9542
3.97323
4
8.90087
5.65344
4.39232
5.84298
7.85175
4.58095
7.93074
7.44294
5.9386
4.85244
5.50779
3.56071
7.89482
8
5.72403
5.36923
6.85175
5.81835
5.37752
3.33184
8.90087
7.46761
8
8
7.53138
5.78136
6.76818
4.35435
3.33184
7.90087
3.46206
6.20076
9.02237
9.32418
6.43463
7.46761
7.43463
7.18982
6.62936
7.49185
5.36923
7.85175
5.36146
4.76081
5.64386
5.26679
7.94837
5.60562
4.74296
7.72792
6.1565
6.07325
7.90087
7.44294
6.52356
8
5.72403
6.9542
7.61471
5.72247
6.64386
6.59991
8
7.30606
7.56224
6.44294
7.45121
7.43463
5.82018
6.90087
5.32793
8
5.65344
6.58496
7.53138
5.25424
8
6.08037
5.16189
8.03342
5.3634
3.68828
8.90087
6.11548
5.26303
5.187
4.73094
4.99435
5.8679
7.87652
4.11013
5.90087
4.73877
9.13186
5.83289
6.7211
4.98299
6.08746
5.90087
4.73877
8.13186
4.92481
4.33985
5.0199
6.50779
8.13186
5.2186
6.40939
5.56071
6.18322
8.13186
4.92481
5.11746
6.39803
6.80735
5.74147
4.63227
6.27302
7.85175
4.53916
11.661
5.24031
3.85466
5.77083
4
7.90087
5.07195
6.05166
7.46761
6.78136
7.66534
5.02975
4.33985
5.8679
7.87652
5.81835
5.37752
3.33184
7.90087
7.1472
7.60733
7.58496
5.22882
4.43741
4.57399
5.60881
8.90087
4.92184
5.09351
7.8009
6.88874
5.07625
7.70044
7.49985
6.30986
5.72792
5.93074
5.36923
6.85175
4.92184
5.3159
7.94837
5.81835
5.37752
3.33184
6.09351
4.69455
4.86762
8.29462
4.92481
4.33985
4.28293
6.20945
5.78136
5.57894
6.22239
6.82655
5.11746
5.35755
6.27302
5.85175
6.93074
3.83094
10.7636
5.81835
5.37752
3.33184
7.3159
5.56478
6.61961
7.47573
5.43296
4.76081
5.96578
6.78136
6.10852
7.89482
3.56071
5.30986
4.43741
4.57399
5.60881
8.90087
5.43045
5.85175
7.93074
5.67243
8.03342
6.9542
6.70736
3.55943
6.33985
5.38247
5.09351
5.14684
7.85175
5.73001
6.62205
6.13614
5.89077
4.48113
7.9542
6.74819
5.14296
5.54946
8.13186
5.53138
7.94837
5.69032
4.62449
4.90087
4.63227
5.53605
7.78136
8.53916
8.49586
4.73094
4.99435
5.38247
5.09351
5.14684
7.85175
5.65344
6.85175
6.08746
3.64386
4.36565
9.13186
1.16149
7.64118
8.02237
4.91795
6.50779
7.62205
7.56224
5.35755
7.85798
7.43463
7.45121
7.50779
4.48113
7.9542
6.16323
7.18982
3.38143
10.661
6.30378
7.58496
8.03342
6.00749
6.04439
8
5.98413
6.04439
4.22607
5.20945
5.38247
5.09351
5.14684
6.85175
5.83289
6.7211
4.98299
6.08746
5.90087
3.97323
4
8.90087
4.92184
5.3159
7.94837
5.07625
8.18982
5.59991
7.85175
6.08037
5.16189
8.03342
7.94837
5.60562
4.59096
1
6.27302
6.26679
7.9542
7.43463
7.45121
7.44294
5.84298
6.85175
4.92527
4.80162
9.13186
4.94145
5.44846
5.93074
6.93074
4.24207
4.36565
8.13186
4.92481
4.33985
5.0199
6.50779
9.13186
6.08037
5.16189
8.03342
7.94837
5.2186
6.40939
5.56071
6.18322
9.13186
4.11013
5.90087
6.74819
7
4.97102
4.93074
4.88264
6.27302
7.85175
4.35755
7.78136
7.47573
7.45121
5.76553
5.85175
6.3634
5.72403
5.36923
7.85175
5.73001
6.62205
7.7211
5.40696
6.02237
4.79256
6.30986
5.57994
5.23522
6.59495
6.10852
6.81378
7
4.92527
4.80162
1
8.90087
4.96428
6.81378
7.78136
7.44294
7.49985
7.43463
6.67243
5.53138
4.80162
4
7.90087
5.36146
4.2303
5.98299
5.41278
7.93074
7.43463
7.45121
8
8.49586
4.73094
6.99435
4
8.90087
4.92184
5.3159
6.94837
5.73001
6.62205
6.7211
7.1472
7.60733
7.58496
5.22882
8.02237
7.53138
14.5848
8
5.36923
7.85175
5.36146
4.76081
5.64386
5.26679
6.94837
6.11746
7.81378
6.90087
5.53605
4.92481
7
5.43045
5.85175
7.94837
4.53825
6.3159
5.60881
8.90087
6.00225
7.88264
6.56986
4.23156
4.74514
5.23522
5.37255
5.38082
5.76155
7.45943
7.43463
7.89482
3.80062
5.8679
7.85175
7.47573
7.45121
6.78136
6.87036
7.47573
8
6
8.13443
7.70044
5.45121
10.3306
4.11013
5.09351
7.85175
9.46964
8
7.45943
8
6
5.13443
6.39803
5.32793
8
4.92184
5.3159
7.94837
5.56478
8.20457
7.46761
6.57743
5.90087
5.16323
5.66534
4.15131
5.10329
5.09276
4.04148
6.76155
6.92481
2.92892
10.3306
4.11013
5.90087
4.73877
7.13186
5.92184
2.85042
4.38247
5.34577
6.17991
8.90087
4.92184
5.3159
7.94837
5.83289
6.7211
4.98299
6.08746
5.90087
4.73877
9.13186
5.7879
5.45121
9.72796
5.11746
5.11548
5.43741
7.87652
7.46761
8
8
7.53138
5.78136
6.76818
7.81378
5.14568
9.83759
7.48784
7.62205
6.87036
7.78136
7.49985
7.49586
5.66534
5.187
6.20457
7.74819
7.63662
4.19377
10.3306
4.11013
5.09351
6.85175
7.1472
7.78136
6.24159
6.70044
8
4.92184
5.3159
7.94837
6.08037
7.48382
7.56224
6.18322
7.03892
7
5.66534
4.15131
5.10329
5.09276
4.04148
6.76155
7.92481
4.91488
10.661
6.30378
7.58496
8.03342
6.00749
6.04439
8
5.59991
4.94084
6.1565
7.10329
5.09351
5.14684
6.85175
4.11013
5.90087
4.73877
7.13186
5.92184
2.85042
4.38247
5.34577
6.17991
8.90087
4.92184
5.3159
6.3634
4.94145
5.44846
7.93074
5.67243
6.44846
8.10329
6.60733
7.89482
4.49541
9.75411
6.00225
1
0.584963
7.75489
7.45943
7.45943
8
8.90087
4.92184
5.3159
7.94837
5.81835
5.37752
3.33184
8.90087
4.94145
4.57399
7.93074
7.62205
7.53138
5.53138
6.48113
3.56071
2.85042
3.33184
8.90087
5.11746
4.37851
4.38247
7.93074
8.05528
5.78136
6.67243
7.57743
3.33184
7.90087
5.72403
5.36923
7.85175
6.20945
7.8009
6.30378
3.15142
5.76487
2.61759
8.09803
4.92184
5.3159
6.94837
4.92481
5.11746
6.39803
6.80735
5.74147
4.63227
6.27302
5.85175
5.60881
8.90087
5.7879
5.67948
9.13186
4.58095
5.93074
6.9542
6.70736
6.22239
4.83007
6.36923
6.47573
3.56071
2.85042
6.60486
3.83094
10.7636
5.81835
5.37752
3.33184
7.3159
5.56478
6.61961
7.47573
5.43296
4.76081
5.96578
6.78136
6.10852
7.89482
3.56071
5.30986
4.43741
4.57399
5.60881
8.90087
4.89239
6.56224
7.59991
5.52982
8.10329
7.45943
6.13614
5.38247
5.09351
5.14684
7.85175
6.08037
5.16189
8.03342
7.94837
6.32418
5.59991
5.58496
5.93074
4.63227
6.27302
4.36565
8.13186
5.72403
5.36923
7.85175
5.73001
6.62205
7.7211
5.40696
6.02237
4.79256
6.30986
5.57994
5.23522
6.59495
6.10852
6.81378
7
4.92527
4.80162
8.13186
5.2186
5.40939
5.35755
5.53605
6.78136
7.79442
7.76818
5.56071
7.27146
4.92184
5.3159
7.94837
4.92527
4.2854
6.20457
6.52356
7.87036
6.75043
6.22239
5.05528
5.60288
3.33184
8.90087
4.56929
5.76553
4.85175
5.60881
4.93074
6.20457
6.16323
6.60486
3.83094
10.7636
5.81835
6.59991
8
6.08037
5.16189
8.03342
6.94837
5.75489
4.8437
6.90087
7.56224
7.75489
6.70044
5.23266
6.90087
5.75489
5.93074
4.63227
6.27302
1
6.3634
5.36146
4.76081
7.96578
7.43463
7.49985
9.471
4.92184
6.90087
7.94251
5.76155
7.45943
7.45943
8
8.90087
4.92184
5.3159
7.94837
4.92527
4.80162
8.13186
6.32418
6.01495
1
0.584963
6.9542
6.70736
3.55943
3.16993
7.13186
4.92184
5.3159
6.3634
4.94145
5.44846
5.93074
7.99435
7.43463
7.45121
8
5.76818
7.08746
3.38143
10.4131
6.71425
6.16993
5.61471
5.97154
5.39803
4.12611
4.39232
4.35755
7.69349
4.80735
4.63333
5.84298
7.85175
5.07195
6.05166
7.57743
7.65821
5.54844
4.73094
4.40939
9.13186
6.08037
5.16189
8.03342
6.3634
5.36146
4.2303
5.98299
5.14975
5.10329
4.63333
5.84298
6.85175
5.60562
4.74296
5.72792
5.93074
6.9542
7.44294
7.45121
5.8679
7.87652
0.389186
2.62523
9.23601
8
4.8437
5.09351
5.9542
5.53605
6.92481
5.45121
2.65618
4.96743
0.790638
11.3851
5.56768
5.93074
6.90087
5.53605
4.92481
8
5.00225
9.13186
5.71425
5.13614
4.83007
5.9542
6.27302
5.04439
5.34577
7.82655
4.88264
10.7636
4.92527
4.80162
9.13186
5.43045
7.85175
6.59246
6
5.3159
6.10852
6.18322
8.13186
3.68828
8.90087
5.76553
5.85175
6.3634
4.92184
5.3159
6.94837
5.75489
7.65105
6.59246
8.03342
6.05166
6.75489
4
8.90087
9.48784
7.45943
7.45943
8
8.90087
4.92184
6.90087
4.24207
5.48113
4.93664
6.09452
3.88408
5.56071
5.76818
4
8.90087
5.46597
7.60733
5.60562
4.59096
5.14684
7.85175
9.48784
7.45943
7.45943
8
8.90087
4.92481
5.11746
6.39803
6.80735
5.74147
4.63227
6.27302
5.85175
6.93074
3.83094
9.50055
6.00225
7.93664
7.98299
6.04439
8
5.36146
7.93074
6.85175
6.9542
6.70736
3.55943
6.33985
5.35168
7.88874
4.92481
4.33985
5.0199
6.50779
8.13186
5.36146
5.34577
5.91289
5.97728
6.97154
4.73039
5.44846
5.93074
3.93074
6.51833
7.87652
4.92527
4.80162
8.13186
6.53138
6.43185
7.57743
5.60881
6.14296
5.78136
4.86507
5.7879
7.79442
7.76818
5.56071
6.6865
4.94145
4.22607
5.79442
5.35168
7.88874
4.92184
5.3159
7.94837
4.92527
4.80162
9.13186
5.83289
6.7211
4.98299
6.08746
5.90087
8.0607
6.49985
7.88435
1.58152
2.62523
7.23601
7.45943
4.76081
5.64386
5.60288
3.33184
8.90087
4.94145
4.57399
7.93074
7.62205
7.53138
5.53138
6.48113
3.56071
2.85042
3.33184
8.90087
5.84549
4.73471
5.14684
7.85175
7.48784
7.57743
7.43463
7.60733
5.75489
4.8437
4.90087
5.72792
6.34577
5.94251
6.85175
5.48543
5.30986
4.43741
4.57399
5.60881
8.90087
5.46597
6.60733
4.97102
6.34577
5.74147
4.63227
6.27302
5.25873
5.84298
6.85175
4.92527
4.80162
9.13186
6.71425
6.75489
5.76553
5.85175
6.94837
4.92481
4.33985
5.0199
6.50779
9.13186
4.11013
5.90087
4.73877
9.13186
5.43045
7.85175
6.59246
6
5.3159
6.10852
6.18322
8.13186
3.68828
8.90087
5.76553
5.85175
6.3634
4.92184
5.3159
6.3634
5.72403
6.9542
7.61471
5.72247
6.64386
6.01495
3.33184
7.90087
7.30606
7.56224
6.44294
7.45121
7.43463
5.82018
6.90087
5.59096
7.18982
4.88264
2.65618
4.96743
0.790638
11.2782
4.94145
4.57399
5.34577
6.04439
6.35168
5.53138
5.25873
5.84298
7.85175
5.32418
5.63227
4.8125
4.35755
6.10852
6.18322
9.13186
5.65344
7.58496
6.76818
6.49985
7.96
5.46597
7.60733
4.91795
7.09276
7.6865
6.45121
6.26679
9.13186
6.69349
7.45121
6.22882
6.79442
6.74819
3.82312
10.1786
5.56478
6.61961
7.47573
5.43296
4.76081
5.96578
6.78136
6.10852
7.89482
3.56071
5.30986
4.85244
5.77083
4
8.90087
4.92184
5.3159
7.94837
4.92527
4.80162
9.13186
4.11013
6.3159
7.82018
4.67243
4.75489
5.51833
7.71425
5.60881
7.79442
7.76818
5.56071
8.27146
5.79008
7.52356
7.5157
7.48382
5.02975
8.90087
5.91648
5.36457
7.74819
7.48382
5.47897
5.88264
5.02975
7.3159
9.4168
6.69349
6.6865
7.94837
8.81057
8
4.19878
10.5018
6.08037
5.16189
8.03342
7.94837
4.53092
6.74819
8
5.65344
4.39232
5.84298
6.85175
4.92481
4.33985
4.28293
6.20945
5.78136
5.57894
6.22239
6.82655
7.92481
3.56071
7.89482
8
5.72403
5.36923
7.85175
6.20945
7.8009
7.88874
5.36146
4.76081
6.38082
6.02237
7.55459
6.16323
8
5.14568
11.0855
5.72403
5.36923
6.85175
4.11013
5.09351
6.85175
5.60562
4.74296
5.72792
5.93074
4.63227
6.27302
5.25873
4.60486
5.67243
6.41504
7
5.97728
6.48113
5.14684
6.29921
7.7211
7.44294
6.49985
7.44294
6.85175
6.11746
6.22882
7.53138
7.55459
5.54844
4.73094
6.40939
3.56071
7.89482
8
5.91648
6.10154
7.48382
8
11.2016
5.36146
4.76081
3.64386
5.25873
4
7.90087
5.36146
4.2303
5.98299
5.41278
5.93074
3.55943
6.33985
5.12928
6.2854
5.37255
3.64386
5.25873
4
7.90087
5.72403
5.36923
6.85175
5.83289
6.7211
4.98299
6.08746
5.90087
3.97323
4
8.90087
4.89239
7.9542
6.1224
4.91289
7.78136
7.44294
7.43463
8
7.60733
4.73094
6.99435
4
8.90087
4.94145
4.57399
5.34577
6.04439
6.35168
5.53138
5.25873
5.84298
6.85175
4.11013
5.90087
4.73877
8.13186
4.89239
6.56224
7.59991
5.52982
8.10329
7.45943
6.7211
6.39803
7.80735
7.44294
7.43463
8
7.85175
5.84549
6.73471
6.43741
7.61471
5.65105
5.44846
5.36923
5.10852
4.90087
4.63227
6.27302
7.85175
4.53916
11.3391
4.11013
5.90087
6.74819
8
4.92184
5.3159
7.94837
5.81835
5.37752
3.33184
8.90087
4.92481
5.11746
6.39803
6.80735
5.74147
4.63227
6.27302
5.85175
5.60881
8.90087
6.08037
5.16189
8.03342
6.3634
4.94145
4.57399
4.2303
5.98299
7.70044
5.36923
6.10852
4.94084
6.1565
7.10329
5.09351
5.14684
7.85175
5.00225
9.13186
4.92527
4.80162
9.13186
5.83289
6.7211
4.98299
6.08746
5.90087
4.73877
9.13186
5.56224
6.26679
7.9542
7.43463
7.45121
7.44294
9.13186
4.92527
4.2854
6.20457
6.52356
7.87036
6.75043
6.22239
5.05528
5.60288
3.33184
8.90087
4.56929
5.76553
4.85175
5.60881
4.93074
6.20457
6.16323
3.33184
7.90087
4.53092
6.74819
7
5.84549
5.41278
5.78136
6.59991
8
5.72403
5.36923
7.85175
5.73001
6.62205
7.7211
8.92481
8
6.45943
7.44294
7.70736
6.04439
4.22607
6.79442
8.08746
3.83094
9.41309
4.97102
4.93074
6.20457
6.74819
7
5.97728
6.48113
5.14684
6.29921
7.7211
7.44294
6.49985
7.44294
7.85175
5.72403
5.36923
7.85175
6.20945
7.8009
6.88874
8.2384
6.46761
7.45121
7.50779
7.89482
3.56071
7.89482
5.14568
13.5006
6.08037
5.16189
8.03342
7.94837
4.32418
6.3634
4.33985
4.73039
5.44846
4.63227
6.27302
6.26679
5.75489
5.93074
4.63227
6.27302
1
6.3634
5.36146
4.76081
3.64386
6.48113
6.11548
3.94753
9.13186
4.97102
5.72247
5.84298
6.74819
5.14568
14.0855
7.91886
8
8
5.11548
5.43741
7.87652
6.08037
7.48382
7.43463
7.49985
8
8.01123
6.00225
5.35168
7.88874
4.92481
4.33985
4.73039
5.44846
5.93074
3.93074
6.51833
7.87652
5.56224
6.26679
7.9542
7.43463
7.45121
7.44294
9.13186
4.11013
5.90087
4.73877
9.13186
4.53825
6.3159
5.60881
7.93074
7.44294
7.43463
8
6.85175
4.53092
6.74819
8
5.2186
5.40939
7.16491
5.38543
3.93074
8.10329
7.45943
7.45121
7.50779
4.48113
5.9542
4.73877
8.13186
5.2186
4.99435
5.0199
5.2854
5.17564
7.72792
4.15131
6.10329
7.99435
7.47573
7.45121
5.56071
6.18322
8.13186
5.11746
5.11548
5.43741
7.87652
4.11013
5.90087
4.73877
9.13186
7.48784
7.57743
6.64386
6.06609
6.39803
7.80735
7.44294
7.43463
8
7.85175
5.72403
5.36923
7.85175
6.20945
7.8009
7.88874
5.89077
4.48113
5.36923
6.85175
8.1472
7.53916
7.48382
6.40088
4.14616
13.5006
6.08037
5.16189
8.03342
6.3634
5.36146
5.60881
7.90087
4.92527
4.80162
9.13186
4.7874
6.45396
6.59495
4.69349
5.54946
9.13186
6.08037
5.16189
8.03342
7.94837
5.65344
7.85175
7.70044
8
7.45121
7.44294
8.13186
5.72403
5.36923
7.85175
5.73001
6.62205
7.7211
9.30606
7.43463
6.45943
7.44294
5.38543
3.93074
6.51833
7.87652
4.92184
5.3159
6.94837
8.92481
8
6.45943
7.44294
7.70736
6.04439
4.22607
6.79442
7.08746
3.38143
11.2016
5.36146
4.76081
5.64386
4.92481
8
5.65344
7.85175
5.66107
4.2303
6.94837
6.92481
4.41278
6.9542
7.61471
5.23704
5.8679
7.87652
6.08037
5.16189
8.03342
6.3634
6.20945
7.8009
7.88874
4.97102
5.34577
5.37255
5.64386
6.26679
6.75489
5.54946
7.54689
5.56478
8.20457
7.46761
6.57743
4.73094
5.50779
7.94837
4.56929
5.17564
6.14296
5.78136
6.08746
7.7211
3.56071
7.89482
8
5.11746
5.11548
5.43741
7.87652
4.92527
4.80162
9.13186
5.83289
6.7211
4.98299
6.08746
5.90087
4.73877
8.13186
5.11746
6.11548
7.65105
7.61471
7.45943
7.45121
7.44294
8.13186
5.60562
4.74296
6.14296
5.71425
5.43296
5.0199
6.78136
7.66534
7.87652
4.53092
6.74819
7
5.84549
5.41278
5.78136
6.59991
8
6.20945
7.8009
7.88874
7.1472
7.60733
7.58496
5.22882
5.43741
7.87652
5.75489
4.65105
4.99435
5.76818
4.9645
4.60486
5.67243
8
5.14568
9.41309
4.97102
4.93074
6.20457
6.74819
7
5.97728
6.48113
5.14684
6.29921
7.7211
7.44294
6.49985
7.44294
6.85175
4.92527
4.80162
9.13186
4.58095
6.34577
7.94251
7.43463
7.45943
8
3.64386
5.25873
6.08746
5.34577
6.17991
7.90087
5.72403
5.36923
7.85175
7.21432
6.66534
5.43962
5.90087
3.33184
8.90087
7.46761
7.43463
8
4.79256
6.30986
5.84298
6.16323
7.18982
6.04439
11.2629
7.49985
7.69349
7.55459
6.0607
6.39803
6.22239
6.41504
6
4.58095
5.60881
6.8009
6.3159
7.10329
6.90087
5.14568
11.0855
5.07195
6.05166
7.57743
5.14975
5.10329
6.79442
4.92481
8
5.72403
5.36923
7.85175
5.56478
8.20457
7.46761
6.57743
5.90087
5.16323
5.66534
4.15131
5.10329
5.09276
4.04148
6.76155
3.16993
7.13186
4.92184
5.3159
7.94837
4.92527
4.80162
8.13186
7.30606
7.56224
6.44294
7.45121
7.43463
5.82018
4.73094
4.40939
9.13186
4.11013
6.3159
7.82018
4.67243
4.75489
5.51833
7.71425
5.60881
7.79442
7.76818
5.56071
7.27146
4.92184
5.3159
7.94837
4.03342
6.47573
4.3505
6.13614
6.18982
6.55459
6.09276
2.92892
10.3306
4.92184
6.90087
4.76081
3.64386
6.06609
6.39803
4.40939
8.13186
6.20945
7.8009
6.88874
6.32418
4.3505
5.7211
7.16491
5.38543
7.93074
4.53916
8.90611
0.389186
2.62523
9.23601
7.44294
7.67243
5.93074
4.35755
5.69349
7.89482
8
6.20945
7.8009
7.88874
4.7825
7.80735
7.66534
7.59246
8
6.00749
5.84298
6.74819
8
5.07195
6.05166
7.46761
6.78136
7.66534
5.02975
5.60288
8.13186
5.36146
4.76081
5.64386
5.60288
3.33184
7.90087
7.1472
7.60733
7.58496
5.22882
4.43741
4.57399
5.60881
8.90087
5.73001
6.62205
8.03342
6.8009
6.3159
7.94837
6.08037
5.16189
7.03342
7.80735
5.18322
5.8679
7.87652
5.72403
7.9542
7.52356
7.57743
6.10329
6.58496
4.76081
7.80735
7.76818
5.56071
6.6865
4.94145
4.57399
5.60881
5.60881
7.79442
7.49185
7.5157
7.93664
5.91488
11.2016
5.36146
4.76081
5.64386
5.60288
3.33184
8.90087
4.94145
4.57399
7.93074
7.62205
7.53138
5.53138
6.48113
3.56071
2.85042
3.33184
7.90087
4.53092
6.16323
3.33184
8.90087
7.48784
7.57743
7.03342
4.76081
5.38082
3.85466
4.63333
5.84298
7.85175
6.08037
5.16189
8.03342
6.94837
6.11746
7.81378
7.03342
6.22239
5.3159
7.94837
5.56224
6.26679
5.63227
6.09276
1
7.87652
5.43045
6.85175
4.63227
5.53605
6.78136
5.47249
7.89482
8
9.32418
6.43463
7.46761
8
4.42321
5.74819
7.66534
7.87652
5.36146
4.76081
3.64386
4.36565
9.13186
5.83289
6.7211
4.98299
6.08746
5.90087
5.73877
2.92892
13.5006
6.08037
5.16189
8.03342
6.3634
5.36146
5.60881
7.90087
4.92527
4.80162
8.13186
5.75489
4.65105
4.99435
5.76818
5.12338
5.10329
6.50779
7.13186
4.92184
5.3159
7.94837
5.07625
8.18982
5.59991
7.85175
6.08037
5.16189
8.03342
7.94837
5.65344
6.26679
9.13186
4.96428
4.35435
4.8679
5.38082
3.85466
5.50779
3.56071
7.89482
8
4.94145
4.57399
7.93074
7.62205
7.53138
5.53138
6.48113
3.56071
2.85042
3.33184
8.90087
5.11746
4.37851
4.38247
7.93074
8.05528
5.78136
6.67243
7.57743
3.33184
7.90087
5.72403
5.36923
7.85175
6.20945
7.8009
7.88874
8.92481
8
6.45943
7.44294
7.70736
6.04439
4.22607
6.79442
8.08746
3.83094
9.50055
5.00225
9.13186
5.81835
5.37752
3.33184
7.90087
5.24031
3.85466
7.09276
4.60486
6.48113
5.36923
8.03892
5.74147
4.63227
5.53605
5.60288
3.33184
7.90087
5.60562
4.59096
7.9542
7.47573
4.58496
6.9542
6.70736
6.22239
4.83007
6.36923
7.0607
5.93664
6.3159
7.93074
3.38143
11.3391
4.11013
5.90087
4.73877
9.13186
5.73001
6.62205
6.52356
5.14975
8.10329
6.45943
6.7879
4.86507
5.46597
5.74147
6.9542
6.70736
3.55943
3.16993
7.13186
4.92184
5.3159
7.94837
3.87887
7.04621
7.01123
4.58095
5.60881
7.93074
4.85175
5.60881
8.90087
4.97102
4.93074
5.39722
7.85175
4.94145
5.44846
5.93074
7.99435
7.43463
7.45121
8
6.18322
8.13186
5.36146
5.60881
8.90087
4.11013
5.09351
6.85175
7.1472
6.1964
4.93411
6.16993
7.74147
6.70044
6
7.48784
7.57743
7.43463
7.60733
4.94145
4.57399
4.2303
5.98299
7.73471
4.24207
6.48113
6.70044
5.23266
7.90087
5.87447
2.65618
4.96743
0.790638
11.2782
4.94145
4.57399
5.34577
6.04439
6.35168
5.53138
8.06609
4.91488
10.4131
6.92481
5.14975
7.10329
4.90087
8
6.20945
7.8009
7.88874
4.89239
7.9542
7.70736
7.43463
7.43463
8
5.86295
7.59246
6.04439
7
5.97728
6.48113
5.14684
6.29921
7.7211
7.44294
6.49985
7.44294
7.85175
6.00225
7.88264
7.80735
5.46597
6.1565
5.10329
5.79442
5.26679
6.3634
4.92184
5.3159
7.94837
6.08037
5.16189
8.03342
5.14568
9.72796
5.11746
5.11548
5.43741
6.87652
9.32418
6.52356
6.6865
4.85244
6.09276
2.92892
8.03023
0.389186
2.62523
9.23601
7.44294
4.80162
9.13186
5.56224
5.04439
6.93074
7.5157
7.74819
5.78136
5.86295
7.59246
8
7.45121
7.44294
8.13186
4.92481
4.33985
5.0199
6.50779
7.13186
4.92184
6.90087
5.34577
5.23704
6.18982
7.55459
5.90087
5.78136
6.09452
6.97154
5.8679
7.87652
5.36146
4.76081
3.64386
5.25873
4
7.3159
5.83289
6.7211
4.98299
6.08746
5.90087
3.97323
4
7.90087
5.36146
5.60881
8.90087
7.48784
7.57743
7.43463
7.60733
5.60562
4.74296
7.72792
6.1565
6.07325
7.90087
7.44294
7.59246
2.92892
11.0855
5.36146
4.2303
5.98299
5.41278
5.93074
3.55943
6.33985
6.35168
6.63662
5.93074
4.63227
6.27302
1
6.94837
5.11746
5.11548
8.02237
7.43463
5.16189
8.03342
7.94837
5.65344
6.85175
6.64386
7.60733
6.08037
5.16189
8.03342
7.94837
5.65344
7.85175
5.66107
3.93074
6.51833
7.87652
4.11013
5.90087
4.73877
8.13186
5.11746
5.11548
5.43741
7.87652
4.92481
5.11746
6.39803
6.80735
5.74147
4.63227
6.27302
7.85175
5.87447
2.65618
7.77479
2.42548
9.75411
6.32418
6.01495
7.90087
6.44294
5.16189
8.03342
6.3634
6.20945
7.8009
7.88874
7.1472
7.60733
7.58496
5.22882
5.43741
7.87652
4.92184
5.3159
6.94837
8.92481
8
6.45943
7.44294
7.70736
6.04439
4.22607
6.79442
4
7.90087
4.53092
6.74819
8
5.36146
5.60881
8.90087
4.11013
5.90087
6.74819
8
4.92184
5.3159
7.94837
5.81835
5.37752
3.33184
8.90087
9.48784
7.45943
7.45943
8
7.90087
5.60562
4.74296
7.72792
6.57743
4.73094
4.77083
6.93074
3.83094
9.41309
5.84549
5.41278
5.78136
6.59991
8
5.72403
5.36923
6.26679
1.16149
8.07414
5.56071
7.64118
9.02237
5.43045
5.85175
6.3634
5.59991
5.42626
6.92481
7.62205
7.55459
6.16323
4.8679
5.96578
5.78136
4.73094
4.99435
5.38247
5.09351
5.14684
7.85175
9.48784
7.45943
7.45943
8
8.90087
4.92184
5.3159
7.94837
6.11042
5.89482
5.47573
2.88378
5.41523
6.70044
5.2186
6.99435
8.08746
7.73471
3.33184
7.90087
5.72403
5.36923
7.85175
5.36146
4.2303
4.66107
6.92481
6.43463
7.46761
8
6.49985
14.5848
7.43463
4.25802
4.73877
8.13186
7.46964
7.57743
4.29593
7.59991
6.43463
6.45943
7.44294
5.10852
6.90087
7.47573
7.45121
7.56986
4.64386
5.9542
6.27302
5.85175
6.93074
3.83094
9.72796
5.11746
5.11548
5.21501
6.20945
7.06609
7.67243
7.57743
7.44294
7.60733
4.92184
5.3159
7.94837
4.92527
4.80162
9.13186
5.84549
6.73471
6.75043
6.80735
6.74147
7.80735
7.76818
5.56071
8.27146
5.36146
4.2303
4.66107
6.92481
6.43463
7.46761
7.43463
6.78136
4.80162
7.13186
4.92184
5.3159
6.94837
4.89239
7.9542
6.1224
4.91289
5.78136
5.86295
7.59246
8
7.45121
7.44294
9.13186
9.48784
6.45943
7.49985
8
7.74819
4.73094
6.99435
2.92892
9.76359
5.98413
6.04439
5.03342
6.6865
7.94837
6.08037
5.16189
8.03342
6.3634
5.36146
4.76081
3.64386
4.36565
8.13186
5.36146
5.60881
8.90087
4.11013
5.90087
4.73877
8.13186
0.389186
2.62523
8.23601
7.43463
7.94837
4.8437
6.90087
7.63662
7.46761
5.76818
5.13443
6.39803
7.80735
7.44294
7.43463
8
7.85175
7.48784
7.57743
7.43463
7.60733
5.36146
4.2303
5.98299
5.14975
5.10329
4.63333
7.16491
7.44294
7.45121
3.56071
5.30986
4.85244
8.09276
6.43463
2.65618
7.77479
2.42548
8.90611
0.389186
2.62523
9.23601
8
7.85175
6.70044
5.23266
5.97154
7.9542
4.35435
3.33184
8.90087
4.92184
5.3159
7.94837
4.11013
5.09351
6.85175
7.1472
7.60733
7.58496
5.22882
5.43741
7.87652
6.08037
5.16189
8.03342
7.94837
5.24031
3.85466
5.77083
4
8.90087
4.11013
5.90087
4.73877
8.13186
4.7825
7.80735
7.66534
7.59246
7.49185
8
7.45121
7.44294
9.13186
5.84549
5.41278
5.78136
6.59991
8
6.11746
7.81378
7.03342
6.22239
5.3159
6.3634
4.94145
5.44846
5.93074
7.80735
6.76155
6.7211
7.66534
7.87652
6.08037
7.48382
7.56224
6.18322
7.03892
7
5.66534
4.15131
5.10329
5.09276
4.04148
6.76155
3.16993
8.13186
4.92481
4.33985
5.0199
6.50779
8.13186
7.53138
6.54689
5.46597
5.73335
5.25873
5.8679
7.87652
4.94145
5.44846
5.93074
7.99435
7.43463
7.45121
8
5.76818
8.08746
3.83094
9.99805
5.24031
3.85466
7.09276
4.60486
6.48113
5.36923
8.03892
5.74147
4.63227
5.53605
4.92481
8
5.00225
9.13186
5.73001
6.62205
7.7211
4.83289
7.75489
7.47573
7.60733
5.60562
4.59096
5.14684
6.85175
4.11013
5.09351
7.85175
6.20945
6.8009
6.90087
6.54689
7.7211
3.56071
7.89482
8
7.46761
7.45121
7.43463
6.10852
7.74819
5.09351
4.2303
6.3634
4.92184
5.3159
5.3634
6.29972
6.53916
5.2854
6.39803
6.99435
8.08746
7.73471
3.33184
8.90087
5.46597
7.60733
5.60562
4.59096
5.14684
6.85175
4.11013
5.90087
4.73877
9.13186
4.82528
6.33985
7.63662
7.46761
5.57894
5.80735
7.79442
7.76818
5.56071
8.27146
7.48784
7.57743
7.43463
7.60733
4.69032
6.76818
7.74147
5.11548
5.21501
6.20945
5.25873
5.35755
6.27302
7.85175
5.87447
2.65618
4.96743
0.790638
11.0855
5.07195
6.05166
7.57743
7.65821
5.54844
4.73094
7.99435
4.91488
8.90611
0.389186
2.62523
7.23601
7.45943
4.76081
5.64386
5.26679
7.94837
5.24031
3.85466
7.09276
4.60486
6.48113
5.36923
8.03892
5.74147
4.63227
5.53605
4.92481
8
5.36146
5.60881
8.90087
4.11013
5.09351
7.85175
5.2384
7.7211
5.05528
4.92481
8
5.72403
5.36923
6.85175
5.81835
5.37752
3.33184
8.90087
4.92481
5.11746
6.39803
6.80735
5.74147
4.63227
6.27302
5.85175
5.60881
7.90087
5.72403
5.36923
6.85175
5.81835
5.37752
3.33184
8.90087
6.08037
5.16189
8.03342
6.94837
5.43045
5.85175
7.94837
5.60562
4.59096
5.9542
6.02975
6.93074
7.69349
5.26303
8.03342
6.3634
5.36146
4.76081
5.96578
5.78136
7.76818
7.57743
5.53138
6.97154
5.8679
7.87652
6.20945
7.8009
7.88874
4.92527
4.2854
6.20457
6.52356
7.87036
6.75043
6.22239
5.05528
4.92481
7
6.33985
3.92161
11.2016
5.36146
4.76081
3.64386
6.48113
7.9542
4.35435
3.33184
7.90087
5.60562
4.59096
7.9542
7.47573
6.7879
7.66534
6.20945
6.1964
5.74147
5.36923
5.69349
7.89482
8
4.11013
5.09351
6.85175
7.1472
7.60733
7.58496
5.22882
5.43741
7.87652
6.29972
7.53916
7.45943
7.45121
8
5.14568
13.5006
6.08037
5.16189
8.03342
7.94837
4.53092
6.74819
8
4.94145
4.57399
4.2303
5.98299
7.70044
5.36923
5.10852
5.3159
7.94837
5.00225
7.54689
5.56478
8.20457
7.46761
6.57743
5.90087
5.16323
5.66534
4.15131
5.10329
5.09276
4.04148
6.76155
6.92481
2.92892
11.0855
5.72403
5.36923
6.85175
4.11013
5.90087
6.74819
8
5.2186
4.29391
5.12928
5.54844
5.74147
4.63227
6.27302
6.85175
5.14568
13.5006
6.08037
5.16189
8.03342
6.94837
5.11746
6.70044
5.66534
6.26679
6.9542
6.70736
3.55943
6.33985
6.35168
6.63662
5.93074
4.63227
6.27302
1
6.94837
8.43045
7.45121
5.86625
10.0711
5.81835
6.59991
8
5.65344
4.26679
8.18982
7.45943
7.45943
5.86625
2.65618
4.96743
0.790638
9.50055
9.32418
6.43463
7.46761
8
6.29768
7.90087
7.53916
12.2629
7.46761
6.16993
5.61471
5.97154
5.39803
4.12611
4.39232
4.35755
7.69349
4.80735
4.63333
5.84298
7.85175
5.65344
7.85175
6.70044
5.23266
4.80162
9.13186
5.84549
7.73471
7.56224
6
6.03342
7.94837
4.92527
4.80162
1
7.90087
4.92527
6.87036
6.18322
4.13203
5.73335
6.06609
6.39803
6.22239
4.83007
4.04731
4.77083
5.60881
8.90087
4.92184
5.3159
6.94837
5.73001
6.62205
6.7211
5.24031
3.85466
7.09276
6.11548
7.75489
6.49985
7.52356
4.49541
8.90611
0.389186
2.62523
7.23601
7.45943
5.60881
8.90087
5.59991
6.74819
8.53916
8
7.45121
7.43463
7.80735
6.71425
7.88874
5.60562
4.74296
7.72792
4.93411
4.33985
5.0199
6.50779
5.8679
7.87652
5.81835
6.59991
8
6.08037
5.16189
8.03342
7.94837
4.83289
7.75489
7.75489
4.35435
3.33184
7.90087
5.72403
5.36923
6.85175
5.81835
5.37752
3.33184
8.90087
4.92481
5.11746
6.39803
6.80735
5.74147
4.63227
6.27302
5.85175
5.60881
7.3159
5.83289
6.7211
4.98299
6.08746
5.90087
6.47573
3.56071
2.85042
3.33184
7.90087
5.60562
4.59096
5.14684
6.85175
5.81835
6.59991
8
6.08037
5.16189
8.03342
7.94837
4.02554
7.7879
6.76818
4.35435
3.33184
7.90087
5.72403
5.36923
6.85175
5.81835
5.37752
3.33184
8.90087
5.73001
6.62205
6.52356
5.14975
8.10329
6.45943
6.7879
4.86507
5.46597
5.74147
4.63227
6.27302
5.85175
5.60881
8.90087
5.00225
9.13186
4.92527
6.97154
6.60486
7.59991
6.04439
8
6.33985
5.65821
6.38658
7.59246
7.45121
5.14568
9.72796
6.92481
5.14975
7.10329
4.90087
7
8.43045
7.45121
5.86625
12.0711
4.97102
7.04439
7.70044
7.70044
7.75489
4.35435
3.33184
8.90087
6.08037
5.16189
8.03342
6.3634
6.20945
7.8009
7.88874
7.1472
7.78136
6.24159
6.70044
8
4.92184
5.3159
7.94837
9.30606
6.43463
7.49985
8
7.58496
5.53138
4.80162
4
7.3159
5.56478
8.20457
7.46761
6.57743
4.73094
4.77083
5.60881
8.90087
6.08037
5.16189
8.03342
6.94837
5.43045
5.85175
7.94837
4.56929
5.17564
6.14296
5.78136
6.08746
5.7211
5.84298
7.85175
5.84549
4.73471
5.14684
6.85175
4.92527
4.80162
1
8.90087
4.7874
6.45396
6.59495
4.69349
4.67499
8.08746
8
9.61471
5.81835
5.37752
3.33184
7.90087
4.92527
4.2854
6.20457
6.52356
7.87036
6.75043
6.22239
5.05528
5.60288
3.33184
8.90087
4.56929
5.76553
4.85175
5.60881
4.93074
6.20457
6.16323
3.33184
7.90087
8.1472
8.19476
3.75147
8.01681
8
8
8
2.65618
4.96743
0.790638
11.0855
5.07195
6.05166
7.57743
7.65821
5.54844
4.73094
7.99435
4.91488
11.2016
6.20945
7.8009
6.88874
9.48784
6.45943
7.49985
8
7.74819
6.90087
5.32793
8
5.59991
7.74819
5.09351
4.2303
7.94837
6.08037
5.16189
8.03342
7.94837
5.65344
6.85175
6.64386
7.60733
6.08037
5.16189
8.03342
6.94837
5.43045
7.85175
6.59246
4.58496
7.56224
7.66534
7.87652
5.36146
4.76081
6.38082
6.02237
7.55459
5.42626
5.92481
4.35755
5.69349
7.89482
8
5.36146
4.76081
3.64386
4.36565
9.13186
5.83289
6.7211
4.98299
6.08746
5.90087
4.73877
8.13186
5.07195
6.05166
7.57743
5.14975
6.10329
4.99435
5.76818
5.93074
4.63227
6.27302
5.48113
5.35168
6.88874
4.96428
6.81378
7.65105
6.74819
8.53916
8.49586
4.73094
5.40939
4.35755
5.69349
7.89482
7
4.92527
5.06301
7.69349
7.65105
5.10329
4.50779
5.14684
5.93074
4.63227
6.27302
1
7.94837
5.81835
5.37752
3.33184
7.90087
7.1472
6.1964
4.93411
6.16993
7.74147
4.37851
3.33184
8.90087
4.92184
5.3159
7.94837
5.60562
4.74296
6.14296
6.29921
6.7211
5.61961
6.0607
6.39803
7.80735
7.44294
7.43463
8
6.85175
5.60562
4.59096
5.14684
6.85175
4.92527
4.80162
9.13186
6.08037
7.48382
7.56224
6.18322
7.03892
6.41504
6.41504
5.46597
7.60733
4.92527
4.80162
7.54689
5.56478
8.20457
7.46761
6.57743
5.90087
5.16323
5.66534
4.15131
5.10329
5.09276
4.04148
6.76155
3.16993
8.13186
4.92481
4.33985
5.0199
6.50779
9.13186
4.83289
4.75489
6.51833
7.87652
4.97102
4.47131
7.10329
4.58095
7.93074
7.44294
5.9386
4.85244
1
9.13186
4.92527
4.80162
8.13186
6.53138
6.43185
7.57743
5.60881
6.14296
5.78136
4.86507
5.7879
7.79442
7.76818
7.88264
4.7851
11.661
5.97728
6.48113
5.14684
6.29921
7.7211
7.44294
6.49985
7.44294
6.85175
5.56224
6.26679
5.36923
1
7.61471
7.45943
6.45943
6.44294
7.85175
6.08037
5.16189
8.03342
6.3634
4.94145
4.57399
4.2303
5.98299
7.70044
5.36923
5.10852
4.44144
6.51833
6.87652
5.00225
9.13186
4.92527
4.80162
8.13186
5.75489
5.65105
8.03342
6.59246
6
6.90087
6.27302
4.36565
9.13186
9.48784
7.45943
7.45943
8
8.90087
4.56929
4.98299
7.67243
6.59246
3.55943
5.92481
5.35755
6.27302
7.85175
7.44294
9.61471
7.91886
8
8
5.11548
5.43741
7.87652
6.08037
7.48382
7.43463
7.49985
10.056
5.84549
5.41278
5.78136
6.59991
7
4.92527
4.80162
9.13186
4.7874
4.13203
5.73335
6.48113
5.56071
7.27146
4.92184
5.3159
6.94837
4.92481
5.11746
6.39803
6.80735
5.74147
4.63227
6.27302
5.85175
5.60881
8.90087
4.94145
4.22607
4.98706
6.98299
7.7879
6.22239
4.83007
6.36923
5.73877
5.84298
7.85175
5.00225
9.13186
4.92527
4.80162
9.13186
5.83289
6.7211
4.98299
6.08746
5.90087
8.0607
