106
7
7
3.49319
12.259
7.22882
12.7058
5.16993
8.28371
2.00492
7.05063
3.67243
11.1238
6.85798
7.35755
7.03342
2.12969
6.47991
2.99395
9.3583
3.85714
4.05311
12.1238
2.80735
4.12996
3.71846
4.92651
1.9742
4.12919
4.90008
1
0.584963
4.15112
3.32356
3.40555
3.90613
2.0313
12.802
4.63631
4.68471
4.25208
1.78374
1.50984
1
0.584963
6.23199
0.882795
3.6362
1.87483
3.54708
1.07298
3.00639
10.8765
1.92497
2.74387
1
3.83009
0.172898
7.25278
1.94522
12.802
3.11643
11.7844
6.74147
5.96578
0.0206716
2.53831
1.91766
1.74153
1.50984
2.43382
5.53418
2.34495
2.58844
4.18712
7.71425
7
7
7.85798
6.82018
8.04091
4.63631
5.20967
6.23613
0.0325329
3.29968
2.15133
1.12024
1.66005
4.30796
2.48511
2.45065
6.04194
1.09944
12.4959
3.40498
1.66917
3.67623
0.441297
2.61969
0.172898
0.703162
5.20352
0.00689095
0.164202
0.783388
4.76518
2.34495
2.6127
12.1583
3.30117
1.64366
3.81164
4.16664
10.585
3.45438
4.15812
5.26166
1.32108
2.56825
1.12318
0.882795
5.03777
2.51954
12.1238
2.80735
4.12996
10.8656
4.75656
2.13358
6.81164
6.6947
1.47334
3.73803
4.25208
1.78374
1.50984
3.67623
4.36548
0.0192228
2.53831
5.0057
12.8061
6.64386
5.54546
4.50998
6.52697
1.00424
3.71836
4.39232
3.16169
7.77972
1
3.42871
5.94587
5.25024
4.69589
2.51338
3.02771
2.11193
0.882795
5.01207
2.34495
4.44448
1
7.64386
4.8009
4.60881
5.76818
4.92651
4.25087
1.8806
4.41602
0.0192228
8.08366
2.69131
7.77479
2.27273
3.89996
3.30612
4.12903
3.0214
2.35624
3.35005
12.085
8.75489
4.05616
3.91773
5.05893
2.98314
1.55441
4.27824
4.50508
2.78315
0.441297
3.12039
3.33205
4.1209
6.23703
3.81305
0.441297
2.61969
0.172898
0.703162
4.04143
1.73644
3.35005
4.25208
1
10.4126
5.74147
5.74147
3.6362
2.15133
1.12024
1.66005
4.10689
3.32356
3.40555
3.90613
2.0313
12.802
4.63631
4.68471
4.25208
3.42326
0.459214
1
2.90349
7.16951
6.47991
1.91457
1.44393
3.99574
5.21461
4.18015
8.29883
5.60733
3.63626
1.64733
3.49319
1
3.06481
1.83157
0.370908
3.9671
2.40514
2.21494
1.55195
3.81164
1
4.90873
1
0.736966
0.584963
2.24905
0.932812
3.01439
0.187014
1.61601
1.7403
10.025
6.03934
5.88264
3.75413
5.66656
8.37504
2.61279
3.08638
0.441297
3.08988
7.89604
0.133619
3.66757
6.04671
1.51985
5.11631
9.61418
1.92497
3.61176
1.87483
0.68328
2.12499
1.5473
5.98624
2.99395
2.36312
0.172898
7.25278
1.94522
2.58844
8.96881
0.447459
13.8534
7
7.39232
4.15112
3.32356
3.40555
3.90613
2.0313
12.802
4.63631
4.68471
4.25208
1.78374
1.50984
1
5.11346
2.24907
12.526
6.97728
4.63203
0.172898
7.25278
1.58549
4.60877
2.11193
1
5.73988
1
1.14612
8.39375
11.1459
6.74147
7
0.998201
3.54341
2.38207
1.23935
2.36312
0.172898
0.703162
5.17725
2.51954
2.39361
3.25677
2.73274
1.36536
1.12318
1.9121
0.27538
2.61969
0.172898
0.703162
3.83009
0.172898
7.25278
1.94522
2.6127
8.82676
7.71425
7
7
5.74147
5.74147
2.90349
5.0057
5.52538
3.72326
2.82388
4.60877
2.11193
1.9121
1
3.12039
3.33205
5.13253
3.88641
0.759402
3.81164
4.84426
1.86198
1.99327
3.16384
4.05645
3.13953
0.814292
1.36536
3.23698
1
8.32931
0.588629
3.32267
2.71294
2.57218
1.97685
1.5125
7.4709
5.66656
8.37504
2.61279
4.10074
0.0325329
2.53831
5.0057
12.8061
4.32193
1.91766
1.74153
2.72678
3.18217
7.50506
1
0.584963
0.415037
3.32097
0.68536
5.29816
3.26764
5.98948
2.61676
1.08901
3.30106
8.51297
7
7
7
5.74147
5.74147
4.15112
0.68536
1.87224
1
4.8365
1.64733
10.7735
4.75656
8.19967
5.74147
4.22239
5.79442
1.40086
4.23228
6.3013
7
7
7
5.74147
5.74147
2.36312
6.23199
0.882795
2.36312
3.91773
3.32365
14.1369
12.3636
3.52356
5.13724
1.24332
1
8.39375
11.1459
6.74147
7
0.998201
3.54341
2.38207
1.23935
2.36312
0.172898
0.703162
5.03027
10.0775
2.12627
2.30895
4.73725
0.420654
4.14679
0.341652
3.18452
1.74153
2.83322
4.90008
1.95982
6.29023
7
7
7
5.74147
5.74147
2.90349
5.0057
12.8061
5.64386
0.00689095
0.164202
0.783388
8.53221
2.85131
2.76849
4.27208
2.48511
2.45065
6.04194
1.09944
12.4959
3.40498
2.38207
1.23935
2.36312
0.172898
0.703162
4.04143
3.33205
5.13253
7.1088
2.23508
5.03777
1.78265
0.98724
6.15377
1.8806
0.27538
10.8656
4.75656
2.13358
5.3966
3.74372
2.17462
4.11487
2.92261
5.70251
1.54872
2.61969
0.172898
0.703162
6.05354
2.28233
8.59572
11.0882
4.01557
1.23935
2.36312
0.172898
0.703162
4.01878
3.32356
3.40555
3.90613
2.0313
12.802
4.63631
5.20967
1
3.25794
5.0057
12.8061
4.8365
4.84426
1.86198
1.99327
8.01084
3.2765
3.40555
4.55762
1.15835
2.77185
0.27538
1
0.584963
4.01878
3.32356
3.40555
4.55762
1.95861
7.50506
4.63631
5.20967
3.87189
0.441297
5.43008
6.6947
1.47334
5.64529
1.05023
3.00639
3.73697
2.83322
2.13906
1
2.95687
0.441297
2.61969
6.33173
1
3.32097
4.69794
5.33887
0.814292
1.36536
3.23698
1
0.584963
0.415037
0.703162
2.20051
5.54546
4.50998
6.52697
1.00424
3.71836
3.44123
0.0325329
1
5.0057
12.8061
4.32193
1.91766
4.102
1.09944
2.94391
2.37888
2.21494
2.36542
1.54395
5.97728
1.24332
1.8806
0.27538
1
2.16951
8.51319
5.05344
4.35502
1
3.32863
4.08357
2.70367
4.14921
0.27538
10.8656
3.62727
1
5.7318
7.16951
6.47991
2.99395
7.68725
6.05493
7.11894
2.48767
13.8534
7
1.14151
3.3686
1.599
2.08284
3.71182
1.25381
0.882795
3.42871
1.64733
3.49319
1
3.06481
1.83157
0.370908
3.9671
2.40514
2.21494
4.10074
0.0325329
3.64348
1.64733
3.81164
6.29734
1
2.04584
2.86527
2.31995
0.814292
1.36536
3.23698
1
4.01878
3.74372
2.17462
4.11487
1.84247
3.09697
4.32276
1.8806
6.52492
1
4.73725
0.420654
4.14679
0.341652
3.18452
1.74153
2.83322
4.90008
1.95982
4.2261
2.64084
2.25727
3.49319
3.33205
1.59809
4.97568
2.5827
3.72326
2.82388
14.5439
8.75489
3.63626
12.4773
4.92283
4.15112
3.32356
3.40555
3.90613
2.0313
12.802
4.63631
4.68471
4.25208
1.78374
1.50984
1
8.98624
7.15482
5.24793
5.2426
0.673667
2.58844
2.85237
3.42158
1
0.584963
5.5394
3.4269
2.30895
3.16558
6.23199
1.9121
0.27538
3.70953
4.69794
1
3.18612
4.33556
4.06835
5.03777
2.36316
4.58317
3.53389
3.71133
3.60432
0.114586
0.824576
2.77185
0.27538
1
1.89726
1.50884
2.93054
3.18217
2.99949
6.47991
7.64435
0.27538
4.37123
1.78265
5.70251
4.70919
3.76642
1
2.61969
0.172898
0.703162
3.9049
1.40086
11.0255
1.94522
4.44448
2.42785
1
1.78444
2.68814
2.36312
0.172898
0.703162
7.57146
0.410146
2.76354
6.30986
2.75489
4.90251
7.16951
5.17725
2.51954
2.98681
4.45781
7.71425
7
7
2.36312
0.172898
0.703162
7.57146
0.410146
2.76354
6.57289
7.25739
6.75489
0.736966
13.8534
7
6.84549
4.60486
3.49319
12.259
7.22882
12.7058
7.16993
2.34495
2.6127
4.22478
1.25381
0.882795
2.90349
5.0057
12.8061
5.32193
1.89413
2.09174
1.78374
1.50984
1
4.91232
0.204892
5.40144
5.13986
1.12024
1.66005
7.21075
6.44549
5.39485
4.4021
2.41612
2.57218
5.53902
1.71367
1.54872
2.61969
6.23199
0.882795
4.06466
1.40086
3.46327
1.50884
4.12919
4.551
2.92261
0.98724
1.50884
2.22919
1.23935
2.36312
0.172898
0.703162
3.9049
1.40086
3.3686
1.599
1
2.1659
2.99515
6.19882
7.71425
7
7
3.25794
7.16951
3.83009
0.172898
0.703162
5.04272
0.204892
4.29943
2.77851
3.10625
3.01439
0.187014
12.4242
7
7
7
5.74147
5.74147
2.36312
0.172898
0.703162
8.32931
0.588629
2.05531
1.57076
2.83322
4.36527
7.71425
7
7
0.0325329
5.31459
3.54272
10.9941
4.34382
2.24905
0.932812
3.01439
4.30882
10.5118
5.60733
4.74205
5.11186
3.75413
5.66656
8.37504
2.61279
3.08638
0.441297
3.08988
7.89604
0.133619
3.66757
6.04671
1.51985
5.11631
1
4.98335
1.24332
1.14612
4.06466
1.40086
3.46327
1.50884
4.12919
4.60877
2.11193
1
2.36312
0.172898
0.703162
3.83009
0.172898
7.25278
1.94522
13.124
2.48235
2.76572
1.7403
2.60626
1
5.3796
2.55218
9.76587
9.482
7.633
0.951946
4.06557
3.10625
3.01439
0.187014
1.61601
1.7403
3.42158
1.64733
1
6.29734
1.57385
2.04584
2.86527
2.31995
0.814292
1.36536
3.23698
1
4.01878
3.74372
2.17462
4.11487
1.84247
3.09697
4.32276
1.8806
6.52492
1
3.16558
1
0.882795
7.37591
1.89413
2.09174
4.60286
3.70846
1.12318
5.60783
3.46928
7.77972
2.99395
3.42871
5.94587
5.25024
4.69589
2.51338
3.02771
2.11193
0.882795
2.36312
0.172898
7.25278
1.58549
1
10.4856
3.30117
1.64366
4.28399
10.0775
6.65699
5.32193
2.48033
2.69524
5.396
3.1575
1
5.57414
4.96821
2.98351
1.78374
4.10783
3.78261
7.45943
2.12795
4.08357
2.70367
1
4.15112
3.74372
2.17462
4.11487
1.84247
3.09697
2.67975
2.58994
1
3.18667
0.172898
0.703162
4.80009
6.7713
7.37938
0.370908
3.9671
2.40514
6.48422
2.38207
2.287
0.27538
2.61969
0.172898
0.703162
4.80009
5.7359
2.14312
3.19813
1.42196
1.54395
5.97728
3.45104
5.78302
4.59303
1.47334
7.54392
7.78912
1.81291
6.19535
0.0325329
8.08366
2.69131
7.77479
2.27273
5.21758
2.34495
2.6127
4.22478
1.25381
0.882795
4.15112
3.30612
4.12903
3.0214
2.35624
3.35005
3.13953
2.11193
0.882795
3.6362
3.33205
4.1209
6.23703
1.51953
3.16558
0.172898
0.703162
4.04143
1.73644
3.35005
4.25208
1
10.4126
5.74147
5.74147
7.37591
5.11186
3.75413
5.66656
8.37504
2.61279
3.08638
0.441297
6.76645
1.78457
3.95471
10.3443
7.42626
1.54872
3.12039
3.33205
5.13253
7.1088
2.23508
5.03777
1.78265
5.70251
12.1116
0.459214
1.69386
5.01207
3.36942
6.33448
2.83807
4.79802
4.15112
3.74372
2.17462
4.11487
2.92261
11.1221
3.75974
0.687477
6.25245
0.204892
5.47769
3.11643
3.38142
3.88641
0.759402
3.81164
1.64733
3.49319
1
3.06481
1.83157
0.370908
3.9671
2.40514
2.21494
5.14539
0.234094
13.8534
7
7.39232
7.60733
2.04647
2.31995
2.11193
0.882795
2.90349
5.0057
12.8061
4.64386
1.73644
3.35005
4.11487
2.92261
13.444
4.63631
8.79463
2.68814
5.69165
0.420654
2.73306
1.20956
2.58844
5.38995
1.15835
4.71018
3.23879
5.05617
4.67005
3.78261
7.45943
2.12795
1
2.39831
8.44489
0.588629
3.32267
2.71294
2.57218
1.97685
2.21494
2.36542
1.54395
4.74126
2.24907
12.526
7.97728
6.85798
7.35755
7.03342
2.12969
3.87007
3.70618
2.24854
1.38296
2.19572
1.09755
1
2.64084
1
3.81164
1.64733
4.90873
1.78265
3.0646
1.15121
3.12797
0.814292
1
3.16558
0.172898
0.703162
4.01878
0.68536
11.0501
9.29921
7
7
7
5.74147
5.74147
2.36312
0.172898
0.703162
4.04143
1.73644
3.35005
4.25208
1
10.4126
5.74147
5.74147
3.6362
1.73644
1.4568
5.47769
3.11643
2.25207
1.50884
4.12919
2.04584
1.43487
5.9488
