175
8
8
8.53528
7.82655
7.70736
7.81378
5.6865
2.59585
2.34915
5.76818
7.35755
8.13955
4.19878
7.56224
7.47573
5.36923
5.16419
6.07325
7.87652
7.46761
8
4.43911
5.66676
5.94837
7.65821
7.02237
4.26366
6.25424
7.80735
7.67948
4.88264
5.87652
5.47032
5.11894
4.64866
5.36457
8.32643
7.67948
6.67948
5.57894
4.77844
3.76081
2.77106
7.53528
5.45286
6.79442
6.87652
4.65662
7.86419
8
7.47573
7.45943
8
7.47573
6.07325
7.97154
4.77479
7.82018
4.94902
7.32643
4.06111
7.85798
7.52356
7.50779
8
7.90087
7.65821
6.16993
3.76081
2.77106
6.95031
4.28293
3.11698
8.33985
7.5157
8
7.5157
7.65821
7.47573
5.9386
7.67948
7.67948
8.16491
7.45943
7.90087
4.36712
5.47249
7.98868
5.99247
5.15843
5.72792
7.80735
5.49185
6.37504
6.09452
4.16993
5.1247
6.05528
7.65821
4.77479
5.82018
7.97154
6.49985
4.79998
6.61471
7.97154
4.28293
6.74147
8.00562
7.65821
3.03122
8.53528
5.70044
4.73335
6.18982
6.93664
5.84298
4.14048
7.29462
7.80735
6.79442
7.87652
3.85798
4.43911
5.66676
5.94837
7.65821
4.92362
5.69285
7.96
8.18982
5.86419
5.39917
5.57894
4.77844
3.76081
5.1247
8.05528
8
7.90087
7.65821
7.71425
6.14296
4.50462
7.23362
4.94837
6.07325
6.88874
7.56986
7.49185
7.84549
6.07325
7.87652
7.02237
5.64866
7.55459
6.52356
6.55459
6.83289
6.79442
5.55459
4.28293
5.51907
7.71425
6.72792
6.7879
7.76487
8.03892
7.02237
7.84862
8.10329
7.79442
8
7.90087
7.66534
6.46761
7.52356
7.93074
6.05528
6.63662
6.02975
7.57743
7.61471
6.3159
7.97728
7.64386
5.77479
7.8009
4.32912
3.53605
4.75489
6.63662
5.93664
6.05528
6.65821
6.24159
5.63807
6.42066
6.12928
6.05528
7.65821
4.77479
5.82018
6.97154
7.82655
7.61471
5.57894
7.94837
7.48382
8
6.47573
6.87652
4.36712
5.47249
7.98868
6.57743
5.47032
5.11894
4.64866
5.36457
8.32643
7.67948
6.67948
5.57894
5.62644
5.96193
7.86419
7.87652
6.07325
5.16419
7.65821
7.49985
6.05166
5.57894
7.67948
5.88264
8.0607
7.64386
3.02237
8.53528
4.36712
6.20945
6.94251
7.49185
7.47573
7.49985
6.14975
4.49476
8.53528
3.02237
5.95031
5.85798
7.86419
7.49985
4.45286
3.80735
8.23362
7.49185
7.53916
6.23362
7.57743
7.46761
8
7.45943
7.52356
7.45943
5.09351
6.9542
6.05528
7.65821
7.65821
6.45943
6.60733
7.55459
4.78427
5.05683
8.05528
8
7.47573
4.65662
4.69426
4.42626
6.57994
7.53528
6.07325
6.87652
4.77479
7.82018
4.94902
3.11698
7.33985
7.55459
7.5157
8
8
5.87652
5.47032
5.11894
4.64866
5.36457
8.32643
7.67948
6.67948
5.57894
4.77844
3.76081
2.77106
7.53528
6.10154
7.62936
7.70736
6.17659
4.77479
7.82018
6.53398
6.80735
6.83289
6.79442
6.87652
6.13614
6.10329
7.87652
7.45943
7.52356
7.46761
7.62936
4.96743
6.49185
4.36565
6.87652
4.77479
5.82018
7.97154
3.85798
4.05209
4.20477
5.94251
6.07146
7.80735
5.20945
5.20945
7.65821
4.77479
5.82018
7.97154
4.77479
7.82018
4.94902
6.74147
8.00562
7.45943
8
8
8
6.47573
7.87652
7.65821
4.12928
6.27922
7.07682
6.80735
6.83289
5.20945
5.20945
6.65821
6.24159
6.96
5.49719
4.66469
8.53528
6.43741
5.75489
5.93074
4.74416
4.40372
6.3159
4.66297
6.07146
5.80735
5.82018
7.97154
5.66534
7.63662
5.96193
4.99354
6.97728
7.73471
7.50779
7.52356
7.45943
5.09351
7.9542
7.45943
7.90087
7.65821
7.71425
7.72792
7.65821
6.16993
5.12338
4.98055
8.12412
6.09452
4.16993
2.77106
3.95031
6.05528
6.16491
4.94251
7.12412
6.17659
6.88874
6.40372
8.16491
8
8
8
8
6.47573
5.87652
6.05528
4.57994
5.7211
7.72792
3.02237
8.53528
4.92362
8.56732
7.52356
8
7.54689
5.64386
7.85175
7.75489
7.47573
8
8
8
6.47573
6.87652
5.45286
6.79442
6.87652
5.77479
3.71344
7.9542
7.82018
8
7.90087
6.13614
6.10329
7.87652
7.45943
7.52356
7.46761
7.62936
4.96743
6.49185
4.36565
6.87652
4.77479
5.82018
7.97154
7.55459
4.80735
8.13955
7.53528
6.62936
8.57365
7.50779
6.85798
6.16993
6.93074
7.80735
5.09452
7.97728
8
8
8
8
6.47573
7.87652
7.65821
7.71425
7.72792
6.49985
4.79998
6.61471
7.97154
7.45943
7.53916
7.54689
5.15843
5.72792
7.80735
5.49185
6.37504
6.09452
6.49185
4.36565
6.87652
4.77479
5.82018
6.97154
6.24159
6.96
6.49719
4.98868
7.87652
5.53605
4.86899
5.19827
8.10329
5.20945
7.65821
4.92362
5.69285
6.96
8.05528
7.56986
5.90087
4.81378
7.03892
6.75489
7.65821
4.77479
5.82018
6.97154
4.87915
7.65821
7.7211
6.6865
4.36565
6.87652
4.77479
5.82018
5.64962
5.47032
5.11894
4.64866
5.36457
8.32643
7.67948
7.67948
6.57994
8.53528
7.65821
7.71425
7.72792
6.43741
5.75489
5.93074
6.48113
4.9542
5.11894
4.91169
1
5.66107
5.20945
7.65821
6.07325
5.64962
5.47032
5.11894
4.91169
7.61471
8.12412
7.67948
7.67948
5.57994
6.05528
7.65821
8.18982
5.86419
7.7211
7.5157
7.47573
7.45943
6.93074
5.48543
4.39232
4.65951
1
7.65821
5.45286
5.74953
3.95031
5.73335
6.14975
4.66297
6.07146
5.80735
5.82018
7.97154
4.77479
5.82018
5.97154
4.50462
7.23362
4.94837
6.07325
6.88874
7.56986
7.45943
7.90087
7.65821
7.71425
7.72792
7.65821
5.16993
5.49185
7.96
5.75489
6.14975
6.9542
8.16491
6.63662
6.13614
8.10329
5.20945
7.65821
5.33628
8.08215
7.49185
7.53916
8
4.08746
4.73094
4.39232
5.16491
5.20945
7.65821
4.07563
5.56173
8.19476
6.07325
5.16419
6.07325
5.87652
6.30012
5.81164
8.15482
7.5157
8
8
6.85175
7.52356
6.52356
5.49719
4.35755
6.79442
7.87652
3.02237
8.53528
4.36712
6.20945
6.94251
7.49185
7.47573
7.49985
6.14975
7.9542
7.45943
7.90087
3.02237
8.53528
8.02237
4.55459
7.80735
4.19162
4.86295
4.66297
6.07146
5.80735
5.82018
5.64962
8.05528
7.56986
5.90087
7.81378
3.77672
4.87321
8.10329
5.47249
6.93664
7.53528
6.62936
8.57365
7.50779
6.85798
6.16993
6.93074
7.80735
5.09452
7.97728
4.34792
5.74953
8.53528
6.24159
3.37504
6.75489
7.5157
6.27922
7.07682
7.80735
7.97728
7.64386
8.02237
6.00749
5.87652
5.47032
5.11894
4.64866
5.36457
8.32643
7.67948
6.67948
5.57894
4.77844
3.76081
2.77106
8.53528
7.46761
8
7.49985
7.54689
3.11698
5.33985
1
8.02237
7.00562
5.73471
5.49185
8.13955
7.53528
5.45286
5.20945
5.20945
5.33628
5.73335
5.41278
6.25172
4.78136
6.57994
7.87652
5.85798
5.86419
6.80735
7.63662
7.65821
5.94642
6.7211
5.66107
5.20945
7.65821
7.65821
4.30518
5.51728
4.98055
8.12412
5.16419
7.65821
5.20945
7.65821
5.53605
7.03892
6.75489
6.85175
6.75489
7.65821
4.77479
5.82018
5.64962
5.64386
5.52982
4.94902
5.51907
5.71425
6.62936
5.63662
6.98299
6.87652
4.77479
5.82018
6.97154
1.90781
6.52897
6.89966
6.43582
8.04439
6.07325
7.97154
3.85798
5.3322
6.23362
7.5157
8
8
6.87652
4.77479
5.82018
6.97154
1.90781
6.52897
7.22159
9.24555
8
8
7.5157
8
8
7.45943
8.53528
7.82655
7.70736
7.81378
7.6865
4.28293
6.74147
5.42066
4.35755
6.79442
7.87652
7.65821
7.71425
6.72792
5.03709
5.59991
4.77844
3.76081
2.77106
7.53528
7.67243
7.12412
5.67948
5.47249
7.98868
7.57743
7.45943
7.47573
7.47573
6.94251
4.99354
4.39232
7.98299
6.75489
7.65821
5.45286
6.79442
5.06916
5.64386
6.26679
4.30518
6.25424
4.80735
4.81378
4.86899
4.30518
4.51728
4.36565
6.87652
4.77479
5.82018
5.64962
5.64386
6.85175
7.52356
5.9386
4.91374
4.35755
8.84862
7.45943
8
7.5157
8.53528
6.07325
7.97154
4.77479
5.82018
6.97154
7.67243
4.9542
5.49825
5.84298
8.23362
7.49185
7.53916
8
8
8
8
6.47573
6.87652
4.77479
5.82018
7.97154
5.66534
6.63662
6.22239
6.93074
6.80735
7.50779
8
7.5157
7.45943
7.90087
5.85798
7.86419
7.49985
4.45286
3.80735
8.23362
7.49185
6.50779
8.0607
7.64386
6.62205
7.45943
7.52356
7.45943
5.09351
6.9542
6.05528
7.65821
7.65821
6.45943
6.60733
7.55459
4.78427
5.05683
6.05528
7.65821
6.13614
6.10329
5.06916
5.64386
6.26679
4.30518
6.25424
6.80735
6.83289
6.79442
6.87652
4.77479
5.82018
7.97154
4.77479
7.82018
4.94902
6.0045
2.83354
4.29462
6.23362
6.57743
6.07325
7.97154
5.7211
8.14466
7.53138
8.25267
3.98055
6.57994
5.84298
8.23362
7.49185
7.53916
6.23362
7.57743
3.02237
8.53528
8.02237
4.55459
7.80735
4.19162
4.86295
4.66297
6.07146
5.80735
5.82018
5.64962
8.05528
7.56986
5.90087
7.81378
3.77672
4.87321
8.10329
5.47249
6.93664
7.53528
5.45286
6.79442
7.87652
5.03709
5.59991
5.94837
7.93664
7.80735
7.79442
7.47573
7.84549
6.07325
7.87652
7.02237
5.64866
7.55459
6.52356
6.55459
6.83289
6.79442
6.87652
4.77479
7.82018
6.53398
4.63743
6.98868
7.65821
3.03122
8.53528
7.55459
7.61471
6.72792
6.62205
7.80735
3.53172
5.34577
4.36565
6.29155
4.85798
6.37504
4.77844
6.93074
7.49185
7.49185
7.46761
4.73094
4.39232
6.57994
5.87652
8.05528
7.56986
5.90087
7.81378
3.77672
4.48618
6.86625
8.16491
6.63662
4.77479
5.82018
6.97154
7.62936
7.80735
7.49185
7.47573
7.49985
5.41278
6.49185
6.48113
5.20945
7.65821
4.77479
5.82018
6.97154
7.62936
7.67948
7.52356
7.65105
8.16491
6.63662
6.7211
6.12928
7.13955
5.86419
5.39917
7.12412
6.49185
7.53916
7.45943
7.90087
7.66534
6.46761
7.52356
7.93074
4.28293
6.74147
5.42066
4.35755
6.79442
5.87652
6.05528
6.63662
6.02975
7.57743
7.61471
6.3159
6.83289
6.79442
6.87652
6.24159
5.63807
6.42066
3.86625
7.53528
4.77479
5.82018
6.97154
7.82655
7.61471
5.57894
7.94837
7.48382
8
6.47573
7.87652
6.62205
7.45943
7.52356
7.45943
5.09351
6.9542
6.05528
7.65821
7.62205
7.85798
7.49185
7.53138
6.75489
6.65821
6.24159
6.96
6.49719
4.98868
7.87652
5.53605
7.03892
7.75489
5.96193
7.86419
5.55459
5.18982
6.80735
6.36923
7.79442
5.87652
8.05528
7.56986
5.90087
4.81378
8.03892
8
8
7.90087
7.67243
6.53916
4.06111
5.53605
5.49719
4.66469
8.53528
3.02237
8.53528
4.36712
6.20945
6.94251
7.49185
7.47573
7.49985
6.14975
7.9542
7.49185
7.5157
8
8
7.0607
6.47573
4.86295
6.83289
6.79442
7.87652
7.65821
7.71425
5.40599
7.82655
7.61471
5.90087
4.81378
6.03892
7.67948
5.67948
6.98299
7.87652
6.62936
4.66676
4.03185
3.11698
5.5325
4.80735
7.98299
6.73471
5.65535
8.13955
7.49185
7.49185
7.46761
5.90087
7.71425
7.87652
5.66534
7.63662
5.96193
4.99354
6.97728
6.14975
6.9542
8.16491
7.63662
6.10154
7.62936
7.70736
7.56986
7.56224
7.47573
5.36923
7.97154
6.43741
7.82018
7.56986
6.64866
4.39232
7.11894
4.34792
5.74953
8.53528
3.02237
5.95031
5.53605
6.03892
4.80735
5.21594
4.66297
5.74953
7.53528
4.77479
5.82018
5.64962
6.05528
6.16491
7.56986
8
8
8
8
6.47573
6.87652
4.77479
5.82018
6.97154
7.82655
7.61471
5.57894
7.94837
7.48382
8
6.47573
6.87652
7.82655
6.61471
6.53916
4.06111
5.05063
4.30518
6.25424
7.80735
6.65105
7.80735
