171
8
8
5.91751
8.73144
8.21432
11.0895
4.85521
1.34727
2.14564
7.18993
3.19261
8.48938
4.89872
9.94251
3.187
2.63306
6.67626
4.26613
7.71272
4.57491
2.92715
2.45047
3.84921
1.18776
1.68153
1.40203
5.32953
2.59904
3.72023
9.17315
2.92232
3.03298
3.51365
3.33929
4.19481
3.51889
4.25248
3.1844
4.76689
2.41641
3.8821
2.44181
1
3.61874
3.48227
1.01557
5.43418
1
8.08115
2.08029
4.90074
7.76155
2.12988
6.27798
0.770536
4.42109
2.26774
9.53166
4.29583
8.07521
1.85148
8.76708
8.6865
9.58496
0.231598
5.78588
6.10373
2.70268
2.44181
3.13224
3.0818
4.85128
4.2713
7.75756
12.5005
3.18269
7.60733
7.32193
2.89429
4.59451
3.1844
8.24748
5.17278
0.0730635
5.26504
2.69925
1.80763
3.57457
3.80509
3.91545
6.42467
7.32373
3.77657
4.41923
4.8497
5.50017
4.21586
1.06029
4.79915
2.26774
1
10.7144
1.09954
1.28705
3.05504
5.29485
4.85128
6.04546
6.32536
1.64199
1.54577
2.72468
6.15185
6.39778
2.64696
5.29133
3.63853
1.69748
5.81057
6.64185
1
4.35734
1.61465
2.45047
3.84921
1.18776
5.56232
4.39791
2.94984
5.25873
4.0824
2.23289
4.72037
2.41641
3.8821
2.44181
4.21586
5.28132
0.0943134
5.78588
9.0243
4.93447
6.68617
3.07526
4.40972
7.79119
3.72845
6.4369
5.36457
0.560389
8.87715
1
0.584963
7.15018
6.34047
6.3505
7.69257
1.71358
9.5652
1
4.26957
4.85128
7.67832
4.93447
13.1124
4.60112
3.24793
1
1.40203
8.75512
5.51041
5.892
0.0943134
8.30944
5.7113
5.42626
3.05034
6.14975
3.28569
2.97659
7.3521
8.17393
3.50417
7.45096
6.63973
3.22307
5.32856
7.69387
1.74758
1.69383
3.76963
1.74878
4.97074
1.06029
6.42664
4.10479
2.97513
4.63021
4.99556
1.06029
4.79915
2.26774
1
5.61726
2.32646
3.50417
2.41641
12.5027
6.64699
2.34239
2.47615
5.43418
2.69925
1.80763
3.57457
4.0767
3.51365
3.33929
4.19481
3.51889
4.25248
3.1844
4.76689
2.41641
8.36518
4.85316
4.98726
6.29102
0.770536
6.67626
2.68541
4.14129
1
3.3635
9.17315
7.11098
4.33052
4.37796
2.76014
5.91751
2.69925
1
5.40163
4.02737
6.87036
7.5157
2.49516
3.35712
2.72468
2.76014
4.80871
3.60945
9.57223
7.64871
4.74612
5.09676
8.43132
2.82749
3.68382
1.44171
8.04902
7.42291
5.91488
2.98995
4.28096
5.9542
3.19222
5.94406
1.06029
3.05051
12.8317
2.37037
1.73974
10.6599
1.46492
5.21079
9.51752
2.12988
8.18488
3.34806
2.96221
2.69408
3.80037
7.82145
1
3.71383
2.26774
9.53166
4.29583
4.2713
5.75756
1.581
13.4624
8
4.40475
3.03298
3.51365
3.33929
4.19481
3.51889
4.25248
3.1844
4.76689
2.41641
3.8821
2.44181
1
5.3842
3.89562
3.31297
7.88724
4.89544
2.26774
9.53166
5.00139
5.99806
9.5652
1.01557
4.07243
3.90042
1.55979
6.05257
13.4567
6.24159
6.43463
1.34429
2.36509
7.23323
1
3.71383
2.26774
1.8415
4.68633
1
3.42827
6.49957
2.75282
3.84984
6.64185
6.75013
1
4.79915
2.26774
1
4.42109
2.26774
9.53166
4.29583
6.04546
6.63021
6.17463
7.82655
7.43463
2.34239
2.47615
6.29102
9.0243
4.79008
4.93137
4.8243
5.99806
9.5652
6.75013
1.38886
6.42664
4.10479
4.8011
3.94382
3.39708
2.72468
1
4.21501
5.5553
3.07175
4.54046
4.3635
7.26507
3.84984
7.92379
1.8415
8.29678
3.11777
4.8437
5.86561
4.33242
5.35931
4.22203
6.93402
4.28096
5.9542
3.19222
4.92629
0.0730635
5.78588
9.0243
4.93447
7.09007
6.10373
2.70268
3.96279
2.47232
3.68514
4.8497
5.50017
3.13224
3.36543
3.15085
2.91614
2.45152
6.45597
5.99669
3.16841
3.1927
9.28398
6.1334
7.82655
7.43463
2.34239
2.47615
3.03298
3.15085
2.79429
5.18637
2.82415
2.76014
6.29093
4.39791
6.89885
7.98868
8
6.45121
2.61034
8.68989
8.74483
11.8325
7.82655
7.43463
2.34239
2.47615
3.71383
3.48227
1.01557
3.71383
5.32856
3.41259
8.08157
6.79961
1.9386
4.71827
3.90042
1.55979
6.05257
13.4567
6.24159
6.43463
1.34429
2.36509
7.23323
1
3.71383
2.26774
1.8415
7.48173
6.99315
1
4.74896
5.74183
3.20705
11.2974
3.12776
5.06664
2.70268
1
3.72023
7.6009
12.77
6.1334
7.82655
7.43463
2.34239
2.47615
6.29102
9.0243
4.93447
11.7905
1.09954
1.28705
3.05504
6.17125
9.13481
1.98351
4.78274
3.91545
6.42467
7.32373
3.77657
4.41923
4.8497
7.23323
3.79922
3.71383
2.26774
1.8415
5.61726
4.10479
4.8011
4.51956
1
0.584963
3.50911
4.51204
6.32536
5.51041
1.38886
5.56232
4.39791
2.94984
3.13063
4.23825
3.4877
7.1953
2.77052
4.96873
2.04954
4.79915
2.26774
1
4.79451
3.25945
4.98419
5.5308
5.48215
1
3.71383
2.26774
1.8415
4.0726
3.51365
3.33929
4.19481
3.51889
4.25248
3.1844
8.24748
1
4.29329
9.0243
4.93447
2.82415
10.2904
4.21501
5.5553
5.24453
5.03593
3.33929
3.31487
6.00279
4.59665
1.38886
3.05051
0.770536
4.0726
3.51365
3.33929
3.31487
4.55213
3.68514
3.1844
8.24748
4.47398
1.06029
4.64289
4.0824
2.23289
8.59689
5.39194
4.90074
6.17659
3.74712
3.50655
5.83724
4.26882
1.06029
4.79915
3.38597
4.28484
3.36543
3.85928
1
7.26507
3.84984
7.92379
1.8415
4.42109
2.26774
1
4.97717
3.07526
4.40972
7.79119
3.72845
6.4369
4.77961
0.0730635
5.78588
9.0243
4.93447
7.09007
6.10373
5.01302
3.77657
6.26053
4.04439
2.49516
4.45779
1
3.95565
3.90042
1
1.38886
3.05051
6.6921
7.35475
5.65964
5.34983
1
2.30803
3.54702
7.038
5.6865
1.38886
5.56232
1
3.08083
6.40038
0.770536
6.67626
1
7.82375
4.71832
3.74894
3.03037
13.4624
8
2.05195
9.88253
5.61697
4.13046
4.8519
3.99174
1.01557
2.91878
2.76014
5.91751
2.69925
1
5.40163
4.02737
6.87036
7.5157
2.49516
4.92629
0.0730635
1.68436
1
2.72468
7.82469
5.35745
7.07779
3.30012
4.14899
7.26507
1
0.584963
0.415037
4.0726
4.23825
3.4877
7.1953
5.10148
3.2637
7.71246
5.51041
3.31678
2.9461
5.74183
3.20705
11.2974
3.12776
5.06664
2.70268
1
3.72023
7.6009
2.61143
2.52506
4.28484
5.91751
4.10479
2.69574
5.56642
5.11067
1
4.8243
6.32777
1
4.37796
6.16866
9.40689
3.03298
3.51365
3.33929
4.19481
3.51889
4.25248
3.1844
4.76689
2.41641
3.8821
2.44181
1
0.584963
5.83794
5.08037
8.90505
3.99305
4.2713
2.60105
1
5.76893
8.12941
10.3869
6.24416
4.74896
3.61874
3.48227
6.75013
1.38886
3.80735
3.85928
1
7.64342
3.96926
5.25557
4.35734
3.52483
3.00671
2.05899
4.27143
6.93079
2.52322
6.61961
4.59665
1.38886
3.05051
7.15217
3.45089
1
2.47232
2.8529
6.67626
2.29831
1.38886
4.56455
3.50911
4.96873
5.01302
8.56061
1
4.79915
2.26774
1
3.50355
2.61034
7.54014
4.29583
7.67832
5.09493
3.72225
2.92021
3.44671
3.71383
2.26774
1.8415
7.55366
1.08543
6.40839
5.99031
2.43296
7.65719
0.770536
4.68633
1.61465
1.69247
7.39825
12.5005
3.57862
6.56224
3.71383
2.26774
1.8415
7.55366
1.08543
6.40839
7.2127
8.30606
7.45943
2.15966
13.4624
8
5.10154
5.70044
5.91751
8.73144
8.21432
11.0895
5.85521
4.85128
6.04546
5.04525
3.99174
1.01557
6.29102
1
4.93447
9.15824
1.77705
4.24092
1
0.584963
3.13224
4.65076
4.6145
7.6143
3.5025
1.80763
3.57457
5.6451
11.1348
2.07162
7.98868
4.00733
4.33242
4.30857
6.49547
2.04954
4.79915
3.48227
1.01557
3.88264
2.61034
5.96879
3.45089
2.59904
4.43393
2.77052
4.51204
3.45089
4.27587
3.79922
3.71383
2.26774
1.8415
3.50355
2.61034
9.88253
5.61697
5.35418
2.93333
2.59174
10.26
6.17463
3.18269
5.02237
4.29329
0.770536
4.42109
2.26774
1
5.27572
4.6145
0.836151
4.22459
5.73678
8.43132
2.82749
6.06848
6.1334
7.82655
7.43463
2.34239
2.47615
3.71383
2.26774
1.8415
8.29678
3.11777
4.65105
6.66077
3.74712
3.82986
9.51898
3.18269
6.02237
0.0730635
4.66359
3.60945
9.57223
7.64871
4.74612
5.09676
8.43132
1.96381
6.79442
4.33052
10.3437
4.46919
2.98995
4.28096
5.9542
3.19222
5.94406
1.06029
3.05051
12.8317
2.37037
1.73974
10.6599
1.46492
5.21079
1.06029
1
3.90042
1
3.88264
2.61034
5.96879
3.45089
2.59904
5.99806
9.5652
1.01557
3.71383
2.26774
1.8415
4.42109
2.26774
9.53166
4.29583
7.67832
3.67503
4.19108
1.44171
4.44589
0.770536
3.39944
3.6978
7.97382
6.44267
4.73364
2.61172
5.83806
5.73678
8.43132
2.82749
3.68382
1.44171
1
2.76014
2.72468
7.82469
5.35745
7.07779
3.30012
4.14899
7.26507
1
0.584963
0.415037
4.0726
4.23825
3.4877
7.1953
5.10148
3.2637
7.71246
5.51041
3.31678
2.9461
3.61874
3.48227
1.01557
7.60962
1.77705
4.24092
8.05643
5.44333
6.64185
6.4871
0.783778
8.87715
4.26613
2.91878
7.15018
6.34047
6.3505
7.69257
1.71358
9.5652
1
3.71383
2.26774
9.53166
5.00139
3.69173
9.86132
1.64199
1.54577
8.62115
1
1.92105
9.15824
2.18655
4.92039
3.84075
4.12458
1
7.14568
4.44694
1
3.8821
2.1418
7.20185
2.99283
5.62449
3.54702
7.038
5.25557
3.03298
4.23825
3.4877
7.1953
5.10148
3.2637
6.65696
6.4808
2.84394
4.4452
2.26774
1.8415
6.14845
7.69283
9.77675
4.02737
6.87036
7.5157
6.38694
7.23323
5.57616
1.38886
4.79915
1
1.8415
6.14845
9.14739
8.89752
6.14353
4.71485
2.84394
3.95565
1
7.74858
7.08428
2.23289
5.65437
8.12887
1
5.2384
1
8.30944
5.7113
5.42626
3.05034
6.14975
4.85128
6.04546
5.04525
3.99174
1.01557
3.03298
1
2.97659
7.3521
8.17393
3.50417
4.3635
9.5652
1
5.43418
4.10479
2.97513
4.63021
1.04619
3.61874
2.26774
1.8415
5.61726
2.32646
3.50417
2.41641
12.5027
6.64699
2.34239
2.47615
7.60962
4.46919
2.98995
4.28096
5.9542
3.19222
5.94406
1.06029
8.83831
2.86285
7.03012
5.713
5.32193
2.04954
6.42664
4.10479
4.8011
4.51956
1
0.584963
3.50911
0.736966
9.07191
4.85316
4.98726
4.26957
5.30443
9.53722
5.62623
6.11621
3.03298
4.23825
3.4877
7.1953
2.77052
10.0622
4.15843
0.83757
5.18442
4.6145
8.32479
1.85148
1
3.94382
3.39708
2.72468
2.76014
5.91751
2.69925
1
5.40163
4.02737
6.87036
7.5157
2.49516
5.47491
1.90447
13.4624
8
6.86419
6.00429
4.69426
4.14899
9.5652
1.01557
6.29102
1
4.93447
3.64892
2.32646
3.50417
7.1953
2.77052
2.73388
3.1844
8.86897
3.44671
6.25815
3.20705
6.08339
2.87789
4.2713
4.55592
6.00279
6.27747
1
6.79276
8.37058
7.20185
2.99283
5.62449
3.89324
4.7617
7.96511
3.11777
4.8437
5.86561
4.33242
5.35931
2.49516
4.45779
1
5.0101
3.89562
3.31297
10.7551
4.23897
9.94251
3.187
2.63306
1.6948
10.9822
7.12153
3.42487
4.82169
5.83724
5.16694
2.52506
4.28484
2.72468
2.76014
4.80871
3.50911
5.0367
3.66482
6.9096
7.26507
4.28484
3.61874
2.26774
1.8415
4.0726
3.15085
8.23539
8.6865
6.1334
7.82655
7.43463
2.34239
2.47615
3.71383
2.26774
1.8415
5.61726
2.32646
3.50417
2.41641
12.5027
6.64699
2.34239
2.47615
5.43418
2.32646
4.39482
8.32479
1.85148
1.95544
3.45089
2.59904
7.07779
2.84946
5.88387
