161
8
8
6.68182
5.7761
7.50779
5.52356
7.71425
5.6105
3.9
5.46597
5.15265
7.08215
6.43463
7.34873
7.35755
2.94486
6.87856
7.67243
7.89482
8.52356
8
4.38171
6.76155
4.32793
7.24793
4.65617
4.4021
5.10154
6.70736
7.50779
5.45121
6.89482
4.51096
4.04775
4.03148
4.80735
6.51833
6.53916
6.16323
4.88536
4.21245
3.82889
4.41504
5.45943
4.50901
4.42626
7.89482
4.29068
7.56986
7.36632
7.35755
8
6.33985
8.07146
6.8392
5.65617
4.30256
6.86419
5.86419
8.10329
4.67646
7.69349
5.87447
7.3837
4.23095
13.0111
4.51728
3.67377
3.82889
4.41504
7.26679
4.47449
3.05889
8.37504
6.45943
7.35755
8
7.43463
7.33985
7.56986
6.53916
5.42626
5.5025
2.83872
12.5256
3.57447
6.09452
5.19827
6.3159
4.27955
6.59991
7.74147
5.9386
7.59991
5.21723
5.64386
5
5.11151
6.66297
4.30256
3.9573
7.46352
5.40088
5.45943
5.90689
5.65617
4.47449
4.93336
7.08215
6.37504
5.46597
7.26679
5.2936
4.91886
6.00749
5.69349
5.71699
5.62205
7
5.09452
4.42626
6.30986
3.15843
4.38171
6.76155
4.32793
7.24793
5.08504
1.13395
10.9687
7.17493
4.42253
5.37851
4.88536
4.21245
3.82889
5
5.3339
2.38143
13.0111
5.25424
4.80735
6.12928
4.30378
5.3339
7.91289
7.36632
6.69349
7.40088
4.49985
12.4529
7.67243
6.89482
5.2936
6.53398
7.40939
7.3837
7.37504
6.61471
4.42626
6.89482
4.47449
5.51833
4.80735
7.71425
5.27716
2.26524
10.8757
4.65617
5.62449
5.07325
6.81378
2.38143
14.333
7.73471
7.35755
6.40939
10.2276
5.6105
6.44294
5.58496
7.52356
4.11042
6.47032
7.39232
6.59991
4.30256
6.29155
5.41504
4.23406
4.79008
5.97728
5.37156
5.11151
5.24793
5.29068
4.59991
5.49719
5.1964
5.11151
6.66297
4.30256
3.9573
5.65617
4.19114
4.11042
4.88536
7.91289
7.40088
8
8
7.89482
3.57447
6.09452
5.19827
6.90087
4.51096
4.04775
4.03148
4.80735
6.51833
6.53916
6.16323
4.88536
6.32793
5.83289
5.12928
6.89482
6.8392
6.87856
6.67243
6.49185
3.94342
6.47032
7.50779
7.45121
6.67243
7.59991
4.65617
6.68182
3.57447
5.09452
6.82655
6.43463
7.35755
8
6.53138
3.53743
7.26679
4.65617
7.26679
3.96578
6.71425
6.49185
5.9386
6.20945
7.91886
5.47573
5.16993
1
7.90087
7.52356
7.33985
7.33985
7.40939
8
4.88536
6.1224
5.11151
6.66297
7.8392
8
5.45943
7.37504
6.49185
7.56986
7.91886
6.33985
8.07146
4.29068
4.7625
5.11894
4.38702
8.26679
7.67243
5.30986
4.30256
6.86419
5.86419
3.05889
6.05311
5.8413
14.3157
8
7.33985
6.89482
4.51096
4.04775
4.03148
4.80735
6.51833
6.53916
6.16323
4.88536
4.21245
3.82889
4.41504
7.26679
4.02791
7.53138
5.85798
8.14126
4.30256
6.86419
5.86419
6.70736
6.61471
4.42626
6.89482
4.59694
4.85086
7.89482
7.54689
7.47573
8
7.45121
5.20163
5.96578
4.56847
5.30986
4.30256
3.9573
5.1416
3.15843
3.68983
4.12199
5.01282
6.76155
5.09452
5.74819
3.72632
6.66297
4.30256
3.9573
5.65617
4.30256
6.86419
5.86419
4.93336
6.49719
7.40939
7.35755
8
8
8
6.89482
5.25424
6.61471
5.32193
6.38082
6.70736
6.61471
5.74819
3.72632
5.24793
5.29068
7.59991
6.22239
4.29155
7.26679
5.65617
6.44294
6.5157
3.32747
4.09873
5.73335
5.29278
6.76155
4.50956
3.9573
8.46352
2.92735
5.56986
5.12102
7.87652
6.98299
5.94642
7.35755
7.40939
8
4.88536
5.70736
2.83872
13.0111
5.25424
4.80735
7.71425
4.51728
3.67377
4.49185
4.58496
5.80735
5.21723
5.64386
4.41504
5.68182
3.51096
5.35168
6.24159
5.06916
5.72792
1
7.00562
8.08746
7.36632
7.35755
8
8
8
6.89482
3.51096
3.29278
4.53743
6.71425
4.65617
5.94486
5.08504
6.85798
7.53916
6.33985
7.36632
4.13516
6.26053
7.61471
7.36632
7.35755
8
8
8
5.30986
4.50901
4.42626
5.30986
4.30256
3.96963
7.70736
5.67243
3.30581
15.333
4.59694
4.85086
7.89482
7.54689
7.47573
8
7.45121
5.20163
5.96578
4.56847
5.30986
4.30256
3.9573
6.87856
6.12928
6.58496
5.49719
7.26679
4.97936
8.33539
6.3837
5.69349
3.67377
4.90689
6.70736
5.92283
7.65105
7.36632
7.35755
8
8
8
6.89482
5.25424
4.80735
7.71425
5.40088
5.45943
5.90689
8.46352
7.54689
5.59246
7.35755
4.27955
6.59991
7.74147
5.9386
7.59991
5.21723
5.96578
4.56847
5.30986
4.30256
3.9573
5.65617
5.29068
7.59991
6.80735
5.51728
6.30986
3.85031
5.29155
7.08215
5.07325
3.72632
7.24793
5.08504
1.13395
10.9687
4.6105
4.40599
6.05528
4.12553
4.87652
3.74416
6.66297
4.30256
3.9573
5.65617
5.22055
7.41785
5.37851
7.61471
4.56847
5.30986
4.30256
3.9573
5.2936
4.51096
4.04775
4.03148
4.80735
6.51833
6.53916
5.42626
4.38702
7.26679
5.25424
4.80735
6.71425
5.65617
6.44294
6.5157
7.02791
6.59991
4.04775
7.11894
5.8413
1
0.584963
6.66297
6.8392
5.2936
4.51096
4.04775
7.11894
5.8413
5.80735
6.53916
5.42626
5.28011
5.11151
7.24793
7.17493
4.42253
7.70044
6.45943
7.35755
8
4.90689
5.38543
4.66107
5.16323
5.11151
6.66297
3.88753
3.9542
5.68182
6.83289
6.53138
5.29278
6.76155
4.50956
3.9573
5.65617
4.30256
3.9573
5.87856
4.30378
5.3339
7.91289
7.36632
6.69349
7.40088
2.83872
13.0111
5.25424
4.80735
7.71425
4.51728
7.06609
5.9386
6.01495
7.61471
6.53138
6.70736
4.13203
7.81378
4.59694
5.07325
3.72632
6.66297
5.25424
7.80735
5.43463
6.59246
7.33985
4.75489
5.24793
5.39803
6.35168
3.72632
7.24793
4.66385
1.63724
11.1592
6.8392
6.87856
7.67243
5.89482
5.50434
6.12928
4.64386
14.3157
8
6.34873
4.52356
7.55459
5.79874
5.47249
3.42786
4.42626
6.89482
4.65617
6.68182
3.57447
5.09452
6.82655
6.43463
7.35755
8
6.53138
5.70736
2.83872
12.333
4.65617
7.26679
4.2156
5.65535
7.70736
6
5.0761
5.29278
6.76155
4.50956
3.9573
5.2936
4.6105
4.40599
6.05528
6
5.09954
5.33539
5.07325
7.81378
5.10852
7.26679
4.97936
8.33539
6.3837
5.69349
3.67377
4.90689
6.70736
5.92283
6.65105
5.35755
3.9542
6.68182
5.29068
4.42999
5.20511
5.91488
5.32193
6.38082
7.70736
7.39232
7.59991
6.1416
5.79874
6.89482
4.51096
4.04775
4.03148
4.80735
6.51833
6.53916
6.16323
4.88536
4.21245
3.82889
4.41504
8.26679
8.52356
8
7.49185
6.34873
3.05889
3.79008
6.3159
6.46352
5.32193
7.53138
4.77761
5.49719
5.45943
4.50901
5.74819
3.72632
7.24793
6.83289
4.72403
6.33539
4.57743
5.35168
6.30986
3.42146
4.32193
4.79442
5.81378
5.8392
5.10434
5.37851
3.98299
3.72632
6.66297
4.8392
5.08215
6.10154
4.58496
3.95936
6.87856
6.67243
3.72632
6.24793
3.85031
4.87652
6.06609
6.84549
3.74416
6.66297
4.30256
3.9573
5.1416
4.13516
5.84549
5.86419
5.51833
5.29278
5.86625
4.8365
4.81307
5.30986
4.30256
3.9573
6.87856
0.781878
7.96232
6.2384
1.33703
11.1818
6.8392
5.1416
3.15843
3.99469
6.53398
6.45943
7.35755
8
5.30986
4.30256
3.9573
6.87856
0.781878
7.96232
6.82337
8.92778
7.33985
2.68353
14.3157
8
8
8
6.68182
5.7761
7.50779
5.52356
6.71425
4.47449
4.93336
4.08215
3.42786
4.42626
6.89482
5.25424
4.80735
7.71425
1.80296
5.98299
4.21245
3.82889
4.41504
5.94486
4.02975
7.12928
7.42626
6.09452
5.19827
7.90087
7.54689
6.35755
7.33985
5.23522
7.87652
4.66107
6.09452
3.74416
6.66297
4.50901
4.42626
6.89482
4.13516
5.52356
5.08215
5.10154
4.53743
4.12553
5.29155
5.08215
4.51658
1
5.30986
4.30256
3.9573
5.1416
4.13516
4.52356
7.55459
7.3837
6.11548
4.08746
7.20945
7.40939
7.35755
8
7.26679
6.8392
5.65617
4.30256
3.9573
6.46352
4.02975
3.3744
6.16323
5.71699
7.91886
5.47573
7.49185
7.36632
7.35755
8
8
8
5.30986
4.30256
3.9573
8.46352
2.92735
7.56986
6.1565
4.90689
7.70736
7.35755
7.35755
8
2.83872
12.1631
3.96578
6.71425
6.49185
5.9386
6.20945
7.91886
7.47573
7.3837
6.67243
7.59991
8.35755
7.33985
7.40939
8
4.88536
6.1224
5.11151
6.66297
7.8392
8
5.45943
7.37504
6.49185
7.56986
5.11151
8.24793
4.59694
4.85086
6.89482
4.13516
5.52356
5.08215
5.10154
6.70736
6.61471
4.42626
5.30986
4.30256
3.9573
5.65617
4.30256
6.86419
5.86419
7.10329
4.40475
3.91254
5.11894
6.90087
6.8392
7.46352
4.59694
7.02237
7.42626
7.5157
3.848
6.08746
5.71699
7.91886
5.47573
5.16993
1
6.3159
4.65617
7.26679
4.2156
5.65535
7.70736
6
5.0761
5.29278
6.76155
4.50956
3.9573
5.2936
4.6105
4.40599
6.05528
6
5.09954
5.33539
5.07325
7.81378
5.10852
5.45943
4.50901
4.42626
6.89482
1.80296
5.98299
1
6.10852
5.09452
7.74819
4.84967
12.4529
7.67243
6.89482
5.2936
6.53398
7.40939
7.3837
7.37504
6.61471
4.42626
5.30986
4.30256
6.86419
5.86419
4.53743
8.33539
6.37504
5.46597
8.26679
6.12928
4.58496
7.71425
6.03562
5.19377
4.74894
4.49185
4.56847
7.89482
5.78136
5.27053
4.21245
8.07682
7.35755
7.44294
8
5.24793
5.39803
5.35168
6.89482
4.6105
4.40599
6.05528
6
5.09954
5.01346
4.45943
4.13203
6.22882
4.30256
3.9573
8.46352
9.43879
6.20945
6.43463
7.35755
8
6.53138
5.96578
5.44294
3.72632
6.66297
4.30256
3.9573
8.46352
7.43879
7.50779
7.3837
4.88264
4.13203
7.81378
4.91886
5.78136
6.39232
4.42253
5.37851
6.54432
7.39232
7.49185
2.83872
14.333
7.73471
7.35755
6.40939
10.2276
4.47449
4.93336
4.08215
3.42786
4.42626
6.89482
5.6105
6.44294
5.58496
7.52356
4.11042
5.73335
6.61471
4.42626
7.89482
5.29068
4.59991
5.49719
4.974
5.45943
4.30256
3.9573
5.65617
4.19114
4.11042
4.88536
7.91289
7.40088
8
8
6.89482
8.35755
7.33985
7.40939
8
4.88536
6.1224
5.11151
7.24793
4.77259
7.69349
6.39232
7.45121
3.74416
5.24793
5.29068
7.59991
6.80735
5.51728
6.30986
3.85031
4.87652
8.06609
5.83289
5.12928
6.89482
5.005
7.70736
5.49185
5.09452
6.89482
4.6105
4.40599
6.05528
4.12553
7.87652
7.34873
2.45943
13.333
4.02975
7.12928
4.67646
6.69349
6.22239
4.29155
7.26679
4.65617
6.68182
3.57447
5.09452
6.82655
6.43463
7.35755
8
6.53138
6.1224
4.17792
14.3157
8
7.33985
7.67243
7.33985
5.0761
6.61471
4.42626
6.89482
5.25424
4.80735
5.71425
4.19114
4.11042
6.05528
4.12553
7.87652
6.53916
6.16323
4.81307
7.89482
4.97936
4.33539
3.6865
3.05889
5.56768
5.8413
6.39803
6.47573
6.65105
7.97728
7.35755
7.44294
8
5.05528
6.5157
7.89482
2.92735
5.56986
5.12102
7.87652
6.98299
6.53138
6.70736
4.13203
7.81378
4.02791
7.53138
6.44294
7.49985
7.34873
7.35755
2.94486
6.1416
5.1416
7.67243
7.49185
4.59694
4.66107
6.16323
5.35755
3.9542
7.26679
4.65617
7.26679
3.85031
4.41709
4.58496
7.87652
5.29278
3.9542
5.45943
4.30256
3.9573
5.2936
3.51096
6.35168
7.40088
7.36632
7.35755
8
8
8
5.30986
4.30256
3.9573
5.65617
4.19114
4.11042
4.88536
7.91289
7.40088
8
8
7.89482
4.19114
5.24793
7.12928
4.67646
5.10852
5.08215
5.10154
7.70736
8
7.5157
