169
8
8
7.71425
7.63662
7.45121
6.45121
7.58496
6.14975
7.44294
7.40939
6.50779
7.45943
8
8
8
7.44294
7.53138
7.45943
7.48382
10.2842
8
7.45943
7.41785
5.47573
7.53916
6.87652
6.76155
7.41785
7.41785
8
5.86625
7.48382
5.73471
7.46761
7.5157
7.45121
7.48382
7.40939
7.56224
7.45943
7.47573
5.42626
7.46761
7.71425
6.61471
7.41785
7.48382
6.63662
6.44294
7.40939
7.41785
8
8
9.77643
4.93074
6.53138
5.61471
7.50779
7.45943
7.48382
7.43463
7.42626
8
8
8
9.29692
7.5157
6.50779
5.42626
7.46761
7.71425
7.59246
7.48382
5.22497
7.53138
5.89077
7.42626
8
7.40939
7.43463
7.40939
5.56224
7.5157
8
9.29692
5.63662
7.42626
7.43463
7.45121
7.59246
7.40939
7.42626
7.45121
7.43463
7.40939
7.40939
7.46761
7.43463
7.53916
5.61471
7.50779
7.53138
7.40939
8
7.40939
7.53138
7.59246
7.48382
7.49185
7.41785
7.40939
7.71425
6.87652
7.43463
7.42626
6.48382
7.45943
7.41785
7.46761
7.42626
7.41785
7.48382
6.57743
7.45943
7.41785
5.47573
7.53916
5.41879
5.49985
7.57743
6.00749
7.42626
7.43463
7.45943
7.47573
5.42626
7.46761
7.43463
8
9.29692
7.5157
7.46761
7.46761
7.48382
8
7.47573
7.40939
7.42626
8
6.45121
13.1485
7.45943
7.48382
7.87652
7.5157
7.49185
7.40939
8
7.41785
7.41785
7.48382
7.59246
6.48382
7.46761
7.46761
5.94642
6.42626
7.53916
6.87652
7.76155
7.42626
7.44294
8
9.29692
7.42626
7.41785
7.42626
9.89633
7.73471
7.43463
8
7.42626
7.44294
7.45943
8
8
6.61471
7.45121
6.43463
7.42626
7.54689
7.41785
7.48382
7.43463
7.53916
7.63662
7.43463
7.49185
7.59246
7.43463
7.53916
5.61471
7.50779
7.53138
6.05166
7.44294
7.45943
7.47573
7.49985
8
8
7.48382
5.63662
7.42626
7.43463
7.45121
5.73471
7.46761
7.5157
7.45121
7.48382
7.40939
7.56224
7.45943
7.47573
7.43463
6.49985
7.48382
4.93074
7.53138
6.45943
7.41785
6.42626
7.45943
8
7.45121
7.41785
8
3.41709
7.71425
5.63662
7.42626
6.45121
7.5157
7.41785
8
5.43463
5.85798
7.71425
3.41709
7.71425
5.99247
7.49985
7.41785
7.48382
7.45943
8
7.41785
7.42626
7.5157
7.45121
10.2842
8
7.41785
6.42626
7.40939
7.45943
7.44294
7.43463
7.53916
7.5157
7.40939
8
8
7.42626
7.44294
7.43463
8
9.77643
6.63662
7.44294
7.5157
6.5157
7.71425
7.45943
7.48382
5.61471
7.50779
7.45943
7.48382
7.54689
8
13.9204
8
8
7.48382
5.73471
7.46761
7.5157
7.45121
7.48382
7.40939
7.56224
7.45943
7.47573
5.42626
7.46761
7.71425
7.53138
7.40939
8
7.55459
5.61471
7.50779
7.45943
7.41785
7.41785
7.41785
7.48382
6.02975
7.42626
7.48382
7.44294
8
8
7.43463
7.48382
7.40939
8
7.48382
5.61471
7.50779
7.53138
6.57743
5.87447
5.43962
7.47573
7.45943
7.42626
7.41785
7.44294
7.53916
5.61471
7.50779
6.53138
5.61471
7.50779
7.45943
7.48382
6.49185
6.53916
5.47573
7.42626
8
8
7.48382
7.5157
6.46761
6.45121
7.40939
7.41785
7.41785
7.41785
7.44294
7.53916
7.63662
7.43463
6.53138
7.53916
7.71425
6.87652
7.40939
8
8
7.43463
7.45943
7.41785
7.45943
7.42626
7.50779
7.53138
7.42626
8
7.40939
7.45121
7.42626
7.43463
7.43463
6.42626
7.40939
7.45943
7.44294
8
9.29692
7.5157
7.46761
7.46761
7.5157
6.50779
7.42626
7.42626
7.49185
7.40939
7.40939
7.46761
7.71425
5.41278
7.48382
6.45121
7.53916
7.49185
6.42626
7.43463
7.5157
7.40939
5.47573
7.42626
8
8
7.48382
5.41278
6.48382
7.44294
7.46761
3.41709
7.71425
5.41879
7.49985
8
8
14.0284
6.59246
6.50779
7.43463
7.42626
5.47573
7.42626
8
8
7.48382
6.61471
7.41785
7.48382
6.61471
7.45121
7.44294
7.41785
8
9.29692
6.02975
7.42626
7.48382
7.44294
8
8
7.43463
7.48382
7.40939
8
7.48382
5.61471
7.50779
7.53138
7.46761
8
6.45943
7.71425
6.59991
7.47573
8
6.42626
6.50779
7.42626
7.41785
8
7.45943
7.40939
5.47573
7.42626
8
8
7.48382
7.5157
7.46761
7.46761
7.40939
8
7.40939
7.53138
7.44294
7.41785
13.7527
7.59246
7.40939
7.42626
7.45121
7.43463
7.40939
7.40939
8
7.48382
5.61471
7.50779
7.53138
7.63662
7.43463
7.53138
7.41785
7.48382
7.57743
6.48382
6.49185
7.42626
7.44294
7.53916
5.41879
5.49985
7.57743
7.73471
8
7.45943
7.41785
7.48382
7.50779
7.53916
5.61471
7.50779
7.53138
7.53138
8
7.43463
7.45121
8
7.48382
5.61471
7.50779
7.53138
5.73471
7.46761
7.5157
7.45121
7.48382
7.40939
5.56224
6.5157
7.71425
7.5157
7.46761
7.46761
6.87652
7.40939
8
8
8
7.46761
6.5157
6.46761
7.50779
7.44294
7.53916
4.93074
7.53138
5.73471
7.46761
6.5157
6.46761
7.49185
7.40939
5.56224
7.5157
7.43463
7.53916
6.00749
7.42626
7.43463
7.53138
7.41785
8
7.42626
7.41785
6.42626
7.46761
7.43463
7.53916
7.61471
6.45943
7.71425
6.14975
7.43463
7.41785
7.45943
7.42626
7.50779
6.53138
5.61471
7.50779
7.53138
7.48382
8
7.47573
7.40939
7.42626
8
8
9.29692
7.5157
7.46761
7.46761
7.5157
6.50779
7.45121
7.43463
7.43463
5.43463
7.44294
7.45943
6.47573
6.02975
7.42626
7.44294
7.53916
5.5157
6.53138
7.5157
7.41785
8
7.42626
7.45943
6.42626
5.89885
7.44294
7.53916
5.58871
5.49185
7.62205
4.93074
7.53138
7.45943
7.48382
6.84549
7.40939
8
13.9204
8
8
7.50779
7.44294
7.40939
5.88264
7.47573
7.41785
7.48382
3.41709
7.71425
5.63662
7.42626
6.45121
7.5157
7.41785
8
5.43463
7.44294
8
9.29692
3.41709
7.71425
5.87652
7.49185
7.41785
7.43463
7.43463
7.41785
7.45943
7.42626
7.50779
7.53138
7.73471
8
7.45943
7.41785
7.45121
7.47573
7.42626
7.44294
7.48382
7.71425
6.59991
7.47573
8
6.42626
6.50779
7.42626
7.41785
8
7.45943
7.42626
6.45943
7.71425
7.63662
6.43463
7.54689
7.40939
6.45121
7.40939
7.41785
8
8
6.87652
5.84967
7.48382
5.73471
7.46761
7.5157
7.45121
7.48382
7.40939
7.56224
7.45943
7.47573
5.42626
7.46761
7.71425
10.2842
8
7.41785
7.41785
7.48382
7.54689
7.45121
6.87652
7.42626
7.43463
7.41785
6.45943
7.71425
6.61471
7.41785
7.44294
7.53916
6.14975
7.43463
7.47573
7.40939
7.48382
7.48382
7.57743
7.45121
6.45943
7.47573
7.5157
7.40939
7.43463
7.50779
7.44294
7.53916
7.5157
7.49185
7.41785
7.42626
7.49185
7.53138
6.45943
7.44294
7.53916
7.57743
7.48382
5.18587
7.50779
7.50779
7.53916
5.61471
7.50779
7.53138
6.59246
7.50779
7.45943
6.48382
7.46761
7.43463
7.42626
6.50779
7.48382
5.61471
7.50779
7.53138
2.75803
6.71425
7.40939
7.42626
7.61471
4.93074
7.53138
6.57743
7.45943
4.70834
7.53138
6.47573
7.41785
7.48382
5.61471
7.50779
7.53138
2.75803
6.71425
7.40939
7.43463
8
1.73372
13.9204
8
7.44294
8
7.71425
7.63662
7.45121
6.45121
7.58496
7.59246
7.48382
7.49185
7.47573
7.41785
7.48382
7.5157
7.46761
7.46761
5.14568
7.43463
7.47573
5.42626
7.46761
7.71425
5.94642
7.49185
7.42626
7.42626
7.43463
7.45121
7.44294
7.41785
8
6.47573
7.45121
7.42626
7.43463
7.50779
7.53916
6.61471
7.41785
7.48382
6.59246
6.50779
7.49185
7.41785
7.41785
7.41785
6.48382
7.49185
7.41785
8
7.48382
5.61471
7.50779
7.53138
6.59246
7.50779
7.44294
7.40939
7.43463
5.93074
4.30212
6.53916
5.89077
7.42626
7.71425
4.93074
6.53138
5.61471
7.50779
7.53138
5.94642
6.49185
6.43463
7.45943
8
7.41785
7.42626
7.40939
5.47573
7.42626
8
8
7.48382
5.61471
7.50779
7.53138
7.42626
8
7.42626
7.42626
7.41785
6.43463
5.89077
7.42626
8
9.29692
5.99247
7.49985
7.41785
7.48382
7.45943
8
7.41785
8
7.41785
8
6.46761
7.41785
6.42626
7.40939
7.45943
7.44294
7.43463
7.53916
7.5157
7.40939
8
8
7.42626
7.44294
7.43463
7.53916
6.02975
7.42626
7.48382
6.59246
6.50779
7.49185
7.41785
7.41785
7.41785
7.41785
7.48382
5.61471
7.50779
6.53138
5.61471
7.50779
7.45943
7.48382
6.45943
6.46761
7.5157
7.45121
4.93074
7.53138
6.02975
7.55459
7.40939
8
7.42626
7.5157
7.45943
8
7.41785
7.42626
7.5157
7.45121
3.41709
7.71425
5.87652
7.49185
7.41785
7.43463
7.43463
7.41785
7.45943
7.42626
7.50779
7.53138
7.73471
8
7.45943
7.41785
7.45121
7.47573
7.42626
7.44294
7.48382
7.71425
6.61471
7.41785
7.48382
5.14568
7.43463
6.47573
7.48382
7.42626
7.41785
8
13.1485
7.45943
7.48382
7.87652
7.5157
7.49185
7.40939
8
7.41785
7.41785
7.48382
5.61471
7.50779
7.45943
7.41785
7.47573
7.41785
7.40939
7.71425
7.46761
8
7.46761
7.46761
7.43463
7.43463
7.42626
8
7.48382
5.94642
7.42626
7.47573
7.42626
7.50779
7.42626
8
7.45943
6.42626
7.48382
7.48382
7.73471
8
7.45943
7.41785
7.45121
5.47573
7.59246
7.45943
7.47573
5.61471
7.50779
7.53138
6.59991
5.45943
7.5157
7.41785
8
7.43463
7.40939
8
7.44294
7.53916
5.61471
7.50779
7.53138
7.59991
8
7.40939
8
7.45943
6.47573
6.02975
7.59246
7.49185
7.42626
7.43463
6.49185
6.42626
7.42626
8
9.29692
7.42626
7.41785
7.42626
9.89633
7.59246
7.48382
7.49185
7.47573
7.41785
7.48382
7.73471
7.43463
8
7.42626
7.44294
7.45943
7.41785
7.41785
7.48382
7.63662
7.43463
7.49185
4.42253
7.71425
5.61471
7.50779
7.53138
6.05166
7.44294
7.45943
7.47573
7.49985
8
8
7.48382
6.46761
7.41785
6.42626
7.40939
7.45943
7.44294
7.43463
7.53916
7.46761
7.42626
7.42626
7.45943
7.50779
7.53916
7.63662
7.43463
7.53138
7.41785
7.48382
7.57743
7.48382
7.50779
7.43463
6.49985
7.48382
6.59246
7.41785
7.42626
7.42626
7.48382
7.73471
8
7.45943
7.41785
7.48382
7.40939
6.40939
9.29692
5.94642
7.49185
7.43463
6.42626
6.53138
7.53916
7.71425
3.41709
7.71425
5.63662
7.42626
6.45121
7.5157
7.41785
8
5.43463
7.44294
5.86625
13.9204
8
8
7.41785
8
7.43463
7.41785
7.41785
7.48382
7.5157
7.46761
7.46761
6.05166
7.44294
7.45943
7.41785
7.48382
7.40939
6.56224
6.50779
7.48382
6.59991
7.47573
6.41785
7.48382
5.96193
6.46761
7.50779
8
7.45943
7.49185
7.50779
7.42626
8
7.45943
7.42626
7.48382
7.42626
8
7.40939
7.45121
7.42626
5.43463
7.44294
7.45943
7.47573
7.53138
7.40939
8
8
8
8
7.44294
7.53138
7.87652
7.41785
7.41785
8
6.42626
7.46761
7.42626
6.45943
7.71425
3.41709
7.71425
7.57743
7.48382
7.40939
7.45121
7.41785
6.45943
7.71425
5.61471
7.50779
7.53138
5.41278
7.48382
8
7.40939
5.47573
7.42626
8
8
7.48382
5.61471
7.50779
7.53138
6.05166
7.44294
7.45943
7.47573
7.49985
8
8
7.48382
6.05166
7.44294
7.49185
7.43463
7.42626
7.49185
7.41785
7.41785
7.43463
7.43463
