102
7
7
3.5108
12.0358
7.45121
12.6517
5.59495
6.02163
2.22624
2.50544
4.11022
7.83389
6.87344
1.96818
3.23139
1
3.81041
1.10216
9.0761
4.33908
2.75002
2.50023
0.362091
1.6748
3.53126
5.13852
1.72482
4.18039
4.69731
2.6913
1.83119
3.95198
3.68841
3.4727
3.9081
2.08128
4.93287
1.89751
4.92529
4.20076
2.45203
1.45482
2.46157
3.01978
2.45808
1
3.23154
1.74641
3.31831
3.40712
2.69221
10.9322
2.08406
3
1.77493
3.10623
0.91572
6.76338
1.8534
8.71233
0.835821
8.98309
4.6017
4.65821
0.015012
2.98705
2.22802
1.8207
1.45482
2.46157
5.38059
1.62713
2.43957
3.91675
2.30602
2.71488
7.62619
4.70352
2.19704
2.76004
1.89751
2.4123
1
0.584963
3.31442
2.09453
1.51626
2.10918
5.05894
2.84857
3.49474
6.25414
0.996641
2.51334
1.98737
1.94915
3.58027
0.397756
2.53728
0.91572
0.764784
5.11291
0.00815779
0.35122
0.401787
4.51558
1.62713
3.47383
4.11781
1.59919
2.03526
3.19037
3.11958
3.73681
2.82027
4.37202
4.13431
1.79595
1
1.19676
1
4.78523
1.50948
2.50023
0.362091
1.6748
10.5535
4.80252
2.2584
6.53916
5.75274
1.5552
5.91897
4.20076
2.45203
1.45482
3.58027
4.21483
0.016342
2.98705
2.83083
0.949855
6.55787
1.7811
3.9783
7.27086
1.06559
2.57023
5.10154
1.67816
2.28114
1.10216
3.62077
7.03913
6.096
2.92268
2.5989
4.36177
2.29695
0.983632
5.11074
1.62713
3.31789
0.949855
11.8798
4.39855
4.98868
6.43463
5.13852
3.80561
1.72535
4.2742
0.016342
7.84994
2.06062
0.290677
1.6925
4.26347
4.72698
3.44
5.47509
1.72384
2.93319
7.89118
0.70009
2.94145
3.66358
4.5807
3.2972
1.89704
5.33513
3.13886
1
0.584963
3.14408
2.9398
1
4.97788
3.00168
0.397756
2.53728
0.91572
0.764784
3.7626
1.78943
2.93319
4.20076
4.82382
0.800008
0.0131573
0.215385
3.23154
2.09453
1.51626
2.10918
3.84872
3.68841
3.4727
3.9081
2.08128
4.93287
1.89751
4.92529
4.20076
5.60611
0.721483
1
2.99918
1.77493
1
3.89232
1.1149
2.99306
4.41999
2.6913
6.41513
0.885306
2.8666
1.34044
3.5108
1
3.08968
1
0.565652
3.32869
0.948489
1.14446
1.31878
3.19037
1.34044
4.85747
3.20521
6.04949
4.49925
1.08131
0.911548
2.66927
0.465057
2.71268
1.60151
10.9944
5.77517
6.88264
1.8151
1.76357
0.206944
1.75244
3.09292
0.397756
1
7.71363
0.0737779
4.19391
6.77533
0.907526
4.8196
10.5303
2.08406
3.43812
1.74641
0.682628
1.74309
1.6744
4.60775
1.10216
2.23282
0.91572
6.76338
1.8534
2.43957
7.95739
0.656718
13.6172
7
0.961344
3.95198
3.68841
3.4727
3.9081
2.08128
4.93287
1.89751
4.92529
4.20076
2.45203
1.45482
2.46157
5.00507
2.09974
3.00271
2.17529
4.1023
0.91572
6.76338
2.22487
4.16871
2.29695
0.983632
4.80966
1
1.40371
5.30449
5.47513
1.7998
0.752341
2.33409
3.27339
1.47652
1.05907
2.23282
0.91572
0.764784
4.89106
1.50948
3.56878
2.88733
2.39448
2.11852
1.19676
1.59792
0.421879
2.53728
0.91572
0.764784
3.10623
0.91572
6.76338
1.8534
3.47383
5.15757
1.8129
0.363701
0.394675
0.0131573
0.215385
2.99918
2.83083
6.51367
3.21359
3.52325
4.16871
2.29695
1.59792
1
3.14408
2.9398
2.69372
1.54487
1
3.19037
5.49055
1.83121
2.16927
3.28163
3.78676
4.43568
0.707515
2.11852
1.82463
0.764784
7.53113
1.21641
1.69639
3.20003
3.53546
2.91131
6.04941
3.87878
1.76357
0.206944
1.75244
3.94949
0.0277241
2.98705
2.83083
0.949855
3.91915
2.22802
1.8207
3.01295
3.17957
4.64205
1.98737
1.94915
2.46157
3.48509
0.53779
4.86693
3.53032
5.24513
2.51091
0.929098
3.19366
4.01881
0.190938
0.363701
0.394675
0.0131573
0.215385
3.95198
0.53779
1.5044
2.11806
2.93175
1
10.1597
4.80252
8.28077
7
2.73697
4.45286
1.09261
4.96175
4.08554
1.19504
0.363701
0.394675
0.0131573
0.215385
2.23282
2.45808
0.983632
2.23282
3.66358
3.3262
14.7085
12.748
2.72489
3.77986
1.43797
1.40371
5.30449
5.47513
1.7998
0.752341
2.33409
3.27339
1.47652
1.05907
2.23282
0.91572
0.764784
4.84075
0.612511
1.24592
1.35607
4.76847
0.687481
4.17221
1.31384
3.40415
1.8207
2.99103
4.69731
1.92013
2.45771
0.190938
0.363701
0.394675
0.0131573
0.215385
2.99918
2.83083
0.949855
4.61509
0.00815779
0.35122
0.401787
5.5621
1.44506
1.43263
4.9994
2.84857
3.49474
6.25414
0.996641
2.51334
1.98737
1.47652
1.05907
2.23282
0.91572
0.764784
3.7626
2.9398
2.69372
3.18454
1
4.78523
1.74962
0.711757
5.64536
1.72535
0.421879
10.5535
4.80252
2.2584
5.53916
3.59587
1.12424
4.21762
1.42832
4.84458
1.84536
2.53728
0.91572
0.764784
5.18239
2.68754
6.81044
7.1351
4.0869
1.05907
2.23282
0.91572
0.764784
3.84828
3.68841
3.4727
3.9081
2.08128
4.93287
1.89751
2.4123
1.6744
3.19677
2.83083
0.949855
2.93175
5.49055
1.83121
2.16927
7.74059
1
3.4727
6.84589
2.92318
2.75053
0.421879
2.79858
1
3.84828
3.68841
3.4727
6.84589
1.53576
4.64205
1.89751
2.4123
4.04859
1
4.97101
5.75274
1.5552
5.60964
3.07287
2.69221
3.57466
2.99103
2.17967
0.827615
2.69434
0.397756
1
2.39014
1.17902
3.48509
4.71724
3.49768
0.707515
2.11852
1.82463
0.764784
3.10623
0.91572
0.764784
6.45528
1.7811
3.9783
7.27086
1.06559
2.57023
4.27146
0.0277241
2.98705
2.83083
0.949855
3.91915
2.22802
3.93278
0.996641
3.64503
2.65779
1.14446
3.39566
1.83627
4.15625
1.43797
1.72535
0.421879
2.79858
5.50841
7.40259
2.90706
1
0.584963
0.415037
0.321928
0.263034
4.4976
0.421879
10.5535
3.55459
0.874469
3.58996
1.77493
3.81041
1.10216
10.4559
6.14371
1
3.43911
13.6172
7
0.495325
3.47719
1.4375
1
1.86539
1.48755
1
3.62077
1.34044
3.5108
1
3.08968
1
0.565652
3.32869
0.948489
1.14446
3.94949
0.0277241
2.80824
1.34044
3.19037
1
2.05187
1.75655
3.15424
1.91009
0.707515
2.11852
1.82463
0.764784
3.84828
3.59587
1.12424
4.21762
3.73383
2.44753
4.35114
1.72535
7.16709
2.13324
4.76847
0.687481
4.17221
1.31384
3.40415
1.8207
2.99103
4.69731
1.92013
3.58201
2.4522
1.17902
3.5108
2.9398
2.24391
4.24905
2.50762
3.21359
3.52325
9.10463
0.70009
2.8666
3.94745
0.675998
3.95198
3.68841
3.4727
3.9081
2.08128
4.93287
1.89751
4.92529
4.20076
2.45203
1.45482
2.46157
8.5852
4.86264
5.5025
5.19113
1.1773
2.43957
2.16874
2.33571
3.8123
2.1032
4.04941
3.72401
1.35607
3.01978
2.45808
1.59792
0.421879
3.77557
4.71724
7.29286
3.27904
3.28372
4.58521
4.78523
3.83043
3.98776
3.45867
2.42895
1
0.790072
0.85082
2.75053
0.421879
2.79858
3.83864
0.70024
3.28352
3.17957
3.43657
3.81041
2.07834
0.421879
5.05274
1.74962
4.84458
3.89179
3.85587
1.84536
2.53728
0.91572
0.764784
4.02983
1.09261
8.66675
1.8534
3.31789
3.45039
1.47906
1.59302
1
2.23282
0.91572
0.764784
7.2575
0.483916
2.4267
6.70321
2.9349
3.65753
1.77493
4.89106
1.50948
4.69444
4.96805
2.30602
3.90294
1.09522
2.23282
0.91572
0.764784
7.2575
0.483916
2.4267
7.44018
7.2384
7
2.92935
13.6172
7
5.79442
2.69188
3.5108
12.0358
7.45121
12.6517
5.17991
1.62713
3.47383
3.9381
1.48755
0.983632
1
2.83083
0.949855
5.40948
1.69016
2.58496
2.45203
1.45482
2.46157
4.66398
0.195363
5.19987
3.87302
1.51626
2.10918
5.8569
9.23002
3.87367
6.52042
2.63571
3.53546
6.35206
1.86583
1.84536
2.53728
2.45808
0.983632
3.99908
1.09261
2.22767
0.70024
4.18039
4.05704
1.42832
0.711757
0.70024
2.01557
1.05907
2.23282
0.91572
0.764784
4.02983
1.09261
3.47719
1.4375
2.124
1.75113
3.05658
3.12025
1.8129
2.71488
1
3.19677
1.77493
3.10623
0.91572
0.764784
4.59209
0.195363
4.9751
1.68729
2.45503
2.66927
0.465057
1.32096
0.190938
0.363701
0.394675
0.0131573
0.215385
2.23282
0.91572
0.764784
7.53113
1.21641
2.49019
1.62388
2.99103
7.04433
1.08105
2.71488
4.61059
0.0277241
4.45508
3.20521
6.04949
4.49925
1.08131
0.911548
2.66927
6.02707
4.65153
1
5.64752
3.73046
1.8151
1.76357
0.206944
1.75244
3.09292
0.397756
1
7.71363
0.0737779
4.19391
6.77533
0.907526
4.8196
0.397756
4.13491
1.43797
1.40371
3.99908
1.09261
2.22767
0.70024
4.18039
4.16871
2.29695
0.983632
2.23282
0.91572
0.764784
3.10623
0.91572
6.76338
1.8534
13.3122
2.50185
2.87253
1.60151
3.45887
1.77493
4.53593
2.83598
9.78115
10.5595
2.49169
0.942435
4.98454
2.45503
2.66927
0.465057
2.71268
1.60151
2.33571
1.34044
3.19037
1
2.05187
1.75655
3.15424
1.91009
0.707515
2.11852
1.82463
0.764784
3.84828
3.59587
1.12424
4.21762
3.73383
2.44753
4.35114
1.72535
7.16709
2.13324
3.01978
2.45808
1
7.22551
1.69016
2.58496
4.9371
1
0.584963
6.25475
1.25144
2.28114
1.10216
3.62077
7.03913
6.096
2.92268
2.5989
4.36177
2.29695
0.983632
2.23282
0.91572
6.76338
2.22487
4.05704
4.30267
1.59919
2.03526
4.15697
0.612511
1
5.40948
1
2.6686
6.71195
3.96907
1.05907
8.03332
4.13853
2.1867
2.45203
3.09817
2.35656
1.53795
0.121956
4.85555
2.38606
4.58521
3.95198
3.59587
1.12424
4.21762
3.73383
2.44753
2.62742
3.04062
1.83627
2.00976
0.91572
0.764784
4.85067
6.59503
4.35335
0.565652
3.32869
0.948489
5.93324
1.47652
2.42915
0.421879
2.53728
0.91572
0.764784
4.85067
4.91597
2.99825
2.74177
1.90757
1.83627
4.15625
2.21911
5.21747
4.25799
1.5552
6.28064
7.32885
2.00856
5.52511
0.0277241
7.84994
2.06062
0.290677
1.6925
4.58712
1.62713
3.47383
3.9381
1.48755
0.983632
3.95198
4.72698
3.44
5.47509
1.72384
2.93319
4.43568
2.29695
0.983632
3.23154
2.9398
3.25165
1
1.88517
3.01978
0.91572
0.764784
3.7626
1.78943
2.93319
4.20076
4.82382
0.800008
0.0131573
0.215385
7.22551
3.73046
1.8151
1.76357
0.206944
1.75244
3.09292
0.397756
6.51394
1.61938
4.04606
2.87732
2.32964
1.84536
3.14408
2.9398
2.69372
3.18454
1
4.78523
1.74962
4.84458
6.26319
0.721483
1.89733
5.11074
5.08348
6.38537
2.60749
5.02078
3.95198
3.59587
1.12424
4.21762
1.42832
11.8931
3.3599
0.909397
6.01486
0.195363
5.36299
0.835821
2.32107
1.54487
3.18654
3.19037
1.34044
3.5108
1
3.08968
1
0.565652
3.32869
0.948489
1.14446
4.5948
0.610919
13.6172
7
4.67531
4.54032
1.85673
1.91009
2.29695
0.983632
1
2.83083
0.949855
3.4447
1.78943
2.93319
4.21762
1.42832
4.99825
1.89751
2.66973
2.8418
5.43492
0.687481
2.50788
1.26287
2.43957
5.23337
2.92318
4.50115
2.80249
4.62696
1.69549
2.35656
1.53795
0.121956
2.10746
1.52414
7.88262
1.21641
1.69639
3.20003
3.53546
2.91131
1.14446
3.39566
1.83627
5.67397
2.09974
3.00271
10.0741
2.7851
1.96818
3.23139
1
0.584963
3.84364
3.0545
1
2.51917
0.827615
2.92626
2.4522
1.17902
3.19037
1.34044
4.85747
1.74962
4.53441
1.05817
3.18462
0.707515
1
3.01978
0.91572
0.764784
3.84828
0.53779
12.5302
1
0.584963
0.415037
0.321928
0.263034
0.222392
2.23282
0.91572
0.514573
3.7626
1.78943
2.93319
4.20076
4.82382
0.800008
0.0131573
0.215385
3.23154
1.78943
1.47354
5.36299
0.835821
3.42543
0.70024
4.18039
1.75655
1.28421
6.02075
