172
8
8
8.13186
3.92481
5.06916
1
8.07146
5.60562
4.12611
5.85175
5.63227
5.8125
7.65105
7.45943
7.52356
4.53743
6.94837
8.21432
8
7.57648
6.48382
5.8125
6.22882
6.17991
8.90087
5.86475
5.35755
5.53605
6.78136
6.10852
6.04439
8
5.2186
4.99435
4.28293
5.79442
7.85175
7.65105
5.66534
3.99435
5.37255
3.64386
4.36565
7.13186
5.92184
7.89482
8
4.92481
6.92481
7.43463
7.45121
8
5.86625
8.66534
5.53138
6.3634
4.92184
6.90087
5.94251
7.85175
5.96193
7.75489
7.62936
7.47573
5.14568
11.0855
5.36146
4.76081
3.64386
4.36565
9.13186
5.56224
4.15131
8.10329
7.45943
7.43463
8
7.65105
7.45121
7.57743
7.65105
5.08037
6.09276
2.92892
9.72796
5.11746
5.11548
5.43741
7.87652
5.73001
7.62205
7.99435
5.98299
6.14975
6.65105
5.73335
5.25873
4
8.90087
4.92184
5.3159
7.94837
6.08037
5.16189
8.03342
7.94837
5.56224
6.26679
7.9542
6.60733
6.26679
8.13186
4.56929
5.76553
5.61961
6.04439
6.35168
5.53138
6.48113
3.56071
7.89482
6
4.73295
5.8125
6.22882
6.17991
6.09351
5.01816
5.86295
8.35755
7.1472
5.60733
5.16993
3.99435
5.37255
3.64386
5.25873
8.08746
3.83094
11.0855
4.62449
5.75489
9.11894
4.92527
6.2854
5.85798
7.92481
5.25424
7.56224
4.91488
12.3391
8.21432
8
5.07625
6.60486
6.01495
4.58496
7.56224
5.47249
7.89482
7
5.56224
6.26679
5.75489
8.11894
5.85024
4.42931
7.29462
5.86475
5.84298
6.16323
6.60486
3.83094
11.3851
8.37504
7.44294
6.45943
9.78627
6.7211
7.67243
7.58496
7.74147
4.65105
7.99435
5.9386
7.7211
5.59991
5.74819
4.67243
4.75489
5.51833
6.12928
7.04439
4
8.90087
6.92481
4.41278
5.9542
3.97323
4
8.90087
4.92184
5.3159
6.94837
5.75489
4.65105
3.99435
8.17991
7.45121
8
8
8
5.11746
5.11548
5.43741
7.87652
5.2186
4.99435
4.28293
5.79442
7.85175
7.65105
5.66534
3.99435
6.59495
6.10852
6.81378
8
5.53138
6.94837
4.89239
7.56224
5.26303
5.40939
6.10852
7.62936
7.60733
7.7211
5.00225
8.13186
5.11746
6.11548
7.78136
6.44294
7.45121
7.43463
3.55943
3.16993
8.13186
5.00225
9.13186
4.96428
6.81378
6.56224
6.13614
5.71425
6.87036
7.47573
7.45121
5.8679
7.87652
10.5765
8
6.43463
7.45943
8
6.40939
6.92481
4
7.90087
8.53138
6.43463
7.48382
7.56224
6.82655
5.92481
8.08746
5.86625
8.66534
4.92481
4.33985
5.0199
6.50779
8.13186
8.21432
8
4.92184
6.90087
5.94251
4.15131
7.10329
7.53138
14.5848
8
7.43463
8
5.2186
4.99435
4.28293
5.79442
7.85175
7.65105
5.66534
3.99435
5.37255
3.64386
4.36565
8.13186
7.14771
7.87036
7.56986
7.10329
4.92184
6.90087
4.35755
6.78136
5.47249
7.89482
8
4.53092
6.74819
8
7.46761
7.43463
8
6.29921
4.7211
5.05528
4.92481
8
4.92184
5.3159
7.94837
4.73295
4.8125
4.35755
6.10852
7.76818
3.56071
2.85042
3.33184
8.90087
4.92184
5.3159
6.3634
4.92184
6.90087
5.94251
6.26679
7.9542
7.43463
7.43463
8
8
8
8
4.62449
3.75489
4.13203
8.05528
6.78136
5.47249
2.85042
3.33184
8.90087
6.92481
6.73471
6.8009
4.80162
8.13186
6.32418
5.59991
6.64386
4.92481
4.70044
6.99435
7.79442
7.76818
6.29768
5.3159
7.94837
5.56768
5.93074
7.55459
7.74819
5.57894
7.80735
7.44294
7.45943
8
6.40939
6.92481
2.92892
11.0855
4.62449
5.75489
9.11894
5.36146
4.76081
5.38082
5.76155
7.03342
6.65105
5.73335
4.36565
8.13186
5.60562
4.91289
6.78136
7.97154
6.70044
4.8392
4.85244
8.09276
7.43463
7.43463
8
8
8
8
5.60562
4.74296
5.40599
9.11894
5.00225
8.13186
5.01816
9.18488
7.52356
8
7.48382
5.43045
5.85175
7.93074
7.43463
7.43463
8
8
8
8
5.92184
7.89482
8
5.59991
5.42626
7.92481
7.94837
4.32193
11.2782
4.53092
6.74819
8
7.46761
7.43463
8
6.29921
4.7211
5.05528
4.92481
8
4.92184
5.3159
7.94837
6.22561
6
5.54946
7.54689
5.56478
6.61961
7.47573
5.43296
4.76081
5.96578
6.78136
6.10852
7.89482
7.43463
7.43463
8
8
8
8
4.62449
5.75489
9.11894
6.08037
5.16189
8.03342
6.94837
7.46761
7.49985
10.056
5.73001
7.62205
7.99435
5.98299
6.14975
6.65105
5.05528
4.92481
8
4.92184
5.3159
6.94837
6.92481
6.73471
6.21594
6.59991
6
4.58095
5.93074
7.9542
6.16323
3.33184
6.09351
5.01816
5.86295
8.35755
5.98413
6.04439
4.99435
5.76818
5.60881
5.60881
8.90087
4.92184
5.3159
5.3634
7.88468
6.45943
6.75489
6.79442
4.92481
8
4.92184
5.3159
7.94837
5.2186
4.99435
4.28293
5.79442
7.85175
7.65105
5.08037
6.50779
8.13186
4.62449
5.75489
9.11894
6.32418
5.59991
6.64386
7.92481
5.75043
4.99435
6.18982
7.55459
5.90087
3.33184
7.90087
5.53138
7.94837
5.2186
4.99435
6.18982
5.23266
7.03342
7.65105
5.08037
5.77083
4
7.90087
7.1472
5.60733
7.75489
7.45943
7.45121
8
5.96578
5.78136
4.73094
6.99435
4
8.90087
5.11449
6.18322
8.13186
4.7825
5.80735
7.79442
7.76818
6.29768
5.3159
6.3634
4.92184
5.3159
7.94837
4.92527
6.2854
5.85798
7.92481
5.25424
7.56224
2.92892
11.0855
4.62449
5.75489
9.11894
5.36146
4.2303
5.98299
5.41278
5.93074
3.55943
6.33985
5.35168
7.88874
4.53092
6.16323
3.33184
7.90087
6.20945
7.8009
7.44294
6.49985
7.43463
4.59163
5.187
6.90087
5.59096
3.33184
6.09351
4.58635
5.37638
8.22882
5.53138
6.94837
8.21432
5.67807
5.40158
6.47303
6.85798
14.5848
8
7.47573
7.85175
6.59246
6
5.3159
5.69349
7.89482
8
5.00225
8.13186
5.11746
6.11548
7.78136
6.44294
7.45121
7.43463
3.55943
6.92481
2.92892
9.50055
5.00225
8.13186
3.80062
5.0199
5.78136
4.86507
5.7879
7.79442
7.76818
6.29768
5.3159
7.94837
5.98413
6.04439
4.99435
6.18322
4.23156
6.20457
6.16323
6.60486
5.04439
7.54689
5.56478
6.61961
7.47573
5.43296
4.76081
5.96578
6.78136
6.10852
7.89482
5.56071
6.18322
8.13186
6.92481
5.14975
6.10329
5.58496
4.13203
8.05528
7.78136
5.9386
7.7211
8.32418
7.5157
8
5.2186
4.99435
4.28293
5.79442
7.85175
7.65105
5.66534
3.99435
5.37255
3.64386
4.36565
9.13186
8.57648
6.45121
7.56224
7.49185
4.15131
6.51833
6.87652
4.56929
6.39803
7.80735
5.76818
5.54946
7.13186
5.92184
2.85042
1
7.90087
4.7825
6.22239
5.39722
6.1224
5.32793
6
4.7874
7.03892
6.71425
7.88874
5.94642
5.26303
5.16993
5.90087
3.33184
7.90087
5.72403
4.63227
1
5.76155
6.03342
6.94837
3.51388
3.33184
8.90087
4.58095
5.60881
7.93074
4.85175
5.60881
8.90087
4.92184
5.3159
6.94837
5.43045
4.39232
5.94251
6.26679
6.75489
7.29921
1
4.90087
8
4.92184
5.3159
6.3634
1.16149
8.07414
7.29768
6.17243
7.65821
5.53138
7.94837
4.73295
4.9645
8.18982
7.45943
7.43463
8
8
4.92184
5.3159
6.3634
1.16149
8.07414
8.88264
9.16742
7.43463
6.43185
14.5848
8
7.53138
7.45943
8.13186
3.92481
5.06916
4.66107
8.07146
5.56224
6.26679
5.36923
5.69349
7.89482
8
4.62449
5.75489
9.11894
4.02554
5.46597
5.37255
3.64386
4.36565
9.13186
4.94145
7.03342
6.16993
5.11548
5.43741
7.87652
7.46761
7.45121
7.43463
6.10852
7.74819
5.09351
6.34577
5.60881
8.90087
5.92184
7.89482
7
5.43045
6.85175
4.63227
5.53605
5.78136
5.76818
5.93074
4.63227
5.53605
4.92481
8
4.92184
5.3159
6.94837
5.43045
7.85175
6.59246
6.58496
5.16993
4.63333
8.16491
7.43463
7.43463
8
8.13186
5.53138
6.3634
4.92184
5.3159
6.3634
4.94145
4.22607
5.79442
5.12928
6.87036
7.47573
7.45121
7.43463
7.43463
8
8
8
8
4.92184
5.3159
7.94837
5.56768
7.5157
4.82443
5.96578
7.78136
7.44294
7.43463
8
2.92892
9.83759
4.96428
6.81378
6.56224
6.13614
5.71425
6.87036
7.47573
7.45121
7.60733
7.7211
8.41785
6.43463
7.45943
8
6.40939
6.92481
4
7.90087
8.53138
6.43463
7.48382
7.56224
6.82655
5.92481
4
7.90087
4.53092
6.74819
7
5.43045
6.85175
4.63227
5.53605
6.78136
5.47249
7.89482
8
4.92184
5.3159
6.3634
4.92184
6.90087
5.94251
1
4.24207
5.25873
5.8679
7.87652
5.53138
7.94837
4.91795
6.50779
5.58496
6.64386
3.85466
8.09276
5.12928
6.87036
7.47573
7.45121
5.8679
6.87652
5.00225
8.13186
3.80062
5.0199
5.78136
4.86507
5.7879
7.79442
7.76818
6.29768
5.3159
7.94837
5.98413
6.04439
4.99435
6.18322
4.23156
6.20457
6.16323
6.60486
5.04439
7.13186
5.92184
7.89482
7
4.02554
5.46597
5.17991
7.04439
3.56071
7.89482
4.49541
12.3391
8.21432
8
5.07625
6.60486
6.01495
4.58496
7.56224
5.47249
7.89482
8
4.92184
6.90087
4.35755
6.1964
8.20457
6.60733
6.26679
9.13186
6.22561
6
9.11894
5.83289
6.7211
6.08746
5.64386
4.92481
8
5.2384
4.7211
5.37255
7.96578
7.43463
7.43463
8
5.187
6.90087
5.32793
8
5.98413
6.04439
4.99435
6.18322
4.23156
5.61961
7.0607
5.35168
7.88874
4.92184
5.3159
7.94837
5.56478
6.71425
6.44294
7.45121
7.43463
6.22239
5.05528
5.60288
3.33184
8.90087
4.92184
5.3159
7.94837
6.34239
7.69349
7.58496
7.5157
5.35168
7.88874
4.03342
5.73877
5.8679
5.60733
6.16993
6.44846
7.47573
7.45121
2.92892
11.3851
8.37504
7.44294
6.45943
8.78627
5.56224
6.26679
5.36923
5.69349
7.89482
8
6.7211
7.67243
7.58496
7.74147
4.65105
6.99435
5.47249
7.89482
8
6.92481
4.41278
5.9542
4.73877
7.13186
4.92184
5.3159
6.94837
5.75489
4.65105
3.99435
8.17991
7.45121
8
8
7
8.41785
6.43463
7.45943
8
6.40939
6.92481
4
7.3159
4.83289
7.75489
5.47573
7.52356
5.60881
8.90087
6.92481
6.73471
6.21594
6.59991
6
4.58095
5.60881
6.93074
6.10852
6.81378
7
7.1472
7.78136
6.24159
6.70044
8
5.98413
6.04439
4.99435
5.76818
7.93074
7.47573
2.29546
11.2782
4.94145
7.03342
5.96193
6.16993
6.8009
4.80162
8.13186
5.00225
8.13186
5.11746
6.11548
7.78136
6.44294
7.45121
7.43463
3.55943
7.92481
6.49985
14.5848
8
7.43463
7.60733
7.49985
5.7879
5.47249
7.89482
8
4.62449
5.75489
7.53398
5.75489
4.65105
4.99435
5.76818
4.12338
7.65105
6.08037
4.90087
8
5.56478
4.88264
6.27302
4.15131
6.10329
7.55459
7.90087
5.27053
5.89482
8.18982
7.43463
7.43463
8
5.67243
6.41504
8
5.56768
5.93074
7.55459
7.74819
5.57894
3.55943
6.33985
5.35168
7.88874
7.14771
7.87036
7.56986
7.47573
7.45943
7.52356
4.53743
7.94837
4.32418
7.94837
7.65821
5.54844
4.73094
6.40939
5.56071
6.18322
8.13186
5.00225
9.13186
4.58095
4.76081
1
7.74819
7.79442
6.18322
7.13186
4.92184
5.3159
7.94837
5.60562
7.91289
7.56224
7.43463
7.43463
8
8
8
8
4.92184
5.3159
6.94837
5.75489
4.65105
3.99435
8.17991
7.45121
8
8
8
5.75489
5.65105
7.03342
5.96193
4.58496
4.63227
5.53605
5.78136
6.08746
6.7211
