169
8
8
6.80735
5.74147
7.52356
6.54689
6.76818
3.82631
4.67243
4.81378
4.11974
7.94251
7.43463
7.42626
7.45943
5.69349
8.2384
2.90689
7.3837
8.18611
7.42626
5.62059
6.70736
5.26053
8.224
5.73954
4.47573
5.69349
6.18982
6.59991
4.24031
8.3837
3.77385
5.32193
4.9386
5.37156
6.27302
6.54689
6.63662
5.32793
5.26053
4.63097
5.46597
7.39232
4.72544
6.59991
7.3837
4.74147
7.7211
7.41785
7.46761
8
5.44294
9.41151
4.16457
8.2384
4.09741
6.76818
5.36457
7.85798
6.49985
7.62205
7.43463
7.45943
3.36923
13.5549
6.4865
5.06916
4.63097
5.46597
6.80735
4.79181
3.46566
8.30834
7.46761
7.44294
8
7.43463
7.42626
7.58496
6.54689
4.17719
7.02791
2.01954
12.1399
4.41954
5.05166
5.52356
6.94837
5.48382
7.53916
6.6865
6.54689
7.60733
7.54689
4.94084
4.98055
3.97863
8.224
4.09741
3.76818
8.2384
5.52356
4.6845
5.62936
7.2384
4.79181
5.85798
7.97728
5.89885
5.81378
8.39232
4.64
4.48113
6.16993
5.74819
5.75489
7.52356
7.7879
6.08037
6.59991
8.3837
3.81164
5.62059
6.70736
5.26053
8.224
3.97909
2.47131
9.26209
5.30639
4.17719
4.14975
5.32793
5.26053
4.63097
4.98055
7.06609
2.64386
13.5549
5.26411
4.65821
7.97154
3.54253
4.97728
7.84549
5.87447
5.35755
6.49185
3.59202
9.54428
2.90689
7.3837
4.54689
7.10852
6.49185
6.49985
6.45121
6.07325
6.59991
8.3837
4.79181
6.27302
4.65821
7.97154
5.46195
4.51658
9.08215
5.73954
6.0607
7.65821
6.62205
2.64386
15.1399
7.58496
6.41785
5.50779
7.52356
5.5812
6.5157
6.60733
7.58496
5.16993
6.91289
7.5157
6.67948
4.18488
6.65105
4.8147
4.45213
4.13841
7.64386
7.74819
3.97863
7.224
5.0045
5.60733
4.80735
5.64962
3.97863
8.224
4.09741
3.76818
7.2384
5.51907
5.16993
5.32793
7.84549
7.47573
6.40939
6.41785
7.3837
4.41954
5.05166
5.52356
7.94837
3.77385
5.32193
4.9386
5.37156
6.27302
6.54689
6.63662
5.32793
6.84549
7.47573
7.62205
8.3837
4.16457
8.2384
6.90689
7.58496
5.19377
5.59096
6.59991
7.56224
6.06609
7.67948
3.64
6.80735
4.41954
5.05166
7.72792
6.56224
7.46761
8
6.02975
4
8.39232
3.64
8.39232
4.48971
5.62205
4.41504
4.67243
4.60486
6.97728
6.45121
5.87447
5.30117
7.94837
8.60115
7.41785
6.43463
5.92283
7.41785
4.74296
6.80735
3.97863
8.224
8.07146
6.42626
6.49185
7.45121
5.53138
6.13614
8.06609
5.44294
9.41151
4.74147
5.7211
4.64909
4.85798
8.39232
2.90689
8.3837
4.09741
6.76818
5.36457
3.46566
6.72338
4.66025
14.0195
8
2.59182
8.3837
3.77385
5.32193
4.9386
5.37156
6.27302
6.54689
6.63662
5.32793
5.26053
4.63097
5.46597
8.39232
4.78374
7.50779
5.92283
7.90689
4.09741
6.76818
5.6865
7.77479
6.07325
6.59991
8.3837
4.50779
6.07325
7.3837
7.53138
7.42626
8
5.50779
4.67243
5.74819
2.90087
8.3837
4.09741
3.76818
7.2384
3.81164
4.77259
4.0607
4.1565
7.82655
6.08037
6.59991
5.03709
8.224
4.09741
3.76818
8.2384
4.09741
6.76818
5.36457
5.85798
6.97728
7.45121
7.44294
8
6.40939
6.41785
8.3837
5.26411
5.65821
7.71425
5.74819
7.77479
6.07325
6.59991
5.03709
7.224
5.0045
4.79998
5.85175
4.17564
8.39232
6.22497
6.56224
6.62936
4.90087
4.84549
5.91289
6.07325
7.82655
5.66534
3.76818
6.65344
4.77761
7.48382
5.86625
6.06609
6.12928
6.61471
7.44294
5.92283
7.41785
4.74296
6.22239
2.01954
13.5549
5.26411
4.65821
6.97154
6.4865
5.06916
4.99354
4.62936
5.6837
7.54689
4.94084
5.46597
6.39232
3.77385
5.33985
5.14296
6.39803
5.94642
5.09452
5.03814
8.02791
7.41785
7.44294
8
6.40939
6.41785
8.3837
3.77385
5.60288
5.34341
6.97154
3.64
7.39232
3.97909
7.5157
7.44294
8
7.45943
4.23589
5.21594
7.62936
7.42626
7.44294
8
6.40939
6.41785
8.3837
4.72544
6.59991
8.3837
4.18488
5.32912
7.80735
6.10154
3.90689
12.8179
4.50779
6.07325
7.3837
7.53138
7.42626
8
5.50779
4.67243
5.74819
2.90087
8.3837
4.09741
3.76818
8.2384
7.99435
5.02237
5.13516
8.39232
3.97323
8.30834
7.43463
6.03709
5.06916
5.21594
1
6.01495
7.70736
7.41785
7.44294
8
6.40939
6.41785
8.3837
5.26411
4.65821
7.97154
5.52356
4.6845
5.62936
8.2384
7.53138
5.54689
7.55459
5.48382
7.53916
6.6865
6.54689
7.60733
7.54689
5.74819
2.90087
8.3837
4.09741
3.76818
7.2384
5.0045
4.79998
6.85175
6.1565
8.3837
4.58925
5.1565
7.97728
7.65821
5.03709
8.224
3.97909
2.47131
9.26209
5.25927
6.53138
6.32793
4.62936
6.1565
4.70659
8.224
4.09741
3.76818
6.65344
5.24317
6.48382
6.73471
7.69349
2.90087
8.3837
4.09741
3.76818
7.2384
3.77385
5.32193
4.9386
5.37156
6.27302
6.54689
4.17719
4.85798
8.39232
5.26411
4.65821
6.97154
6.22497
6.56224
6.62936
6.3159
5.59246
5.32193
5.52356
5.50779
5.06916
5.03709
8.224
4.16457
7.2384
3.77385
5.32193
5.52356
6.50779
5.6837
6.54689
4.17719
4.56847
3.97863
8.224
5.30639
4.17719
7.73471
6.46761
7.46761
8
5.21594
6.18982
6.12928
5.09954
3.97863
8.224
4.48444
5.01919
6.39232
5.5812
7.61471
6.07325
7.82655
5.66534
3.76818
8.2384
4.09741
3.76818
7.2384
3.54253
4.97728
7.84549
5.87447
5.35755
6.49185
2.01954
13.5549
5.26411
4.65821
6.97154
6.4865
5.87652
6.54689
6.60733
6.04439
6.02975
5
4.37638
6.90087
4.50779
7.65821
5.03709
8.224
5.07146
6.85175
5.24031
7.54689
8
5.30743
5.91289
4.71425
6.33985
5.03709
8.224
3.8961
2.27907
9.50978
4.16457
8.2384
2.90689
8.3837
4.88314
5.66107
3.63097
14.0195
8
7.43463
6.8009
7.58496
6.49985
4.99354
5.74147
6.59991
7.3837
3.64
6.80735
4.41954
5.05166
7.72792
6.56224
7.46761
8
6.02975
6.22239
2.01954
11.8179
3.64
8.39232
4.96193
5.05683
7.77479
5.62205
5.34341
6.07325
7.82655
5.66534
3.76818
7.2384
5.25927
6.53138
6.32793
5.62936
4.25481
6.30834
7.65821
6.62205
4.04775
8.39232
3.97323
8.30834
7.43463
6.03709
5.06916
5.21594
1
6.01495
6.70736
4.49541
5.01919
6.80735
5.0045
5.02237
6.72338
7.48382
7.71425
5.74819
6.77479
7.5157
7.67948
8.54689
7.49185
8.3837
3.77385
5.32193
4.9386
5.37156
6.27302
6.54689
6.63662
5.32793
5.26053
4.63097
5.46597
8.39232
9.18611
7.41785
7.58496
7.46761
3.46566
3.06041
6.94837
6.54689
5.80735
6.61471
5.04439
1
7.39232
4.72544
6.59991
5.03709
7.224
5.5812
6.02975
5.72338
5.98489
4.75489
8.3837
4.69617
4.90689
5.45286
7.90087
5.74953
4.7625
5.14975
5.06916
5.03709
8.224
6.07146
4.80735
6.10852
4.62936
4.19827
8.2384
5.58496
5.03709
8.224
4.58925
6.1565
6.87652
7.8009
4.70659
8.224
4.09741
3.76818
7.2384
4.23589
5.21594
1
6.27302
6.65821
1
5.5157
5.87652
8.3837
4.09741
3.76818
6.65344
2.56121
6.33985
7.67948
2.7625
9.5157
4.16457
7.2384
3.81164
3.94251
7.10852
7.46761
7.44294
8
8.3837
4.09741
3.76818
6.65344
2.56121
6.33985
6.67948
8.08746
8
1.26503
14.0195
8
7.79442
7.41785
6.80735
5.74147
7.52356
6.54689
7.76818
4.79181
5.85798
5.16993
5.74147
1
8.3837
5.26411
4.65821
7.97154
4.20645
7.66534
5.26053
4.63097
5.46597
7.39232
3.61203
7.00562
7.50779
5.05166
5.52356
7.94837
7.53138
6.46761
7.40939
6.1565
6.06609
4.12928
6.67948
4.70659
8.224
4.72544
6.59991
7.3837
4.23589
4.8009
4.80735
5.69349
4.96743
4.62936
5.1565
4.80735
6.69349
2.90087
8.3837
4.09741
3.76818
7.2384
4.23589
6.8009
7.58496
7.49985
4.73471
4.85798
7.0607
7.45121
7.44294
8
8.39232
4.16457
8.2384
4.09741
3.76818
8.2384
3.61203
5.6837
6.58496
4.37638
6.97728
6.45121
7.45943
7.41785
7.44294
8
6.40939
6.41785
8.3837
4.09741
3.76818
6.65344
4.77761
6.48382
5.36457
5.21594
7.77479
6.44294
7.44294
8
2.01954
13.1399
4.48971
5.62205
4.41504
4.67243
4.60486
6.97728
7.45121
7.43463
6.06609
7.67948
6.90689
6.43463
5.92283
7.41785
4.74296
6.80735
3.97863
8.224
8.07146
6.42626
6.49185
7.45121
5.53138
6.13614
3.97863
8.224
4.50779
6.07325
7.3837
4.23589
4.8009
4.80735
5.69349
7.77479
6.07325
6.59991
8.3837
4.09741
3.76818
8.2384
4.09741
6.76818
5.36457
7.85798
6.6865
4.98055
5.30117
7.94837
4.16457
8.2384
3.92283
6.47573
4.39993
7.62936
4.16993
6.44294
4.37638
6.97728
6.45121
5.87447
5.30117
6.94837
3.64
8.39232
4.96193
5.05683
7.77479
5.62205
5.34341
6.07325
7.82655
5.66534
3.76818
7.2384
5.25927
6.53138
6.32793
5.62936
4.25481
6.30834
7.65821
6.62205
4.04775
7.39232
4.72544
6.59991
8.3837
4.20645
7.66534
4.52356
6.74819
6.08037
7.59991
5.20945
9.54428
2.90689
7.3837
4.54689
7.10852
6.49185
6.49985
6.45121
6.07325
6.59991
8.3837
4.09741
6.76818
5.6865
4.18982
7.30834
5.89885
5.81378
8.39232
7.99435
4.02237
7.97154
5.58496
5.56986
5.25873
5.8009
2.90087
8.3837
4.10329
6.14975
5.26053
7.8009
7.46761
7.45121
8
5.91289
4.71425
4.75489
8.3837
5.25927
6.53138
6.32793
5.62936
4.25481
5.13841
5.97154
4.37638
6.90087
4.09741
3.76818
8.2384
6.47573
7.77479
6.56224
7.46761
8
4.80735
5.74819
7.90087
5.03709
8.224
4.09741
3.76818
8.2384
5.0607
7.59991
5.49985
6.49185
4.37638
1
3.70044
4.38658
6.86419
4.17719
5.41278
8.00562
7.44294
7.45943
2.01954
15.1399
7.58496
6.41785
5.50779
7.52356
4.79181
5.85798
5.16993
5.74147
1
8.3837
5.5812
6.5157
6.60733
7.58496
5.16993
5.91289
6.07325
6.59991
7.3837
5.0045
5.60733
4.80735
3.72362
7.39232
4.09741
3.76818
7.2384
5.51907
5.16993
5.32793
7.84549
7.47573
6.40939
6.41785
8.3837
6.90689
6.43463
5.92283
7.41785
4.74296
6.80735
3.97863
8.224
5.58496
7.62205
7.44294
7.46761
4.70659
7.224
5.0045
4.79998
6.85175
6.1565
8.3837
4.58925
6.1565
7.87652
7.47573
7.62205
8.3837
4.52878
7.77479
7.53138
5.63662
8.3837
5.25927
6.53138
6.32793
4.62936
7.74147
6.42626
0.879554
12.5549
3.61203
8.00562
6.49985
5.03709
5.85175
4.17564
8.39232
3.64
6.80735
4.41954
5.05166
7.72792
6.56224
7.46761
8
6.02975
6.22239
3.43155
14.0195
8
7.7211
7.65105
8
5.34341
6.07325
6.59991
8.3837
5.26411
4.65821
7.97154
5.51907
5.16993
6.32793
4.62936
6.1565
6.54689
5.63662
5.87652
8.3837
3.97323
5.30834
4.37156
3.46566
5.50098
5.50779
7.87652
6.53138
6.70736
7.86419
7.46761
7.45121
8
6.32793
6.55459
8.3837
4.77761
7.48382
5.86625
6.06609
6.12928
6.02975
5
4.37638
7.90087
4.78374
7.50779
7.50779
7.42626
7.42626
7.45943
5.69349
7.2384
6.54689
6.10154
7.57743
6.97728
6.12928
7.90689
4.49541
5.01919
8.39232
3.64
8.39232
4.58925
6.74147
6.56986
7.65105
6.07325
5.01919
7.39232
4.09741
3.76818
7.2384
3.77385
5.92481
7.49185
7.41785
7.44294
8
6.40939
6.41785
8.3837
4.09741
3.76818
7.2384
5.51907
5.16993
5.32793
7.84549
7.47573
6.40939
6.41785
7.3837
5.51907
4.90689
8.00562
6.49985
5.30012
4.80735
5.69349
7.77479
6.03709
7.56986
