43
6
6
5.13955
6.85798
5.58496
6.10852
5.88264
3.94251
4.45943
6.24793
6.26679
6.50779
6
6
5.55459
0.714598
4.43582
7.60733
6
6
6
6.50779
4.68182
1.64508
2.95523
1.76058
4.53492
3.66838
1
6.24793
3.80735
4.91648
2.62059
2.8679
2.16227
5.53916
1
2.27302
4.70044
4.62059
3.87774
2.82782
6.39232
4.55459
3.22239
4.27302
5.65344
2.21412
6.39232
6
6
6
6
6
6.52356
4.59932
3
5.94251
4.89077
6.80735
1.39486
7.21917
5.45943
6
2.8365
6.88264
5.52356
3.08246
2.82782
6.39232
3.55459
6.77347
2.34792
6.39232
6
6
6
6
6
6
2.27302
6.2854
4.70044
2.80735
5.29768
3.39855
4.45943
2.41954
3.65208
3.61599
5.02237
5.37504
2.40808
6.58496
4.85798
5.43741
6.39232
1.04134
6.12516
3
2.18763
8.24317
3.90689
4
5.64386
3.26589
6.77347
5.22239
7.12928
6
7.24793
5.13955
3.92352
5.14568
6.22882
2.73039
3.22239
5.88264
6.39232
5.35755
4.27302
5.2384
1.89616
6.50779
4.68182
1.64508
8.44708
6
6
6
6.77347
2.32193
5
4.62059
3.87774
2.82782
6.39232
7.46761
1.17932
6.88264
4.9386
3.23704
6.22882
2.29956
6.70044
7.19967
6
4.90689
5.78136
3.05889
6.50779
7.60733
4.06848
4.74664
5.96963
5.49185
3.96963
4.05889
6.44294
4.27302
2.48352
6.77347
5.80735
3.23704
6
6
6
6
1.76058
5.99435
6.39232
5.24793
1.17932
6.88264
6
6
6
6
5.94251
4.55459
4.88264
4.88264
3.88264
6.94251
6
5.49185
2.34792
6.20945
0.895303
1.26497
3.36602
6.2854
6.18982
1.04134
4.98765
2.61005
3.77761
7.12928
5.90689
1.04134
6.12516
3
2.18763
4.92125
4.05063
3.88264
4.62059
6.39232
6
6
6
5.65344
3.39855
4.45943
2.41954
4.65208
2.62059
2.8679
2.16227
5.53916
1
2.27302
4.70044
4.62059
7.19967
5.70044
6.12928
4.65344
6.52356
4.43582
6.02237
5.52356
3.53605
3.62059
6.24793
5.80735
5.49185
5.49185
2.1803
5.13955
3.39855
6.04439
6
6
6
6
5.02237
5.64386
5.13955
2.1803
3.55459
1
6.12928
5.52356
5.61471
4.44294
6.70044
5.55459
6
4.38466
6
6
6
6
6
6
6.94251
5.64386
1.04134
5.86212
6.52356
4.45943
3.58496
5.64386
5.64386
3.94486
6
6
6
2.21412
3.94486
2.51019
3.32193
7.13955
7.60733
4.43105
3
5.94251
4.89077
2.34792
4.13654
3.93074
6.42626
6
5.45943
4.91648
2.62059
2.8679
2.16227
5.53916
1
2.27302
4.70044
4.62059
3.87774
2.82782
6.39232
5.13955
2.75489
6.20945
5.58496
4.52356
3
5.94251
2.77529
6.52356
6.44294
4.27302
6.2384
1.89812
3.58496
6.39232
6
6
6
5.61471
3.61471
7.02237
0.866144
4.43105
3
2.18763
4.71961
1.89616
2.11548
1.05184
7.65105
5.9542
5.35755
5.85798
3.24793
6.12516
3
2.18763
4.59932
3
5.94251
4.89077
5.22239
6
6
6
6
6
6
4.65344
4.9386
6.04439
6.24793
5.02237
6.52356
6.44294
5.85798
3.24793
4.98765
2.61005
5.58496
6.33985
7.36632
5.13955
8.44708
4.61471
6.42626
5.58496
4.41954
5.35755
4.44294
5.9542
2.35755
2.18763
9.24317
3.61471
5.55459
5.61471
5.20945
4.83289
6
6
6
6
6.94251
5.64386
2.80735
6.88264
4.9386
3.23704
6.22882
5.52356
3.08246
3.24286
2.8413
7.72792
4.85798
5.43741
6.39232
4.55459
2.03562
1
5.88264
1
3.22239
4.32193
6.74147
6
6
6
6
6
6
4.91648
2.03562
3.68182
1
3.05889
2.1803
7.13955
6
6
6
6
6
3.23266
5.35755
6.39232
6
6
6
6
6
4.43105
3.22239
1
4.43105
2.34792
4.62449
5.64386
6.02237
2.64386
6.88264
1.89812
3.58496
6.39232
6
6
6
5.61471
3.61471
7.02237
0.866144
4.43105
3
2.18763
6.65821
6.02237
5.88264
5.50779
7.13955
1.70722
6.91289
5.49185
5.21917
3.08246
3.97982
6.52356
6.24793
6
6
6
6
6
6
4.65344
4.9386
3.23704
6.22882
3.90689
4
5.64386
6
6
6
6
3.61599
5.02237
5.37504
2.40808
6.58496
4.85798
7.02237
0.866144
4.43105
3
2.18763
4.92125
2.61005
5.58496
5.33985
6.35755
5.2384
3.06609
3.67807
6.12928
6.39232
3.24793
8.44708
6
6
6
3.13516
3.36923
6.94251
2.60204
2.91254
2.21573
6.12516
3
2.18763
4.11389
5.01792
4.61471
6
6.53916
0.866144
4.43105
3
2.18763
4.71961
2.62059
2.8679
2.16227
5.53916
1
2.27302
6.2854
3.32193
6.13955
4.9386
3.23704
3.05889
8.44708
4.61471
6.42626
7.16993
5.61471
2.8679
5.55459
5.61471
4.03814
3.24793
5.86212
6.52356
4.71961
2.62059
2.8679
5.55459
1
7.72792
2.27302
6.2854
5.02237
1.04134
3.44708
6.77347
2.32193
6.39232
6
6
6
3.97982
5.52356
4.24793
4.60486
1.04134
6.12516
2.71989
5.9542
4.55459
5.94251
5.02237
4.44294
5.9542
2.35755
2.18763
4.59932
3
2.18763
4.15571
2.29956
6.70044
7.19967
6
4.90689
5.78136
2.80735
6.88264
4.9386
3.23704
6.22882
5.52356
5.16993
2.40808
4.58496
3.43741
5.02237
4.05889
2.90046
6.37504
1.89812
6.39232
3.24793
5.86212
5.52356
6.39232
6
6
6
4.42626
5.94251
5.83289
6.26679
3.24793
8.44708
6
6
6
6.52356
4.43582
7.60733
6
6
6
6
6.42626
6
5.49185
6.94251
5.67243
5.55459
2.32193
6.65105
4.27302
4.06848
2.1803
5.13955
3.39855
6.04439
6
6
6
6
5.02237
5.64386
2.80735
2.88264
2.1803
5.13955
3.86212
4.1964
6.52356
5.53916
4.78136
4.44294
5.9542
2.35755
2.18763
4.71961
3.13516
3.36923
6.94251
6.40939
2.66297
7.91289
6.39232
6.24793
6.18982
7.13955
1.70722
6.91289
5.49185
5.21917
3.08246
3.97982
6.52356
6.24793
5.80735
6.94251
5.9542
5.13955
2.61005
2.67807
6.63904
4.1964
6.24793
5.02237
6.52356
6
5.49185
8.44708
6
4.91648
2.62059
2.8679
2.16227
5.53916
1
2.27302
4.70044
4.62059
3.87774
2.82782
6.39232
6
6
6
5.52356
6
2.34792
1.70044
3.65208
5.86212
5.30378
6.02237
3.40939
5.50779
4.55459
3.22239
5.85798
3.24793
4.74664
5.94251
1.9349
7.91289
4.39232
6.26679
5.2384
3.36565
3.24793
6.44294
5.37504
6.52356
6
6
4.03814
3.24793
5.86212
3.35364
3.22239
1
0.584963
1.77372
4.43582
7.60733
3.24793
4.54019
3.06609
2.91254
5.16993
4.13516
2.21573
6.12516
3
2.18763
3.51525
3.23266
5.35755
4.89077
5.80735
3.45943
4.61471
4.85798
6.84549
4.43105
3
2.18763
6
6
6
6
6
6
6.52356
4.71961
1.89616
4.92283
6.39232
6
6
6
4.43105
3
2.18763
6
6
6
6
6
6
6
6.42626
6
6
6
5.13955
6.85798
5.58496
6.10852
4.29768
6.77347
5.22239
3.54432
6.65105
4.27302
4.65344
4.9386
3.23704
5.22882
3.05063
4.78136
3.87774
2.82782
6.39232
3.96963
2.71786
6.14296
5.78136
4.45943
2.41954
6
6
6
6
5.32912
5.20945
4.83289
4.24793
2.21573
6.12516
3.22239
4.27302
3.2384
3.23266
4.35755
3.22239
3.66838
2.9386
2.60204
3.67807
3.22239
3.30581
0.866144
4.43105
3
2.18763
3.51525
3.23266
6.94251
5.67243
5.55459
6
3.21501
6
6
6
6
6.13955
6.52356
4.59932
3
2.18763
3.88562
2.71786
3.26849
5.51307
5.80735
6.70044
5.55459
6
6
6
6
6
6
4.43105
3
2.18763
9.24317
3.61471
3.55459
3.37504
3.97982
6
6
6
6
2.80735
6.88264
2.54253
6.12928
5.52356
5.61471
4.44294
6.70044
5.55459
6
5.49185
5.49185
6
6
6
6
6.94251
5.64386
1.04134
5.86212
6.52356
4.45943
3.58496
5.64386
5.64386
3.94486
1.04134
4.54019
1.89812
3.58496
3.2384
3.23266
4.35755
3.22239
3.66838
6.52356
6.44294
4.27302
4.43105
3
2.18763
4.59932
3
5.94251
4.89077
6.80735
3.89077
2.48543
4.38466
4.87447
6.52356
5.24317
2.24207
6.72792
6
6.42626
1.9027
6.02237
5.80735
6.70044
5.55459
6
4.38466
3.65208
1
5.13955
3.86212
4.1964
6.52356
5.53916
4.78136
4.44294
5.9542
2.35755
2.18763
4.71961
3.13516
3.36923
6.94251
6.40939
2.66297
7.91289
6.39232
6.24793
6.18982
4.55459
3.22239
4.27302
7.2384
3.05063
4.78136
6.19967
6.18982
5.35755
5.85798
4.45943
6.50779
7.60733
4.06848
4.74664
5.96963
5.49185
3.96963
4.05889
6.44294
4.27302
4.43105
3
5.94251
2.77529
2.9386
7.91289
6
7.24793
7.13955
6.02237
5.88264
5.22882
4.27302
5.52356
3.38014
3.97982
0.866144
3.2384
1.97728
1.6763
3.87774
6.39232
6
6
6
5.94251
5.83289
6.26679
4.91648
3.13516
3.36923
6.94251
6.40939
2.66297
4.74296
5.90689
2.90046
6.37504
3
2.18763
4.48829
7.32193
6
6
6
6
6.02237
7.02237
6.16993
3.24793
6.12516
3
2.18763
4.48829
7.32193
6.24793
4.55459
3.58496
2.90046
6.37504
3.94251
4.32193
5.04439
2.32193
2.67807
7.72792
5.45943
6
2.80735
6.88264
6
6
6
6
6.77347
5.22239
3.54432
6.65105
4.27302
4.91648
5.94251
4.55459
4.88264
4.88264
3.88264
5.35755
6.44294
4.27302
5.65344
2.61005
3.77761
7.12928
3.09954
4.55459
3
2.18763
4.92125
4.05063
3.88264
4.62059
6.39232
6
6
6
7.2384
6
6
6
6
6.94251
5.64386
1.04134
6.86212
3.05063
7.21917
4.45943
5.58496
2.21573
4.98765
2.61005
5.58496
5.33985
6.35755
5.2384
3.06609
2.91254
7.16993
5.70044
6.12928
2.48352
6.0954
6.52356
5.64386
4.04439
4.91648
3.13516
3.36923
6.94251
2.60204
6
6
6
6.29768
2.71786
7.72792
1.39486
4.41181
6.33985
7.36632
5.13955
2.1803
5.13955
3.39855
6.04439
6
6
6
6
5.02237
5.64386
4.05889
6.42626
6
5.45943
7.07682
6
4.78136
6.44294
4.27302
4.65344
4.9386
3.23704
5.22882
4.05063
3.88264
6.94251
2.60204
7
2.27302
5.2854
6.84549
7.2384
1.70722
4.006
2.89077
2.34792
6.63904
5.61471
5.84549
5.58496
3.80735
6
6
6
6
6.94251
6.12928
7.2384
3.61471
5.55459
5.61471
5.20945
4.83289
5.02237
4.05889
2.90046
5.37504
2.75489
6.20945
5.58496
6
6
5.55459
0.714598
3.92125
5.63973
6.02237
6.24793
6.70044
4.24793
6.18982
6.94251
5.9542
5.13955
2.1803
3.55459
3.06609
3.67807
6.12928
3.4021
4.44294
5.9542
4.55459
3
2.18763
4.71961
2.03562
4.68182
6.39232
6
6
6
6
6
4.43105
3
2.18763
4.92125
4.05063
3.88264
4.62059
6.39232
6
6
6
5.65344
4.05063
3.07529
7.72792
1.39486
3.41181
3.22239
3.66838
6.52356
6.53916
5.52356
