157
8
8
3.76169
8.26892
10.9181
11.7859
5.5502
4.6355
2.50415
4.41702
4.868
13.3458
5.89239
8.04985
2.95869
3.87414
5.465
10.1059
8.53284
4.31643
3.00562
1
0.584963
0.760811
3.37641
2.19324
2.51842
2.22833
7.13076
4.68643
1.96271
4.11415
2.42226
3.04823
3.21317
2.6247
7.89284
6.59169
3.07341
2.61901
3.16035
3.40868
2.33334
4.33143
3.70364
1.92184
4.15954
2.53948
10.8558
6.22882
4.43741
7.40939
1.13972
3.27033
5.80615
4.3042
1.4793
5.31133
4.70239
9.61531
2.04066
11.9732
6.31832
8.26679
0.122163
3.29929
1.7318
1.16765
3.40868
2.33334
1
1.69714
1.40305
12.109
6.37851
3.82312
7.40088
5.62936
4.62936
8.57175
6.59169
3.81423
6.80629
0.0737452
4.07267
2.54449
2.70904
3.28356
3.85163
2.22595
1
9.68135
1.37223
7.22938
6.74697
1.88228
4.15279
1.3349
4.32893
1.4793
2.43229
6.29567
0.0275554
1.79573
0.658158
5.42516
1.69714
3.75112
9.03207
1.63452
5.46269
3.37341
5.08438
3.15991
3.51362
3.57266
4.39035
2.22887
8.23727
4.86834
1.92184
4.64288
1.62755
4.46158
5.28652
0.760811
5.26326
5.19481
1.42158
6.35403
3.21933
1.91698
3.30333
2.61901
3.16035
3.40868
4.15279
4.9657
0.0543463
1
6.97646
0.979719
5.25683
1.64973
2.65856
9.43393
3.61611
7.40357
8.05094
1.75992
5.98464
10.1059
3.57053
4.30375
5.99058
3.73631
3.48207
5.00176
4.66819
1.92184
5.22906
1.69714
2.44814
0.979719
10.7676
4.79286
2.31487
2.97766
2.19324
1
0.584963
5.44078
0.0543463
10.0968
6.71228
6.62205
2.54806
5.02554
2.84389
1.76141
7.82334
3.99303
2.00539
3.91981
1
4.40355
1.38315
5.06961
1.8499
1.46114
4.34691
2.75197
5.90369
1.3349
3.91222
2.75821
4.70399
1
4.6102
1.3349
4.32893
1.4793
2.43229
3.70536
1.62
2.00539
2.61901
12.0189
5.56071
3.83289
3.82443
4.15954
2.54449
2.70904
3.28356
3.95053
2.42226
3.04823
3.21317
2.6247
7.89284
6.59169
3.07341
2.61901
6.50678
2.57752
1
4.17441
5.80615
5.465
3.09875
3.0387
1.00444
6.02762
4.68643
6.86271
4.41677
3.68174
4.08217
3.76169
2.54449
2.65098
10.7428
5.57202
5.70044
5.75489
2.90038
1.81401
3.37341
4.08217
4.23248
2.20158
7.38082
2.36525
3.14011
0.858291
8.71264
1.10558
3.11847
6.66001
8.14588
4.90925
7.81378
4.16262
4.42253
5.85798
3.23955
5.27211
1.3349
2.88011
8.44568
0.15677
2.03652
8.89306
3.56224
5.05704
8.89097
1.13972
4.77934
2.53948
1.64511
4.26418
3.24622
5.70128
10.1059
4.59385
1.4793
5.31133
4.70239
1.40305
9.20212
0.683581
14.1927
8
9.03617
4.11415
2.42226
3.04823
3.21317
2.6247
7.89284
6.59169
3.07341
2.61901
3.16035
3.40868
2.33334
4.74037
3.03483
10.7727
6.0348
4.49041
1.4793
1
3.00861
7.91759
4.66819
1.92184
5.1578
1.10696
1
13.2698
7.87652
5.56986
7.32193
4.14505
2.77269
5.16826
1
4.59385
1.4793
2.43229
4.51256
1.62755
1
3.8444
2.51369
8.12735
4.86834
4.27278
1.75043
4.32893
1.4793
2.43229
4.3042
1.4793
5.31133
4.70239
3.75112
11.1555
4.49643
5.9386
5.72792
3.83289
3.82443
4.17441
6.97646
3.54074
3.21927
3.57333
7.91759
4.66819
4.27278
1.75043
3.91222
2.75821
3.18456
4.19729
2.99696
3.37341
3.67958
1
4.42226
1.02109
2.35186
5.24929
3.25686
8.12735
3.40268
2.43229
9.87121
2.96505
4.04647
1.48962
3.2074
2.31548
10.2107
3.25576
4.42253
5.85798
3.23955
4.74735
0.0737452
3.29929
6.97646
0.979719
3.2987
1
1.16765
2.89351
3.63729
5.72478
6.74697
1.88228
2.33334
3.66066
1.3992
2.72376
2.03074
4.97064
4.29189
1.5043
4.07847
10.8748
6.64386
5.9386
5.72792
3.83289
3.82443
4.11415
1.3992
2.49625
8.39923
3.18795
4.08217
7.7787
5.19481
9.7879
5.34873
2.32931
7.62205
2.14207
3.52254
12.9353
7.7879
5.9386
5.72792
3.83289
3.82443
4.59385
3.70364
1.92184
4.59385
1.38315
3.52881
7.65876
10.4915
2.42253
4.90696
1.10696
1
13.2698
7.87652
5.56986
7.32193
4.14505
2.77269
5.16826
1
4.59385
1.4793
2.43229
6.20587
6.79669
6.63733
3.44488
3.88768
0.67603
5.92485
0.553875
4.22726
1.16765
3.03918
7.13076
3.16057
10.7898
6.64386
5.9386
5.72792
3.83289
3.82443
4.17441
6.97646
0.979719
6.11444
0.0275554
1.79573
0.658158
12.7013
5.87652
3.16993
6.74819
2.22595
3.31477
9.68135
1.37223
7.22938
6.74697
5.16826
2.79437
4.59385
1.4793
2.43229
3.70536
2.75821
3.18456
5.5562
2.18179
4.64288
2.65608
1.45775
5.95158
3.99825
1.75043
5.26326
5.19481
1.42158
3.75948
4.47943
1.13215
3.92082
1
5.0408
1.93179
4.32893
1.4793
2.43229
4.78839
1.96558
5.60486
7.02951
5.03435
2.79437
4.59385
1.4793
2.43229
3.71291
2.42226
3.04823
3.21317
2.6247
7.89284
6.59169
3.81423
3.24622
2.81404
6.97646
0.979719
3.18795
3.67958
1
4.42226
6.44244
3.23127
3.04823
5.73324
4.29921
4.11243
1.75043
2.88011
5.80615
3.71291
2.42226
3.04823
5.73324
2.36847
5.72478
6.59169
3.81423
5.58117
1.3349
1
3.21933
1.91698
10.3617
4.70044
4.43741
7.40939
3.03918
3.57715
1.52864
4.12827
1
4.32893
4.36467
3.12547
3.66066
3.19055
4.71425
3.25686
8.12735
3.40268
2.43229
4.3042
1.4793
2.43229
5.10137
1.64973
1
9.43393
3.61611
7.40357
6.37287
0.0737452
3.29929
6.97646
0.979719
3.2987
1
6.63223
1.37223
3.69429
2.55805
2.90038
4.99669
6.33264
5.20066
1.10696
3.99825
1.75043
2.88011
5.55789
10.5411
3.20945
4.80464
5.12928
1
3.56524
3.7805
5.58945
1
5.26326
4.3109
1.95161
1
5.80615
5.465
10.1059
4.07916
4.71864
4.59018
3
14.1927
8
2.07627
8.28376
4.95074
4.24329
2.88772
3.21387
1.92184
3.57053
4.08217
3.76169
2.54449
2.65098
10.7428
5.57202
5.70044
5.75489
2.90038
4.74735
0.0737452
3.48673
4.08217
3.37341
4.63474
1.86779
5.59091
1.10068
4.2137
3.25686
8.12735
3.40268
2.43229
3.71291
1
1.13215
3.92082
2.77162
1.44783
5.17824
3.99825
4.78443
3.26936
1
0.67603
5.92485
0.553875
4.22726
1.16765
3.03918
7.13076
3.16057
7.20484
4.99595
1
3.76169
2.75821
1
4.97544
2.56836
3.21927
1
4.80424
8.01955
1
13.1674
2.90507
4.11415
2.42226
3.04823
3.21317
2.6247
7.89284
6.59169
3.07341
2.61901
3.16035
3.40868
2.33334
8.9103
5.11207
5.16993
5.13078
2.8618
1.40305
2.78184
3.04322
4.25953
1
4.95014
2.33741
3.44488
4.33143
3.70364
4.27278
1.75043
3.63798
3.19055
4.35625
3.39527
2.06931
4.01217
4.64288
2.99978
2.69891
6.08711
3.75159
5.70871
2.5249
4.6241
4.11243
1.75043
2.88011
5.97292
1.51121
1
3.63729
2.52866
5.465
5.26156
1.75043
4.3643
2.65608
5.0408
5.01047
3.90783
1.93179
4.32893
1.4793
2.43229
3.57171
2.14207
5.01158
4.70239
2.44814
3.73148
1
3.56298
3.02856
4.59385
1.4793
2.43229
5.34373
0.935342
7.32364
6.3147
1.2177
4.16414
5.80615
4.51256
1.62755
2.8549
10.5328
6.37851
4.9386
7.33985
4.59385
1.4793
2.43229
5.34373
0.935342
7.32364
7.05166
9.1267
7.32193
1.60466
14.1927
8
4.6837
4.17414
3.76169
8.26892
10.9181
11.7859
6.77259
1.69714
3.75112
3.53602
3.21387
1
4.17441
6.97646
0.979719
5.1098
1.32519
3.41548
3.16035
3.40868
2.33334
4.88618
0.607748
4.96045
4.33169
2.70904
3.28356
12.2048
5.87652
3.9349
6.43463
1.7698
3.2074
3.68872
3.00288
1.93179
4.32893
3.70364
1.92184
4.03859
2.14207
3.38095
1.51121
2.22833
1
4.01799
1.45775
1.51121
5.08315
2.79437
4.59385
1.4793
2.43229
3.57171
2.14207
8.28376
4.95074
4.83315
2.60253
3.00235
11.2047
4.49643
3.82312
5.40088
2.81404
5.80615
4.3042
1.4793
2.43229
1
0.607748
3.97179
5.28765
0.982834
8.71264
1.10558
8.91289
6.64386
5.9386
5.72792
3.83289
3.82443
4.59385
1.4793
2.43229
9.87121
2.96505
2.85383
4.40833
3.03918
11.2555
8.11374
3.82312
6.40088
0.0737452
4.67317
2.20158
7.38082
2.36525
3.14011
0.858291
8.71264
3.75613
7.37214
4.41677
4.97779
9.70126
4.16262
4.42253
5.85798
3.23955
5.27211
1.3349
2.88011
8.44568
0.15677
2.03652
8.89306
3.56224
5.05704
1.3349
5.07737
1.10696
1.34515
4.03859
2.14207
3.38095
1.51121
2.22833
7.91759
4.66819
1.92184
4.59385
1.4793
2.43229
4.3042
1.4793
5.31133
4.70239
6.09489
3.65247
4.06103
6.66001
3.28492
5.80615
5.02807
2.95785
5.97647
4.89626
5.77522
1.68314
4.18982
0.982834
8.71264
1.10558
3.11847
6.66001
3.04322
4.08217
1
4.63474
1.86779
5.59091
1.10068
4.2137
3.25686
8.12735
3.40268
2.43229
3.71291
1
1.13215
3.92082
2.77162
1.44783
5.17824
3.99825
4.78443
3.26936
4.33143
3.70364
1.92184
5.32144
1.32519
3.41548
6.88214
7.53505
4.86834
7.57199
1.5693
5.98464
1
3.57053
4.30375
5.99058
3.73631
3.48207
5.00176
4.66819
1.92184
4.59385
1.4793
5.31133
3.00861
3.59883
9.7517
1.63452
1
6.07088
6.79669
0.352297
5.1098
2.92221
4.09387
2.40343
4.49672
2.79437
5.82963
2.56847
2.15807
3.16035
10.6784
4.92125
4.29956
5.81592
3.56524
3.7805
4.01217
4.11415
4.47943
1.13215
3.92082
2.77162
1.44783
3.4864
3.59704
6.33264
4.32767
1.4793
2.43229
3.79707
5.32238
10.579
5.57202
5.70044
5.75489
3.19785
5.16826
4.63006
1.75043
4.32893
1.4793
2.43229
3.79707
6.92407
4.13457
2.01115
4.53494
6.33264
5.20066
2.23107
1.75587
2.10344
1.91698
4.92114
10.1094
4.88671
5.66496
0.0737452
10.0968
6.71228
6.62205
2.54806
6.83289
1.69714
3.75112
3.53602
3.21387
1
4.11415
1
1.76141
7.82334
3.99303
2.00539
5.24929
4.66819
1
4.15954
2.75821
4.70399
1
2.55979
4.33143
1.4793
2.43229
3.70536
1.62
2.00539
2.61901
12.0189
5.56071
3.83289
3.82443
5.32144
9.70126
4.16262
4.42253
5.85798
3.23955
5.27211
1.3349
5.27551
1.5817
10.5582
4.56478
7.17742
1.93179
3.91222
2.75821
3.18456
5.5562
2.18179
4.64288
2.65608
5.0408
11.8167
2.57752
2.96989
5.22906
4.05731
8.61802
6.28471
6.54714
4.11415
4.47943
1.13215
3.92082
1
12.0181
4.3966
0.969068
5.50551
0.607748
5.72222
2.04066
2.89462
4.19729
2.99696
3.37341
4.08217
3.76169
2.54449
2.65098
10.7428
5.57202
5.70044
5.75489
2.90038
6.33006
1.44892
14.1927
8
8.03617
5.45425
1.55932
4.2137
4.66819
1.92184
4.17441
6.97646
0.979719
3.52922
1
2.00539
3.92082
4.01799
7.64885
6.59169
1
3.02856
3.99524
0.67603
3.54504
2.26139
1.40305
4.71455
4.29921
5.27187
3.29313
1.95797
10.1659
4.92125
4.29956
5.81592
3.87437
2.08125
8.37904
2.96505
4.04647
1.48962
3.2074
2.31548
2.90038
4.99669
6.33264
4.76951
3.03483
10.7727
10.0348
5.97269
8.04985
2.95869
3.87414
3.22555
4.10627
8.49145
2.23514
3.01282
1.52864
6.02952
4.99595
3.12547
3.37341
4.08217
4.23248
2.65608
3.30041
1.28587
5.7934
3.25686
3.12547
4.33143
1.4793
2.43229
3.71291
1.3992
7.52757
10.3729
6.64386
5.9386
5.72792
3.83289
3.82443
4.59385
1.4793
2.43229
3.70536
1.62
2.00539
2.61901
12.0189
5.56071
3.83289
3.82443
4.15954
1.62
1
5.72222
1
2.34447
1.51121
2.22833
5.59091
3.27014
8.57365
