172
8
8
8
7.55459
6.43463
7.43463
7.02237
6.43463
6.48382
6.53916
3.24793
5.63662
3.32878
4.58496
2.85316
5.07325
3.1375
6.61471
3.88753
6.53916
5.85798
6.44294
4.85244
8.7021
0.389186
5.68072
3.70695
8.18982
7.56224
8
8
6.48382
5.21723
3.52356
5.97728
6.7211
6.62936
5.90087
3.65821
5.54689
3.63743
5.97728
3.9
7.53916
6.45121
7.43463
4.13614
6.5157
3.80735
5.53138
4.14048
7.58946
6.90087
5.79442
12.7403
5.09351
4.88613
6.47573
2.94084
4.63662
3.56294
5.27798
3.24793
6.63662
6.20945
5.85798
4.67646
7.63662
4.65821
6.48382
3.80735
5.53138
4.14048
10.9114
7.56224
4.16323
6.5157
7.58496
8
6.48382
6.53916
3.9
6.53916
3.24793
4.17719
2.9386
4.45943
2.93643
4.8365
4.14048
7.58946
6.3159
5.49985
7.45121
2.94084
4.63662
7.02237
6.43463
4.67646
7.63662
4.89885
6.46761
5.18587
6.45943
3.1375
6.61471
2.93643
5.32193
7.69349
6.43463
13.661
6.90087
7.43463
8
6.48382
5.21723
3.52356
5.97728
4.91374
7.47573
6.10852
6.62205
6.3159
5.49985
7.45121
2.94084
4.63662
7.02237
6.43463
4.67646
7.63662
4.89885
6.46761
5.18587
6.45943
3.1375
6.61471
2.93643
5.32193
6.69349
6.65105
6.3159
5.18587
7.45943
3.32878
6.58496
6.20945
5.85798
6.48382
5.21723
3.88613
5.94642
3.9
6.53916
4.90689
8.03892
6.90087
3.1375
5.61471
2.85316
7.65821
5.18587
7.45943
6.80735
6.43463
4.67646
5.63662
4.13614
6.5157
7.44294
6.43463
13.661
6.90087
7.43463
8
6.48382
5.21723
3.52356
5.97728
6.7211
6.62936
6.3159
4.91488
7.46761
4.91374
5.89077
3.24793
5.63662
3.32878
4.58496
6.80735
6.43463
4.67646
7.63662
5.18587
6.45943
4.45943
7.49985
7.49185
8
4.90689
8.03892
6.90087
3.1375
5.61471
2.85316
7.65821
5.18587
7.45943
6.80735
6.43463
4.67646
5.63662
4.13614
6.5157
4.90689
8.03892
6.3159
4.91488
5.88264
6.80735
6.43463
6.48382
5.9542
2.94084
6.63662
2.85316
7.65821
6.50779
14.4009
6.90087
4.67646
6.47573
2.85316
6.65821
1
6.58496
6.20945
5.85798
4.67646
4.17719
2.9386
4.45943
2.93643
6.64386
5.02975
12.9413
6.3159
5.86625
7.44294
4.91374
5.89077
3.9
5.21723
3.52356
5.97728
6.7211
6.43463
4.67646
7.63662
6.61471
2.21175
13.661
6.90087
6.43463
7.43463
3.1375
4.80735
2.96621
7.62936
4.53916
7.48382
5.18587
6.45943
7.02237
6.43463
7.48382
10.7707
6.3159
4.29278
5.49985
7.02237
6.43463
6.48382
6.53916
3.24793
5.63662
3.32878
4.58496
2.85316
5.07325
3.1375
6.61471
3.88753
6.53916
7.44294
8
6.58496
7.72451
6.90087
3.1375
4.29278
2.5961
5.74147
6.48382
7.43463
3.80735
6.53138
3.65821
6.54689
7.02237
6.43463
6.48382
7.53916
7.44294
8
6.10852
7.62205
6.91886
7.43463
8
4.69249
6.47573
3.32878
6.58496
6.20945
5.85798
4.67646
6.05166
3.1375
6.02975
3.1375
4.29278
3.56294
5.27798
4.90689
8.03892
6.90087
3.1375
5.61471
2.85316
7.65821
5.18587
7.45943
6.80735
6.43463
4.67646
5.63662
4.13614
6.5157
7.49185
7.44294
7.43463
3.82312
13.5006
4.97728
3.52356
4.24031
2.5961
7.74147
6.69349
6.65105
5.09351
2.9386
4.04439
2.5961
7.74147
6.69349
6.65105
5.90087
6.65821
7.58496
7.56224
8
8
6.48382
5.21723
3.52356
5.97728
6.7211
6.62936
5.90087
4.65821
7.48382
2.94084
6.63662
6.80735
6.43463
4.67646
7.63662
5.02975
7.46761
4.90689
8.03892
6.90087
4.45943
6.49985
7.58496
8
4.67646
7.63662
4.88264
5.88264
3.1375
4.80735
6.7211
6.62936
5.90087
4.53916
5.89885
4.91374
7.47573
3.52356
5.97728
6.7211
6.43463
4.67646
7.63662
3.65821
4.22497
3.88753
5.53916
3.88613
7.53138
7.49185
13.9846
6.90087
5.79442
12.7403
6.90087
3.63743
5.97728
3.9
5.21723
3.88613
7.53138
7.49185
13.9846
5.3159
4.69249
6.47573
3.32878
6.58496
2.93643
4.64386
4.45943
5.91488
7.61471
8
7.48382
3.71516
13.661
6.3159
5.86625
7.44294
4.91374
7.47573
5.92283
5.85798
1
4.85086
5.02975
7.46761
7.58496
8
7.48382
10.7707
6.90087
6.20945
5.85798
4.67646
7.63662
4.29278
5.91488
2.85316
5.07325
3.1375
6.02975
3.1375
4.80735
6.7211
6.62936
5.3159
4.69249
6.47573
3.32878
6.58496
2.93643
4.64386
4.45943
5.91488
7.61471
8
7.48382
8
8.01123
6.3159
5.86625
7.44294
4.91374
7.47573
3.52356
5.97728
2.96621
6.62936
5.02975
7.46761
7.58496
8
7.48382
12.3556
5.97728
5.92283
7.44294
3.52356
5.97728
6.7211
6.62936
5.3159
4.69249
6.47573
3.32878
6.58496
2.93643
4.64386
4.45943
5.91488
7.61471
8
7.48382
10.7707
0.389186
5.68072
3.70695
8.18982
5.09351
4.88613
6.47573
4.16323
6.5157
7.58496
8
4.67646
7.63662
4.53916
7.48382
4.13614
6.5157
3.80735
7.53138
6.22239
9.70995
6.90087
5.79442
12.7403
5.90087
7.46761
8
6.45121
7.43463
4.13614
7.5157
3.88613
5.20945
3.80735
7.53138
7.80735
1.15149
14.0855
5.09351
2.9386
4.04439
2.5961
7.74147
6.69349
7.65105
5.24031
3.24793
6.63662
6.7211
6.43463
4.67646
5.63662
3.32878
7.58496
4.45943
7.49985
5.85798
7.44294
7.80735
7.43463
8.31741
6.90087
7.48382
7.75489
7.56224
8
8
6.48382
5.21723
3.52356
5.97728
4.91374
7.47573
6.10852
6.62205
6.3159
5.49985
7.45121
2.94084
4.63662
7.02237
6.43463
4.67646
7.63662
4.89885
6.46761
5.18587
6.45943
3.1375
6.61471
2.93643
5.32193
6.69349
7.65105
7.56224
4.16323
6.5157
7.58496
8
6.48382
6.53916
3.9
6.53916
3.24793
4.17719
2.9386
4.45943
2.93643
6.64386
6.22239
9.70995
6.3159
4.13614
6.5157
7.44294
8
4.67646
7.63662
5.18587
6.45943
5.79442
13.3252
7.56224
2.94084
4.63662
7.02237
6.43463
4.67646
7.63662
4.92283
7.46761
4.58496
7.49185
7.44294
8
3.88613
5.94642
3.9
6.53916
4.90689
9.36085
5.24031
3.24793
6.63662
6.7211
6.43463
4.67646
5.63662
3.32878
7.58496
4.45943
7.49985
7.44294
8
6.58496
7.72451
6.90087
5.79442
12.7403
5.90087
3.65821
5.54689
3.63743
5.97728
3.24793
6.05166
3.1375
5.61471
6.80735
6.43463
7.48382
10.7707
6.90087
5.79442
12.7403
6.3159
5.49985
7.45121
2.94084
5.05166
2.96621
4.30743
3.65821
7.54689
2.96621
7.62936
4.88264
7.46761
7.02237
6.43463
6.48382
7.53916
7.44294
8
6.10852
6.62205
6.3159
5.18587
6.45943
6.7211
6.43463
4.67646
5.63662
3.32878
7.58496
4.9542
6.46761
4.58496
7.49185
7.44294
7.79442
7.90087
4.89885
6.46761
6.20945
5.85798
4.67646
7.63662
5.02975
7.46761
7.58496
3.87213
14.5848
8
7.45943
4.67499
5.5025
6.8009
7.90087
5.9542
5.01282
5.24793
6.71425
5.04439
7.54689
4.06228
6.17991
8.90087
5.00225
9.13186
5.79008
7.52356
5.78136
5.35755
5.97728
7.60733
5.86475
4.35755
5.69349
6.6865
5.71425
5.70044
6.79442
5.59991
6.64386
7.78136
8.53916
6.45943
7.53138
7.88874
7.40088
6.00749
4.99435
7.20457
6.34577
5.92481
5.84298
7.85175
5.91648
7.6865
6.78136
6.87036
7.79442
5.44626
7.64386
8
11.661
5.33985
4.66297
4.7211
6.17991
7.90087
4.09661
5.93074
6.8009
7.90087
7.63662
6
7.09276
5.0199
7.78136
4.83007
5.14684
6.85175
4.92527
4.80162
6.08746
7.96578
4.54432
8.90087
7.14771
4.87036
5.43741
6.87652
5.00225
9.13186
6.24317
5.70044
6.6865
7.47573
4.52356
11.661
5.33985
4.66297
4.7211
6.17991
7.3159
4.06228
6.17991
7.90087
5.33985
4.51096
4.53743
7.94837
4.92527
4.80162
6.08746
4.96578
8.19476
6.24317
5.70044
6.6865
6.47573
6.3339
5.71425
7.70044
8.01681
4.87036
4.43741
6.03342
6.94837
6.89077
5.2555
4.22607
4.98706
5.38247
8.19476
4.53825
7.90087
4.63227
6.85798
3.92161
9.6166
5.84549
6.14975
5.72792
6.34577
4.35755
5.78136
5.76818
5.60881
5.60881
7.90087
5.33985
4.51096
7.70736
7.49185
7.60733
5.2186
4.29391
4.93664
6.09452
7.88874
4.29177
3.66297
7.19476
5.33985
4.51096
4.53743
7.94837
8.25456
4.89885
5.11746
7.16491
6.1224
7.99435
5.74147
7.69349
6.3634
6.24317
5.70044
6.6865
7.47573
7.43463
2.29546
10.562
5.71425
7.70044
5.93074
7.99435
6.01495
7.99435
5.85175
7.94837
5.56478
5.39722
6.85175
5.33985
4.66297
4.7211
6.17991
7.90087
7.1472
5.78136
5.76818
5.60881
6.3634
7.53138
5.96193
4.75489
6.51833
5.56986
6.59991
4.04731
5.50779
7.94837
5.65344
6.85175
4
7.90087
4.82528
4.92481
8
5.60562
5.32793
4.70044
7.58496
7.91886
5.86475
4.35755
5.69349
8.27146
5.07195
4.98706
5.38247
8.19476
4.92481
5.11746
7.16491
6.1224
7.99435
5.74147
5.10852
7.93074
3.38143
10.661
6.65821
7.45121
7.48382
7.60733
5.75489
5.65105
5.44846
5.93074
6.22239
6.17991
5.26679
6.8009
5.97728
7.60733
4.92481
5.11746
7.16491
6.1224
7.99435
5.74147
5.10852
7.93074
8
8.01123
5.71425
7.70044
5.93074
7.99435
6.01495
7.99435
5.85175
6.94837
4.92481
5.11746
7.16491
6.1224
7.99435
5.74147
5.10852
5.60881
8.90087
5.07625
4.73039
6.03342
6.3634
4.49399
6.3159
5.2854
5.3159
5.69349
7.27146
5.86475
4.35755
5.69349
8.27146
6.7879
7.49985
4.47897
7.67948
8.18488
7.54689
6.43463
11.3851
5.56768
7.5157
4.82443
4.96578
8.19476
4.92527
6.87036
6.07325
7.69349
7.94837
5.33985
4.51096
4.53743
6.94837
5.73001
5.30012
7.90087
7.44294
8.31741
4.89239
5.14684
6.85175
5.33985
4.66297
4.7211
6.17991
8.90087
5.91648
7.6865
6.78136
6.87036
7.79442
5.44626
6.64386
7.60733
7.40088
6.00749
4.99435
7.20457
6.34577
5.92481
5.84298
5.02975
8.90087
5.07625
4.73039
6.03342
7.94837
5.65344
6.85175
5.62644
6.60733
7.45121
7.60733
5.07625
6.70044
6.8392
4.79998
7.64386
7.19476
5.33985
4.51096
4.53743
6.94837
5.73001
5.30012
5.09351
7.85175
5.86475
4.35755
5.69349
8.27146
4.97102
7.98299
4.65105
5.187
4.11711
5.46597
7.10329
5.86475
4.35755
5.69349
8.27146
5.43045
6.26679
6.6865
6.94837
7.21432
5.89077
6.49985
7.96
5.33985
4.51096
4.53743
7.94837
5.81835
5.59991
5.63227
1
8.10329
3.59932
3.99305
4.88264
6.27302
4.15131
7.10329
7.53138
14.5848
8
7.55459
7.43463
8
6.48382
5.21723
3.52356
4.24031
4.85244
11.4183
6.90087
3.1375
5.61471
2.85316
7.65821
5.18587
7.45943
6.80735
6.43463
4.67646
5.63662
4.13614
6.5157
4.90689
8.03892
6.3159
6.7211
6.43463
6.48382
7.53916
5.92283
5.85798
1
5.07325
4.45943
7.49985
7.49185
13.9846
5.90087
3.65821
5.54689
3.63743
5.97728
3.9
7.53916
6.45121
7.43463
3.32878
4.41504
3.56294
5.27798
7.49185
8
13.661
7.90087
5.46761
5.46761
7.02237
6.43463
4.67646
7.63662
4.88264
7.46761
4.92283
6.46761
3.80735
5.53138
4.14048
7.58946
6.3159
5.18587
7.45943
2.85316
5.07325
4.45943
7.49985
7.49185
13.9846
6.90087
3.63743
5.97728
3.9
5.21723
3.88613
7.53138
7.49185
13.9846
6.3159
4.91374
5.89077
3.24793
6.63662
6.7211
6.43463
4.67646
7.63662
4.69249
7.47573
2.96621
6.62936
6.22239
9.70995
7.90087
4.89885
6.46761
2.5961
4.1565
4.45943
7.49985
7.49185
8
6.48382
5.21723
3.52356
5.56224
2.93643
6.64386
7.80735
2.8009
13.661
6.90087
5.1375
5.87447
2.5961
6.74147
1
7.45121
1
0.736966
0.584963
6.64386
0.678072
0.584963
6.80735
6.43463
6.48382
5.9542
7.74819
0.225713
14.0855
5.90087
3.65821
7.54689
6.7211
6.62936
5.90087
4.65821
6.48382
3.52356
5.97728
6.7211
6.43463
6.48382
5.9542
2.94084
6.05166
3.1375
6.61471
2.93643
5.32193
6.69349
6.65105
6.3159
5.49985
7.45121
2.94084
5.05166
2.96621
4.30743
3.65821
7.54689
6.7211
6.43463
4.67646
7.63662
4.92283
7.46761
7.49185
8
3.88613
5.94642
3.9
6.53916
4.90689
9.36085
7.56224
2.94084
4.63662
7.02237
6.43463
4.67646
7.63662
4.89885
7.46761
4.45943
5.91488
3.80735
7.53138
6.22239
9.70995
6.90087
6.20945
5.85798
4.67646
7.63662
4.9542
6.46761
4.16323
5.93074
5.61471
7.79442
6.90087
3.1375
4.29278
4.85244
13.2257
5.24031
3.24793
7.63662
3.65821
5.54689
6.80735
6.43463
4.67646
7.63662
4.88264
5.88264
2.85316
4.85086
5.02975
12.9413
5.90087
3.65821
7.54689
6.7211
6.43463
4.67646
7.63662
4.89885
6.46761
4.92283
7.46761
4.58496
5.90689
4.70044
6.47573
7.80735
2.8009
13.661
7.90087
5.46761
5.46761
7.02237
6.43463
4.67646
7.63662
4.88264
7.46761
4.92283
6.46761
3.80735
5.53138
4.14048
7.58946
6.3159
4.29278
7.49985
6.7211
6.43463
4.67646
7.63662
4.88264
5.88264
3.63743
5.24031
6.10852
6.62205
6.3159
5.49985
7.45121
2.94084
4.82927
2.93643
4.64386
4.45943
7.49985
7.49185
8
6.48382
5.21723
3.88613
7.53138
7.49185
13.9846
5.90087
6.65821
6.58496
6.90087
3.1375
6.61471
3.88753
6.53916
5.92283
9.5597
6.56224
4.58496
7.49185
5.92283
7.44294
7.02237
6.43463
6.48382
6.53916
3.9
5.21723
3.52356
5.56224
2.93643
6.64386
7.80735
2.8009
13.661
6.90087
7.48382
7.75489
5.24031
3.9
5.9542
2.94084
6.63662
6.80735
6.43463
4.67646
7.63662
4.92283
7.46761
6.58496
7.72451
6.90087
4.45943
6.49985
7.58496
8
4.67646
7.63662
4.88264
5.88264
3.1375
4.80735
6.7211
6.62936
6.3159
4.91488
7.46761
2.96621
5.04439
5.59991
5.86625
3.52356
5.56224
6.20945
5.85798
7.48382
10.7707
5.90087
6.65821
6.58496
5.90087
4.53916
5.89885
6.7211
6.43463
6.48382
6.53916
3.9
5.21723
3.52356
5.56224
5.79442
12.7403
5.09351
6.69349
7.65105
4.97728
3.88613
7.53138
5.86625
7.45121
8
8
6.22239
9.70995
6.90087
5.79442
12.7403
6.3159
4.91488
7.46761
2.96621
6.62936
6.80735
6.43463
6.48382
6.53916
3.9
5.21723
3.88613
7.53138
7.49185
13.9846
6.56224
6.58496
7.72451
6.90087
3.1375
5.61471
3.63743
7.56224
7.45121
11.5048
5.3159
4.69249
6.47573
3.32878
6.58496
2.93643
4.64386
6.78136
6.43463
6.48382
5.53916
6.61471
5.47573
13.661
6.90087
7.48382
7.75489
5.97728
5.92283
5.85798
3.63743
5.24031
3.52356
7.56224
3.65821
5.54689
6.80735
6.43463
6.48382
5.9542
2.94084
6.05166
7.53916
7.89482
6.3159
4.29278
7.49985
6.7211
6.43463
4.67646
7.63662
4.88264
5.88264
3.1375
4.80735
6.7211
6.62936
5.09351
2.9386
4.04439
3.56294
5.01495
1
4.24031
7.02237
6.43463
6.48382
5.21723
3.88613
7.53138
6.49185
6.43463
3.9
6.53916
4.90689
8.03892
6.90087
3.1375
4.29278
4.85244
13.2257
5.24031
3.24793
6.05166
7.02237
6.43463
4.67646
6.05166
3.1375
6.61471
2.9386
4.04439
3.56294
6.01495
7.50779
3.1838
13.661
5.90087
7.47573
15.182
5.90087
6.65821
6.58496
5.90087
3.65821
7.54689
4.91374
5.89077
3.24793
4.17719
4.88613
6.47573
2.94084
6.63662
3.63743
5.97728
3.24793
5.05166
6.80735
6.43463
4.67646
6.05166
4.45943
7.49985
4.90689
6.46761
6.22239
9.70995
5.24031
3.24793
7.63662
4.88264
7.46761
2.93643
6.05889
4.53916
5.89885
7.02237
6.43463
6.48382
7.53916
7.44294
8
6.10852
7.62205
5.24031
3.24793
6.63662
2.96621
5.04439
3.32878
6.58496
6.7211
6.43463
4.67646
7.63662
4.29278
5.91488
2.85316
5.07325
3.1375
6.02975
3.1375
4.80735
2.96621
6.62936
6.22239
9.70995
5.97728
5.92283
5.85798
7.58496
8
6.48382
7.53916
5.92283
5.85798
1
6.65821
3.32878
6.58496
6.7211
4.67646
14.0855
5.09351
2.9386
4.62936
4.91374
7.47573
3.52356
5.97728
6.7211
6.43463
6.48382
5.9542
2.94084
5.05166
2.96621
6.62936
6.22239
9.70995
5.24031
3.24793
6.63662
2.93643
6.64386
4.29278
7.49985
3.65821
7.54689
2.96621
5.04439
3.32878
6.58496
2.93643
6.64386
4.89885
6.46761
6.20945
5.85798
6.48382
5.9542
4.16323
6.5157
4
7.5157
3.63743
5.24031
6.10852
6.62205
7.90087
4.89885
6.46761
6.20945
5.85798
4.67646
7.63662
5.02975
7.46761
7.58496
3.87213
14.5848
8
7.43463
4.66297
4.7211
6.17991
7.3159
4.06228
6.17991
8.90087
5.00225
9.13186
4.83289
4.75489
6.51833
6.56986
7.60733
5.65344
6.85175
5.62644
6.60733
7.45121
7.60733
6.24317
5.70044
6.6865
7.47573
4.52356
11.2016
7.53138
5.96193
4.75489
6.51833
6.56986
6.44294
5.44626
6.64386
7.60733
5.33985
4.51096
6.1224
5.78136
6.03342
7.94837
4.06228
6.17991
8.90087
5.00225
9.13186
4.97102
5.98299
5.41278
5.93074
3.55943
6.33985
5.35168
6.88874
4.56929
5.17564
6.14296
5.78136
4.86507
5.46597
6.05528
7.54689
8
10.2687
7.14771
4.87036
5.43741
7.87652
5.07195
7.63662
6.44294
5.14684
6.1565
6.07325
7.90087
5.14568
11.0855
4.89239
5.14684
6.85175
7.1472
7.60733
7.03342
6.93074
6.63662
5.44626
6.64386
7.60733
5.59991
6.74819
6.53916
6.49985
7.57743
5.78136
5.44846
4.63227
4.53605
8.19476
5.66838
5.57289
5.14684
5.60881
5.60881
8.90087
5.07625
4.73039
6.03342
7.94837
5.65344
5.70736
7.8009
6.55459
8.27146
5.56478
5.39722
6.85175
5.33985
4.51096
4.53743
6.94837
5.04439
4.04775
4.41278
5.36923
7.85175
5.73922
6.22882
7.66534
4.94642
11.2016
7.53138
5.96193
4.75489
6.51833
5.56986
6.59991
4.04731
5.50779
7.94837
5.2186
5.40939
5.84298
6.85175
5.97728
6.06609
5.74147
1
6.94837
4.92481
4.33985
4.28293
4.09398
6.60979
5.56478
5.39722
6.85175
5.33985
4.51096
5.70736
7.75489
3.96963
12.3391
4.89239
5.14684
7.85175
6.24317
7.70044
7.80735
7.59991
4.77083
6.93074
6.63662
5.44626
6.64386
7.60733
5.20294
5.27798
7.60733
7.7211
5.65344
5.85175
4.5025
5.16993
7.94837
4.82528
4.92481
7
4.02554
5.46597
6.59495
7.93074
3.66297
8.19476
5.20294
5.27798
6.02237
6.75489
7.87652
4.96428
5.00643
4.85798
4.51096
6.1224
7.10329
7.56986
7.44294
7.20457
7.5157
7.45943
7.97154
7.50779
7.58496
5.86475
4.35755
5.69349
8.27146
5.07195
4.98706
5.38247
8.19476
4.92481
5.11746
7.16491
6.1224
7.99435
5.74147
5.10852
5.60881
8.90087
3.80062
5.38247
8.19476
5.65344
6.1224
6.51833
7.87652
6.33985
5.65821
5.97154
5.66107
7.93074
4.53916
12.3391
4.89239
5.14684
6.85175
5.33985
6.24793
6.58496
4.94753
7.71425
6.63662
5.44626
6.64386
7.60733
5.20294
5.27798
7.60733
7.7211
5.2186
5.40939
5.84298
6.85175
5.30581
6.04439
7
5.84549
6.8009
3.50855
7.80735
5.59991
7.49985
6.99435
6.79442
4.74819
4.11711
6.7879
4.75489
12.3391
4.89239
5.14684
7.85175
5.73001
5.30012
5.3159
6.10852
5.44626
6.64386
7.60733
5.00225
9.13186
5.26053
5.38082
3.85466
6.09276
7.50779
7.58496
6.53138
8.01681
6.49985
7.49586
7.69349
6.47573
6.60733
7.84549
7.56224
6.53138
7.29921
6.8392
6.78136
6.87036
7.47573
6.55459
4.11711
5.46597
8.10329
3.59932
3.99305
4.88264
6.27302
4.15131
6.51833
7.87652
4.06228
6.17991
7.90087
6.39232
5.94642
6.16993
7.59991
6.85798
6.62205
14.5848
8
7.55459
7.48382
7.75489
7.56224
8
8
6.48382
5.21723
3.52356
5.97728
6.7211
6.62936
5.90087
3.65821
7.54689
4.91374
5.89077
3.24793
4.17719
4.88613
6.47573
2.94084
6.63662
3.63743
5.97728
3.24793
5.05166
6.80735
6.43463
4.67646
6.05166
4.45943
7.49985
4.90689
6.46761
6.22239
9.70995
6.90087
4.45943
6.49985
7.58496
8
4.67646
7.63662
4.88264
5.88264
3.1375
4.80735
6.7211
6.62936
6.3159
5.49985
7.45121
2.94084
5.05166
4.91374
5.89077
3.24793
6.63662
6.20945
5.85798
6.48382
5.21723
3.88613
7.53138
7.49185
13.9846
6.3159
5.49985
7.45121
2.94084
5.05166
4.91374
7.47573
8
8
6.80735
6.43463
4.67646
6.05166
3.1375
6.61471
3.88753
7.53916
4.90689
9.36085
6.56224
6.58496
7.72451
5.90087
4.65821
5.16189
3.24793
5.05166
3.63743
7.56224
5.92283
9.5597
5.24031
3.24793
7.63662
3.65821
7.54689
2.96621
7.62936
6.20945
5.85798
6.48382
7.53916
5.92283
11.1447
5.3159
4.69249
6.47573
3.32878
6.58496
6.20945
5.85798
4.67646
7.63662
4.89885
7.46761
2.9386
4.45943
3.88753
6.53916
5.92283
11.1447
6.90087
5.79442
12.7403
6.3159
4.92283
6.46761
4.16323
6.5157
4
7.5157
4.89885
6.46761
6.80735
6.43463
4.67646
7.63662
6.59991
3.79998
13.661
6.3159
5.86625
7.44294
4.91374
7.47573
8
8
6.48382
5.21723
3.52356
5.97728
2.96621
6.62936
5.02975
7.46761
6.58496
7.13955
7.56224
4.16323
6.5157
7.58496
8
6.48382
6.53916
3.9
6.53916
3.24793
4.17719
2.9386
4.45943
2.93643
6.64386
6.22239
9.70995
6.3159
4.13614
6.5157
7.44294
8
4.67646
7.63662
5.18587
6.45943
5.79442
12.7403
7.90087
4.89885
7.46761
3.65821
7.54689
2.96621
6.62936
4.45943
7.49985
7.49185
8
6.48382
5.21723
6.10852
6.62205
6.3159
4.92283
6.46761
4.16323
6.5157
4
5.5157
7.53916
7.89482
6.3159
4.92283
6.46761
4.16323
6.5157
7.58496
8
4.67646
7.63662
4.9542
6.46761
6.58496
7.72451
6.3159
4.91488
7.46761
6.7211
7.62936
4.97728
3.52356
7.56224
2.85316
6.65821
1
4.58496
3.63743
7.56224
8
8
6.7211
6.43463
4.67646
6.05166
4.45943
6.49985
6.58496
7.72451
6.90087
2.93643
5.05889
3.32878
6.58496
5.79442
12.7403
6.3159
4.91488
7.46761
6.20945
5.85798
6.48382
7.53916
5.48382
7.45121
4.58496
6.49185
6.10852
7.62205
5.24031
3.24793
6.63662
2.96621
7.62936
2.96621
6.62936
5.91488
7.44294
8
8
6.80735
6.43463
4.67646
6.05166
3.1375
6.61471
3.88753
7.53916
4.90689
8.03892
6.90087
5.79442
12.7403
6.3159
5.49985
7.45121
2.94084
5.05166
6.7211
6.43463
6.48382
6.53916
3.9
6.53916
7.49185
8
6.10852
6.62205
6.3159
5.49985
7.45121
2.94084
5.05166
4.91374
7.47573
8
8
6.80735
6.43463
4.67646
6.05166
3.1375
6.61471
3.88753
7.53916
4.90689
8.03892
7.90087
4.89885
6.46761
4.85244
11.4183
5.90087
4.65821
5.16189
3.9
7.53916
7.45121
11.5048
6.3159
4.91488
6.46761
3.32878
6.58496
4.91374
7.47573
4.70044
5.89077
6.7211
6.43463
4.67646
5.05166
7.80735
1.15149
13.5006
5.97728
5.92283
7.44294
3.52356
5.97728
6.7211
6.62936
6.3159
2.96621
6.62936
3.1375
6.61471
6.20945
5.85798
7.48382
12.3556
5.24031
3.24793
7.63662
5.18587
7.45943
6.80735
6.43463
4.67646
5.63662
3.32878
4.41504
2.5961
4.57154
3.32878
6.58496
7.79442
1.98489
13.661
6.90087
7.43463
15.93
5.09351
2.9386
4.62936
2.96621
6.62936
3.1375
5.61471
6.80735
6.43463
6.48382
7.53916
5.92283
7.44294
3.1375
4.80735
6.7211
4.67646
14.0855
5.90087
6.65821
7.58496
7.56224
8
8
6.48382
5.21723
3.52356
5.97728
4.91374
7.47573
6.10852
6.62205
6.3159
5.18587
7.45943
2.85316
5.07325
4.45943
7.49985
7.49185
13.9846
4.97728
3.52356
5.97728
6.7211
6.43463
4.67646
7.63662
4.88264
5.88264
6.22239
9.70995
6.90087
4.45943
6.49985
7.58496
8
4.67646
7.63662
4.88264
5.88264
3.1375
4.80735
6.7211
6.62936
6.90087
3.63743
5.97728
3.9
5.21723
3.88613
7.53138
7.49185
13.9846
5.3159
4.69249
6.47573
3.32878
6.58496
2.93643
4.64386
4.45943
5.91488
7.61471
8
7.48382
8
