175
8
8
8
8
4.11042
5.94642
6.10329
5.47573
4.99247
5.62205
2.8467
6.18322
3.07435
5.32912
2.43063
4.32193
2.35755
4.20945
2.8606
7.72792
5.48382
7.47573
5.10329
7.14466
3.71272
6.57806
5.05889
7.59246
7.46761
8
8
4.99247
3.8147
2.87673
4.10852
6.11894
5.57743
6.98868
2.57878
5.73471
3.43063
5.62205
3.63097
7.62205
5.16189
7.57743
3.8679
7.56224
5.90689
5.89885
4.32193
4.4075
5.40372
6.52356
6.12928
7.98868
5.00643
7.49985
2.53727
5.16323
2.81789
4.92735
2.8467
6.76818
5.7866
5.16189
3.99247
6.18322
4.86419
7.50779
5.90689
5.89885
4.32193
6.57743
7.46761
3.98793
5.24031
5.29278
5.16189
4.99247
5.62205
3.63097
5.62205
2.8467
3.52026
1
4.06111
1
4.52356
4.32193
4.4075
6.40372
5.56986
5.89077
2.53727
5.16323
6.10329
5.47573
3.99247
7.76818
4.34577
7.5157
3.39593
5.59246
2.35755
4.20945
2.30117
4.38606
7.81378
7.46761
4.26053
6.98868
7.46761
8
4.99247
3.8147
2.87673
4.10852
3.4185
6.05889
6.73471
8.44501
6.40372
5.56986
5.89077
2.53727
5.16323
6.10329
5.47573
3.99247
7.76818
4.34577
7.5157
3.39593
5.59246
2.35755
4.20945
2.30117
4.38606
6.81378
7.3966
6.40372
3.39593
7.59246
3.07435
5.32912
5.7866
5.16189
4.99247
3.8147
4.56478
6.5157
3.63097
7.62205
4.02237
4.13614
6.98868
2.35755
5.20945
2.43063
5.1964
3.39593
5.59246
6.9542
6.45943
3.99247
6.18322
3.8679
7.56224
7.46761
7.46761
4.26053
6.98868
7.46761
8
4.99247
3.8147
2.87673
4.10852
6.11894
5.57743
6.40372
3.86942
4.55459
3.4185
4.8365
2.8467
6.18322
3.07435
5.32912
6.9542
6.45943
3.99247
7.76818
3.39593
5.59246
3.77259
6
6.60733
6.45943
4.02237
4.13614
6.98868
2.35755
5.20945
2.43063
5.1964
3.39593
5.59246
6.9542
6.45943
3.99247
6.18322
3.8679
7.56224
4.02237
4.13614
6.40372
3.86942
5.55459
6.9542
6.45943
4.99247
5.62205
2.53727
5.42626
2.43063
5.1964
7.64386
7.78136
6.40372
3.77007
7.55459
2.43063
4.974
3.07435
5.32912
5.7866
5.16189
3.99247
3.52026
2.45623
4.06111
2.30117
5.03814
6.61471
6.72792
7.98868
5.89077
6.46761
3.4185
4.8365
3.63097
3.8147
2.87673
4.10852
6.11894
5.47573
3.99247
6.18322
5.61471
5.47573
4.26053
6.40372
4.70044
7.49985
2.35755
4.62449
2.03148
5.91886
3.86942
7.55459
3.39593
6.59246
6.10329
5.47573
7.57743
7.78136
6.40372
3.70782
6.56224
6.10329
5.47573
4.99247
5.62205
2.8467
6.18322
3.07435
5.32912
2.43063
4.32193
2.35755
4.20945
2.8606
7.72792
7.48382
8
7.61471
7.56986
6.98868
2.35755
3.79442
1
7.69349
7.5157
7.45943
5.90689
7.48382
2.57878
4.27528
6.10329
5.47573
4.99247
7.62205
6.46761
7.45943
6.73471
9.44501
6.25424
5.89077
7.46761
5.49985
7.49185
3.07435
5.32912
5.7866
5.16189
3.99247
6.18322
2.35755
5.47249
2.35755
3.79442
2.81789
4.41278
4.02237
4.13614
6.98868
2.35755
5.20945
2.43063
5.1964
3.39593
5.59246
6.9542
6.45943
3.99247
6.18322
3.8679
7.56224
7.60733
7.49185
7.47573
5.89077
7.90087
7.46761
2.87673
4.88613
3.05889
6.69349
6.81378
7.3966
7.98868
2.45623
4.30212
3.05889
6.69349
6.81378
7.3966
6.98868
6.27922
7.7879
7.46761
8
8
4.99247
3.8147
2.87673
4.10852
6.11894
5.57743
6.98868
4.86419
7.50779
2.53727
5.42626
6.9542
6.45943
3.99247
6.18322
5.61471
7.47573
4.02237
4.13614
6.98868
3.77259
6
5.29278
5.16189
3.99247
7.76818
7.45943
8
2.35755
4.62449
6.11894
5.57743
7.98868
3.86942
4.74723
3.4185
6.05889
2.87673
4.10852
6.11894
5.47573
3.99247
6.18322
2.57878
3.73471
2.8606
5.14296
4.56478
7.5157
5.59246
6.27146
5.40372
6.52356
6.12928
7.98868
3.43063
5.62205
3.63097
3.8147
4.56478
7.5157
5.59246
6.27146
7.98868
5.49985
7.49185
3.07435
5.32912
2.30117
4.03814
3.77259
6
7.49185
8
7.57743
7.45943
4.26053
7.98868
5.89077
6.46761
3.4185
6.05889
4.3147
5.94642
2.43063
7.78136
5.61471
5.89077
5.29278
5.16189
7.57743
7.78136
5.40372
5.7866
5.16189
3.99247
6.18322
3.70782
5.97728
2.43063
4.32193
2.35755
5.47249
2.35755
4.62449
6.11894
5.57743
7.98868
5.49985
7.49185
3.07435
5.32912
2.30117
4.03814
3.77259
6
7.49185
8
7.57743
8
8
7.98868
5.89077
6.46761
3.4185
6.05889
2.87673
4.10852
2.03148
5.3339
5.61471
5.89077
5.29278
5.16189
7.57743
7.78136
7.46761
6.63662
7.45943
2.87673
4.10852
6.11894
5.57743
7.98868
5.49985
7.49185
3.07435
5.32912
2.30117
4.03814
3.77259
6
7.49185
8
7.57743
7.78136
3.71272
6.57806
5.05889
7.59246
7.98868
5.00643
7.49985
3.98793
5.24031
5.29278
5.16189
3.99247
7.76818
3.86942
7.55459
3.8679
7.56224
5.90689
7.48382
6.36923
6.00749
5.40372
6.52356
6.12928
7.98868
6.45943
7.45943
5.16189
7.57743
3.8679
6.56224
4.56478
7.5157
5.90689
7.48382
7.9542
8
6.90087
7.98868
2.45623
4.30212
3.05889
6.69349
6.81378
8.3966
6.46761
2.8467
6.18322
6.11894
5.47573
3.99247
6.18322
3.07435
7.65105
3.77259
7.58496
5.48382
7.47573
7.9542
8
7.49185
6.40372
7.57743
7.93074
7.46761
8
8
4.99247
3.8147
2.87673
4.10852
3.4185
6.05889
6.73471
8.44501
6.40372
5.56986
5.89077
2.53727
5.16323
6.10329
5.47573
3.99247
7.76818
4.34577
7.5157
3.39593
5.59246
2.35755
4.20945
2.30117
4.38606
6.81378
8.3966
7.46761
3.98793
5.24031
5.29278
5.16189
4.99247
5.62205
3.63097
5.62205
2.8467
3.52026
1
4.06111
1
5.52356
6.36923
6.00749
7.98868
3.8679
7.56224
7.46761
8
3.99247
7.76818
3.39593
4.7851
6.52356
7.71425
7.46761
2.53727
5.16323
6.10329
5.47573
3.99247
7.76818
4.64386
7.50779
4.02975
7.53916
6.46761
7.45943
4.56478
6.5157
3.63097
7.62205
4.02237
7.7211
6.46761
2.8467
6.18322
6.11894
5.47573
3.99247
6.18322
3.07435
7.65105
3.77259
7.58496
7.48382
8
7.61471
7.56986
5.40372
6.52356
6.12928
6.98868
2.57878
5.73471
3.43063
5.62205
2.8467
6.18322
2.35755
5.20945
6.9542
6.45943
7.57743
7.78136
5.40372
6.52356
6.12928
6.40372
5.56986
5.89077
2.53727
4.28876
2.03148
3.16398
2.57878
4.92735
2.03148
7.91886
7.45943
8
6.10329
5.47573
4.99247
7.62205
6.46761
7.45943
6.73471
8.44501
6.40372
3.39593
5.27053
6.11894
5.47573
3.99247
6.18322
3.07435
6.65105
5.98489
6.46761
4.02975
7.53916
7.46761
7.83289
6.98868
4.34577
6.5157
5.7866
5.16189
3.99247
6.18322
5.61471
5.89077
7.61471
7.45943
7.5157
8
8
5.81762
8.05528
7.6865
5.61961
7.00562
4.88264
6.49185
5.70044
6.93664
7.53528
4.16993
5.94837
7.65821
3.02237
8.53528
6.66534
6.57743
4.94251
5.80735
5.62205
6.38082
7.02237
4.20477
6.35755
7.70044
5.65535
8.14975
6.82018
5.75489
6.6677
6.80735
8.23362
7.65821
7.62205
7.63662
6.67243
7.62936
6.80735
5.18982
5.67807
4.14684
5.26366
4.99435
1
0.584963
4.62059
7.23362
4.66297
4.16457
7.9542
7.46761
7.84549
2.98037
6.98868
6.37504
5.94837
5.33628
5.73335
5.66107
4.62272
8.20457
7.88874
4.4667
5.84298
4.55459
4.80735
3.46632
4.6885
7.99435
3.91966
5.53916
3.53172
7.93074
7.70044
7.65821
6.10154
4.45943
7.98868
7.57743
3.02237
8.53528
5.35755
6.01495
7.85175
7.49185
5.16993
7.84549
2.98037
6.98868
6.37504
5.94837
7.65821
4.16993
5.94837
7.65821
2.98037
2.59637
5.36923
5.97154
3.91966
5.53916
3.53172
6.93074
7.67948
5.35755
6.01495
7.85175
7.49185
7.62205
5.65535
8.14975
5.9542
4.45943
5.18133
8.12412
7.97154
7.83289
5.96193
4.9542
6.82018
5.55459
7.67948
3.73909
5.61961
4.30518
7.8392
4.36923
7.84549
5.64386
7.97154
4.7211
4.57949
6.53398
4.80735
4.81378
7.03892
6.75489
7.65821
2.98037
2.59637
6.9542
5.70736
6.38082
5.47032
4.65951
3.99498
5.80735
7.63662
7.62936
8.07682
6.67948
2.98037
2.59637
5.36923
7.97154
7.46761
7.45943
5.54226
5.26366
4.61143
8.11894
5.76818
3.45943
6.38658
5.35755
6.01495
7.85175
7.49185
8
8
7.90087
5.65535
4.44931
5.75489
6.53398
6.75489
5.48543
6.85175
6.97154
6.62936
5.25172
4.99435
2.98037
6.98868
6.37504
5.94837
7.65821
5.18982
4.80735
4.81378
5.23156
7.97154
7.65821
4.06111
3.53605
6.75489
7.54689
3.48308
4.32593
4.97473
7.97154
4.85798
6.76818
6.05528
7.65821
4.60486
4.36565
5.87652
6.05528
6.16491
3.03892
6.96
7.62205
7.02237
4.20477
6.35755
7.70044
6.65821
6.82018
5.55459
6.67948
4.65662
5.54226
5.26366
4.61143
8.11894
5.76818
7.78136
7.75489
7.47573
7.84549
6.67948
7.59246
7.52356
7.96578
7.82655
6.61471
8.12412
5.75489
7.73471
5.94837
5.04439
7.08215
5.62205
7.96578
4.65662
5.54226
5.26366
4.61143
8.11894
5.76818
7.78136
7.75489
8
8
5.65535
4.44931
5.75489
6.53398
6.75489
5.48543
6.85175
6.97154
4.65662
5.54226
5.26366
4.61143
8.11894
5.76818
7.78136
6.75489
7.65821
7.02237
4.32673
8.12412
6.97154
5.67243
5.39803
5.47573
5.49719
6.35755
6.70044
7.02237
4.20477
6.35755
7.70044
5.41954
7.56986
4.08215
4.80735
4.66676
8.04985
8
7.90087
5.66534
6.63662
6.22239
6.93074
7.67948
4.50462
6.64866
3.12433
3.45943
7.97154
2.98037
2.59637
5.36923
5.64962
1
4.26849
8.08215
7.46761
7.49185
4.85086
4.6885
4.99435
2.98037
6.98868
6.37504
5.94837
7.65821
3.95109
5.76553
4.62059
7.23362
4.66297
4.16457
4.9542
7.96578
6.67243
7.62936
6.80735
5.18982
5.67807
4.14684
5.04127
6.09452
7.65821
7.02237
4.32673
8.12412
7.97154
4.85798
8.35315
4.23522
7.64386
7.49985
6.38082
6.43741
6.17659
6.30378
2.73877
7.25267
6.67948
2.98037
2.59637
5.36923
5.64962
1
4.26849
5.76022
6.99435
7.02237
4.20477
6.35755
6.70044
3.71786
7.81378
7.61471
5.57894
3.36419
4.10962
7.82018
7.02237
4.20477
6.35755
6.70044
5.64386
6.85175
6.26679
5.16419
7.65821
6.53138
7.74147
7.50779
2.98037
2.59637
5.36923
5.97154
5.50462
5.66676
3.97229
4.10962
6.23522
5.35755
3.47897
4.66676
4.03185
3.11698
7.33985
7.55459
7.5157
8
8
7.46761
8
4.99247
3.8147
2.87673
4.88613
5.10329
5.3373
6.98868
2.35755
5.20945
2.43063
5.1964
3.39593
5.59246
6.9542
6.45943
3.99247
6.18322
3.8679
7.56224
4.02237
4.13614
6.98868
6.11894
5.47573
4.99247
6.62205
1
5.94642
1
4.32193
1
0.807355
5.59246
6.27146
6.98868
2.57878
5.73471
3.43063
5.62205
3.63097
7.62205
5.16189
7.57743
3.07435
4.32912
2.81789
4.41278
7.60733
7.46761
4.26053
4.40372
3.14296
4.82655
6.10329
5.47573
3.99247
7.76818
7.45943
8
4.64386
7.50779
5.90689
5.89885
4.32193
4.4075
6.40372
3.39593
5.59246
2.43063
4.32193
3.77259
6
5.59246
6.27146
7.98868
3.43063
5.62205
3.63097
3.8147
4.56478
7.5157
5.59246
6.27146
6.98868
3.4185
4.8365
2.8467
6.18322
6.11894
5.47573
3.99247
7.76818
5.49985
7.49185
2.03148
6.91886
6.36923
6.00749
6.98868
4.34577
5.93074
3.05889
4.52356
3.77259
6
6.60733
6.45943
4.99247
3.8147
2.87673
6.10852
2.30117
5.52356
7.9542
8
4.26053
5.98868
4.20945
6.52356
3.05889
6.69349
5.56986
5.89077
2.53727
4.57827
2.30117
5.03814
3.70782
5.97728
6.9542
6.45943
4.99247
5.62205
7.89482
6.47573
6.90087
6.98868
2.57878
4.92735
6.11894
5.57743
6.98868
4.86419
6.50779
2.87673
4.10852
6.11894
5.47573
4.99247
5.62205
2.53727
5.42626
2.35755
4.20945
2.30117
4.38606
6.81378
7.3966
6.40372
5.56986
5.89077
2.53727
4.28876
2.03148
3.16398
2.57878
4.92735
6.11894
5.47573
3.99247
7.76818
4.64386
7.50779
6.60733
7.45943
4.56478
6.5157
3.63097
7.62205
4.02237
7.7211
7.46761
2.53727
5.16323
6.10329
5.47573
3.99247
7.76818
4.34577
5.93074
3.77259
6
5.90689
7.48382
6.36923
6.00749
5.40372
5.7866
5.16189
3.99247
7.76818
5.98489
7.46761
3.98793
6.56224
7.49185
8.15482
6.98868
2.35755
3.79442
5.10329
8.14466
6.46761
2.8467
6.18322
2.57878
5.73471
6.9542
6.45943
3.99247
7.76818
7.45943
8
2.43063
7.78136
6.61471
6.72792
6.98868
2.57878
4.92735
6.11894
5.47573
3.99247
7.76818
4.34577
7.5157
4.64386
7.50779
4.02975
7.53916
4.34577
7.52356
7.9542
8
4.26053
4.40372
3.14296
4.82655
6.10329
5.47573
3.99247
7.76818
7.45943
8
4.64386
7.50779
5.90689
5.89885
4.32193
4.4075
6.40372
3.70782
4.75489
6.11894
5.47573
3.99247
7.76818
7.45943
8
3.43063
6.62205
6.73471
8.44501
6.40372
5.56986
5.89077
2.53727
4.57827
2.30117
4.03814
3.77259
6
6.60733
6.45943
4.99247
3.8147
4.56478
7.5157
5.59246
6.27146
6.98868
6.27922
6.7879
6.98868
2.35755
4.20945
2.8606
4.92057
7.5157
8.26209
7.46761
4.02975
6.53916
4.3147
6.53138
6.10329
5.47573
4.99247
5.62205
3.63097
3.8147
2.87673
6.10852
2.30117
5.52356
7.9542
8
4.26053
6.40372
7.57743
7.93074
6.46761
3.63097
5.62205
2.53727
5.42626
6.9542
6.45943
3.99247
7.76818
4.64386
7.50779
7.61471
7.56986
6.98868
3.77259
6
5.29278
5.16189
3.99247
7.76818
7.45943
8
2.35755
4.62449
6.11894
5.57743
6.40372
3.86942
4.55459
2.03148
5.91886
6.64386
7.45943
2.87673
6.10852
5.7866
5.16189
7.57743
7.78136
6.98868
6.27922
6.7879
7.98868
3.86942
4.74723
6.11894
5.47573
4.99247
5.62205
3.63097
3.8147
2.87673
6.10852
6.52356
6.12928
7.98868
6.81378
8.3966
7.46761
4.56478
6.5157
7.48382
7.46761
6.45943
7.45943
6.36923
6.00749
5.40372
6.52356
6.12928
6.40372
3.86942
4.55459
2.03148
6.91886
6.9542
6.45943
4.99247
5.62205
3.63097
3.8147
4.56478
7.5157
5.59246
8.27146
7.46761
7.61471
7.56986
6.98868
2.35755
5.20945
3.43063
7.62205
7.48382
6.73471
7.98868
5.49985
7.49185
3.07435
5.32912
2.30117
4.03814
7.94251
8
4.99247
7.62205
7.49185
7.46761
4.26053
6.40372
7.57743
7.93074
7.46761
4.3147
5.94642
3.43063
6.62205
2.87673
6.10852
2.57878
5.73471
6.9542
6.45943
4.99247
5.62205
2.53727
5.16323
7.56986
8.04985
6.40372
3.70782
4.75489
6.11894
5.47573
3.99247
7.76818
7.45943
8
2.35755
4.62449
6.11894
5.57743
7.98868
2.45623
4.30212
2.81789
5.14975
1
4.88613
6.10329
5.47573
4.99247
3.8147
4.56478
7.5157
5.27053
5.89885
3.63097
7.62205
4.02237
4.13614
6.98868
2.35755
3.79442
5.10329
8.14466
6.46761
2.8467
5.18322
6.10329
5.47573
3.99247
6.18322
2.35755
7.79442
2.45623
4.30212
2.81789
6.73471
7.5157
7.52356
4.26053
5.40372
1
0.584963
6.98868
6.27922
6.7879
6.98868
2.57878
4.92735
3.4185
4.8365
2.8467
3.52026
5.00643
7.49985
2.53727
5.42626
3.43063
5.62205
2.8467
5.44626
6.9542
6.45943
3.99247
6.18322
3.77259
6
1
7.54689
6.36923
7.59246
6.46761
2.8467
7.76818
7.45943
8
2.30117
7.84549
3.86942
6.55459
6.10329
5.47573
4.99247
7.62205
6.46761
7.45943
6.73471
9.44501
6.46761
2.8467
6.18322
2.03148
4.74894
3.07435
5.06609
6.11894
5.47573
3.99247
6.18322
3.70782
5.97728
2.43063
4.32193
2.35755
5.47249
2.35755
4.62449
2.03148
6.91886
6.36923
7.59246
7.46761
6.63662
7.45943
5.29278
5.16189
4.99247
6.62205
1
5.94642
1
0.736966
3.07435
5.06609
8.11894
7.47573
6.90087
7.98868
2.45623
3.59163
3.4185
6.05889
2.87673
4.10852
6.11894
5.47573
4.99247
5.62205
2.53727
4.28876
2.03148
6.91886
6.36923
7.59246
6.46761
2.8467
6.76818
2.30117
5.03814
3.70782
7.56224
2.57878
4.92735
2.03148
4.74894
3.07435
5.32912
2.30117
6.26053
4.34577
6.5157
5.7866
5.16189
4.99247
5.62205
3.98793
5.24031
5.02975
7.49185
3.43063
6.62205
6.73471
8.44501
6.98868
4.34577
6.5157
5.7866
5.16189
3.99247
6.18322
5.61471
5.89077
7.61471
7.45943
7.5157
8
8
6.98868
6.37504
5.94837
7.65821
4.16993
5.94837
7.65821
3.02237
7.53528
7.62205
3.53605
6.75489
5.22497
6.96578
4.85798
8.35315
4.23522
7.64386
7.49985
5.96578
5.35755
6.01495
7.85175
7.49185
5.16993
7.84549
7.65821
4.06111
3.53605
6.75489
7.54689
4.09516
4.16457
4.9542
6.96578
2.98037
2.59637
5.36923
5.33985
8.12412
6.97154
4.16993
5.94837
7.65821
3.02237
6.95031
3.71786
5.49185
7.96
5.75489
6.14975
6.9542
8.16491
7.63662
8.02237
6.42066
7.70044
7.80735
4.19162
5.37752
4.90689
7.60733
7.46761
7.84549
6.10154
4.45943
7.98868
6.57743
7.65821
5.08746
7.50779
6.35755
6.57743
6.56986
8.20457
8
6.90087
4.85086
4.6885
4.99435
8.18982
7.86419
6.61471
7.75489
7.50779
4.16457
4.9542
7.96578
5.77479
7.8009
7.23362
7.74147
6.52356
5.33985
5.53916
4.30518
6.8392
6.67948
5.02554
4.27684
3.07215
7.03892
6.75489
7.65821
7.02237
4.32673
8.12412
7.97154
5.85798
5.36923
8.08215
7.47573
7.70044
6.62936
5.25172
4.99435
2.98037
2.59637
5.36923
5.16419
7.65821
4.81378
5.63807
4.8357
6.99435
4.32193
4.98868
7.67948
4.09516
7.84549
7.65821
4.06111
3.53605
6.75489
7.54689
3.48308
4.32593
4.97473
5.64962
5.47032
3.47508
5.26366
4.99435
5.38247
8.29462
5.76818
3.45943
6.97154
4.65662
4.69426
4.64866
6.10154
6.09452
6.62936
5.25172
4.99435
2.98037
2.59637
7.9542
7.71425
7.47573
7.84549
4.85086
4.6885
5.99435
5.35755
7.59991
6.22239
6.1224
4.82273
7.75489
7.50779
4.16457
4.9542
6.96578
5.1565
2.62059
8.0607
6.64386
4.85798
6.76818
4.5025
5.85798
7.97154
4.60486
4.36565
7.87652
5.03709
5.59991
6.3634
6
8.07682
7.67948
5.1565
2.62059
5.73877
6.7211
7.57743
5.85798
6.27922
6.20294
2.59637
1
7.33985
7.45943
7.56986
8.57365
7.49985
7.56224
6.12412
6.52356
7.61471
7.02237
4.20477
6.35755
7.70044
6.65821
6.82018
5.55459
6.67948
4.65662
5.54226
5.26366
4.61143
8.11894
5.76818
7.78136
6.75489
7.65821
8.02237
5.55459
6.67948
5.85798
5.36923
5.33985
6.57743
6.82655
4.39993
4.9542
2.96123
7.98299
7.46761
7.84549
4.85086
4.6885
4.99435
2.98037
5.40372
5.36457
7.7211
7.63662
7.50779
4.16457
4.9542
6.96578
5.1565
2.62059
8.0607
6.64386
5.47032
3.47508
5.26366
7.99435
3.926
4.88264
5.06916
7.96578
7.6865
5.61961
6.22239
7.53916
7.46761
6.3159
5.02554
5.21594
3.36419
6.77259
7.47573
7.84549
4.85086
4.6885
6.40939
5.15843
4.26849
5.49719
5.94251
4.16457
4.9542
6.38082
3.02237
6.95031
5.96578
5.12338
3.98055
7.16491
6.52356
7.61471
7.65821
6.53916
6.74147
8.20945
7.67948
7.49185
6.96578
6.96578
7.49985
6.48382
7.62936
6.88874
4.62059
8.23362
7.49185
7.66534
3.36419
4.10962
6.23522
5.35755
3.47897
4.66676
4.03185
3.11698
5.33985
7.57743
4.16993
5.94837
6.65821
4.97728
6.08746
6.13614
7.59991
7.8392
7.53916
7.5157
8
8
7.57743
7.93074
7.46761
8
8
4.99247
3.8147
2.87673
4.10852
6.11894
5.57743
6.98868
2.57878
4.92735
3.4185
4.8365
2.8467
3.52026
5.00643
7.49985
2.53727
5.42626
3.43063
5.62205
2.8467
5.44626
6.9542
6.45943
3.99247
6.18322
3.77259
6
1
7.54689
6.36923
6.00749
6.98868
3.77259
6
5.29278
5.16189
3.99247
7.76818
7.45943
8
2.35755
4.62449
6.11894
5.57743
6.40372
5.56986
5.89077
2.53727
4.28876
3.4185
4.8365
2.8467
6.76818
5.7866
5.16189
4.99247
3.8147
4.56478
7.5157
5.59246
6.27146
6.40372
5.56986
5.89077
2.53727
4.28876
3.4185
7.64386
6.45943
7.45943
6.9542
6.45943
3.99247
6.18322
2.35755
4.20945
2.8606
5.72792
4.02237
7.7211
7.46761
7.61471
7.56986
6.98868
4.86419
4.92283
2.8467
5.44626
3.43063
7.62205
7.5157
8.26209
6.46761
2.8467
6.18322
2.57878
4.92735
2.03148
5.91886
5.7866
5.16189
4.99247
7.62205
7.5157
8.26209
7.98868
5.49985
7.49185
3.07435
5.32912
5.7866
5.16189
3.99247
7.76818
4.34577
7.5157
2.45623
4.06111
2.8606
4.92057
7.5157
8.26209
5.40372
6.52356
6.12928
6.40372
4.64386
4.92283
3.98793
5.24031
5.02975
6.49185
4.34577
6.5157
6.9542
6.45943
3.99247
7.76818
7.64386
8
4.26053
7.98868
5.89077
6.46761
3.4185
7.64386
8
8
4.99247
3.8147
2.87673
4.10852
2.03148
5.3339
5.61471
5.89077
7.61471
7.56986
7.46761
3.98793
5.24031
5.29278
5.16189
4.99247
5.62205
3.63097
5.62205
2.8467
3.52026
1
4.06111
1
5.52356
6.36923
6.00749
7.98868
3.8679
7.56224
7.46761
8
3.99247
7.76818
3.39593
4.7851
6.52356
6.12928
6.98868
4.34577
5.93074
2.57878
4.92735
2.03148
5.59694
3.77259
6
6.60733
6.45943
4.99247
3.8147
6.73471
8.44501
6.40372
4.64386
4.92283
3.98793
5.24031
5.02975
6.49185
7.56986
8.04985
6.40372
4.64386
4.92283
3.98793
5.24031
5.29278
5.16189
3.99247
7.76818
5.98489
6.46761
7.61471
7.56986
6.40372
3.86942
4.55459
6.11894
7.57743
7.46761
2.87673
5.37156
2.43063
4.974
3.07435
5.32912
3.43063
7.62205
4.90689
6.49185
6.11894
5.47573
3.99247
6.18322
3.77259
6
7.61471
7.56986
5.40372
2.30117
5.26053
3.07435
5.32912
6.52356
6.12928
6.40372
3.86942
7.55459
5.7866
5.16189
4.99247
7.62205
6.49985
7.45943
4.02975
5.9542
6.73471
9.44501
6.46761
2.8467
6.18322
2.03148
7.91886
2.03148
6.91886
5.49985
7.47573
6.45943
7.45943
6.9542
6.45943
3.99247
6.18322
2.35755
4.20945
2.8606
5.72792
4.02237
4.13614
5.40372
6.52356
6.12928
6.40372
5.56986
5.89077
2.53727
4.28876
6.11894
5.47573
4.99247
5.62205
3.63097
7.62205
6.60733
7.45943
6.73471
8.44501
6.40372
5.56986
5.89077
2.53727
4.28876
3.4185
7.64386
6.45943
7.45943
6.9542
6.45943
3.99247
6.18322
2.35755
4.20945
2.8606
5.72792
4.02237
4.13614
6.98868
4.34577
5.93074
5.10329
5.3373
6.98868
4.86419
4.92283
3.63097
7.62205
7.48382
6.73471
6.40372
3.86942
7.55459
3.07435
5.06609
3.4185
7.64386
4.34577
6.52356
6.11894
5.47573
3.99247
5.44626
7.9542
8
7.90087
7.46761
6.63662
7.45943
2.87673
4.10852
6.11894
5.57743
6.98868
2.03148
5.59694
1
4.20945
5.7866
5.16189
7.57743
7.78136
6.46761
2.8467
7.76818
3.39593
5.59246
6.9542
6.45943
3.99247
6.18322
3.07435
4.32912
3.05889
4.69349
3.07435
5.32912
8.10852
8
4.26053
6.40372
7.50779
7.55459
7.98868
2.45623
3.59163
2.03148
5.59694
1
5.20945
6.9542
6.45943
4.99247
6.62205
1
6.53138
1
4.62449
8.11894
7.47573
6.90087
6.98868
6.27922
7.7879
7.46761
8
8
4.99247
3.8147
2.87673
4.10852
3.4185
6.05889
6.73471
8.44501
6.40372
3.39593
5.59246
2.43063
4.32193
3.77259
6
5.59246
8.27146
7.46761
2.87673
4.10852
6.11894
5.47573
3.99247
7.76818
7.45943
8
6.36923
6.00749
6.98868
3.77259
6
5.29278
5.16189
3.99247
7.76818
7.45943
8
2.35755
4.62449
6.11894
5.57743
7.98868
3.43063
5.62205
3.63097
3.8147
4.56478
7.5157
5.59246
6.27146
7.98868
5.49985
7.49185
3.07435
5.32912
2.30117
4.03814
3.77259
6
7.49185
8
7.57743
8
