106
7
7
7
7
7
7
7
7
7
7
7
7
7
7
7
7
7
7
7
7
7
7
7
6.75489
3.2854
6.88264
7
7
7
7
7
7
7
7
7
7
7
7
7
7
7
7
7
7
7
7
7
7
7
7
7
7
7
7
7
7
7
7
7
7
7
7
7
7
7
7
7
7
7
7
7
7
7
7
7
7
7
7
7
7
7
7
7
7
7
7
7
7
7
7
7
7
7
7
7
7
7
7
7
7
7
7
7
7
7
7
7
7
7
5.75489
7
7
7
7
7
7
7
7
7
7
7
7
7
7
7
7
7
7
7
7
7
7
7
7
7
7
7
7
7
7
7
7
7
7
7
7
7
7
7
7
7
7
7
7
7
7
7
7
7
7
7
7
7
7
7
7
7
7
7
7
7
7
7
7
7
7
7
7
7
7
7
7
7
7
7
7
7
7
7
7
7
7
7
7
7
7
7
7
7
7
7
7
7
7
7
7
7
7
7
7
7
7
7
7
7
7
7
7
7
7
7
7
7
7
7
7
7
7
7
7
7
7
7
7
7
7
7
7
7
7
7
7
7
7
7
7
7
7
7
7
7
7
7
7
7
7
7
7
7
7
7
7
7
7
7
7
7
7
7
7
7
7
7
7
7
7
7
7
7
7
7
7
7
7
7
7
7
7
7
7
7
7
7
7
7
7
7
7
7
7
7
7
7
7
7
7
7
7
7
7
7
7
7
7
7
7
7
7
9.56986
7
7
7
7
7
7
7
7
7
7
7
7
7
7
7
7
7
7
7
7
7
7
7
7
7
7
7
7
7
7
7
7
7
7
7
7
7
7
7
7
7
7
7
7
7
7
7
7
7
7
7
7
7
7
7
7
7
7
7
7
7
7
7
7
7
7
7
7
7
7
7
7
7
7
7
7
7
7
7
7
7
7
7
7
7
7
7
7
7
7
7
7
7
7
7
7
7
7
7
7
7
7
7
7
7
7
7
7
7
7
7
7
7
7
7
7
7
7
7
7
7
7
7
7
7
7
7
7
7
7
7
7
7
7
7
7
7
7
7
7
7
7
7
7
7
7
7
7
7
7
7
7
7
7
7
7
7
7
7
7
7
7
7
7
7
7
7
7
7
7
7
7
7
7
7
7
7
7
7
7
7
7
7
7
7
7
7
7
7
7
7
7
7
7
7
7
7
7
7
7
7
7
7
7
7
7
7
7
7
7
7
7
3.2854
6.88264
7
7
7
7
7
7
7
7
7
7
7
7
7
7
7
7
7
7
7
7
7
7
7
7
7
7
7
7
7
7
7
7
7
7
7
7
7
7
7
7
7
7
7
7
7
7
7
7
7
7
7
7
7
7
7
7
7
7
7
7
7
7
7
7
7
7
7
7
7
7
7
7
7
7
7
7
7
7
7
7
7
7
7
7
7
7
7
7
7
7
7
7
7
7
7
7
7
7
7
7
7
7
7
7
7
7
7
7
7
7
7
7
7
7
7
7
7
7
7
7
7
7
7
7
7
7
7
7
7
7
7
7
7
7
7
7
7
7
7
7
7
7
7
7
7
7
7
7
7
7
7
7
7
7
7
7
7
7
7
7
7
7
7
7
7
7
7
7
7
7
7
7
7
7
7
7
7
7
7
7
7
7
7
7
7
7
7
7
7
7
7
7
7
7
7
7
7
7
7
7
7
7
7
7
7
7
7
7
7
7
7
7
7
7
7
7
7
7
7
7
13.8534
7
6.24476
2.59893
9.58504
5.16189
4.58362
5.6579
4.88354
8.33108
5.78136
3.14291
4.73725
7.9937
4.12996
3.71846
1.64733
8.90753
5.51772
11.7899
2.67304
9.74584
5.97728
1
4.92651
3.25677
9.08469
7.46064
3.06439
10.0904
10.1636
1.86198
2.26542
6.0561
5.74859
11.5957
9.24941
4.78934
4.72759
3.22225
8.93271
4.98489
5.76307
4.01279
2.19859
6.87668
3.79686
8.04746
3.87104
2.33553
0.814292
12.1112
9.4732
2.01792
4.7029
10.799
7.15987
2.98351
4.12996
3.70953
5.37812
4.34237
4.51638
5.97871
3.97922
3.25074
4.06493
1.57385
5.69845
0.95461
2.41908
3.10658
0.619787
2.3747
5.396
15.0481
2.45943
5.50378
2.24907
0.375628
1.66005
3.42158
1.64733
11.7277
2.51245
7.15987
9.31288
5.94251
5.23522
4.7029
10.799
7.15987
2.98351
4.12996
4.89899
7.9937
4.12996
5.43008
10.799
2.83794
2.12969
2.20051
1
2.3747
5.396
10.2408
7.40088
2.51245
7.15987
9.31288
3.94251
7.11894
3.06439
12.4123
2.75446
0.375628
3.43722
2.99949
6.22781
1.81254
3.19406
4.29943
5.9542
10.1388
7.40088
5.18289
4.58362
1.50884
14.3196
4.49185
3.72444
2.26255
6.48147
2.75369
5.7645
1.58549
4.551
2.92261
5.70251
1.54872
5.43008
10.799
2.83794
11.7879
2.52356
3.75257
3.32356
4.20229
5.99933
6.67545
4.63223
7.26933
6.50101
5.59352
10.799
2.83794
2.12969
9.40265
3.63126
3.21968
6.6408
3.15546
1
14.2951
5.70044
4.7866
12.8445
2.51245
1
9.31288
6.94251
7
0.687477
7.78109
3.06439
9.60495
5.69293
6.43707
2.57933
5.78975
1.47285
4.80009
0.420654
3.7481
5.17363
10.799
7.15987
2.98351
4.12996
5.43008
3.36942
4.551
2.92261
3.09194
1
6.34172
3.11643
1.55441
15.2726
6.97728
8.59619
2.18381
3.96756
5.02857
0.643933
3.90637
0.441297
5.43008
2.42096
1.23935
4.15112
0.68536
5.57434
7.87498
5.83289
4.79701
4.92651
3.25677
9.08469
3.12183
14.2754
5.9542
10.1388
3.75702
1.87483
6.6408
3.15546
1
14.2951
5.70044
7.10852
5.2602
3.00907
9.77972
6.59991
6.74147
5.78136
3.93184
1.73644
1.4568
2.68005
2.37888
6.14134
7.33432
7.35567
13.9226
5.97728
3.93184
1.87483
6.6408
3.15546
1
14.2951
5.70044
7.10852
10.3411
1.10912
6.89966
3.06439
9.60495
5.69293
6.43707
2.57933
5.78975
1.47285
4.04143
1.87483
6.6408
3.15546
1
14.2951
5.70044
7.10852
1.54872
3.71846
5.94587
4.85774
2.99949
5.04272
6.80509
1
2.47805
3.71182
1
4.1644
4.92651
3.25677
9.08469
3.21048
1
0.584963
4.91556
0.950127
14.5593
6.93074
5.74147
8.08366
0.588629
2.05531
1.57076
10.2408
7.40088
5.54546
13.6546
5.64386
4.7866
4.76518
10.799
2.83794
2.12969
3.9049
2.48511
4.72158
14.4175
7
7
8.45992
2.41908
5.17363
10.799
7.15987
2.98351
4.12996
6.13859
3.79686
8.04746
3.87104
2.33553
0.814292
12.1112
2.48168
4.99876
4.72759
3.22225
8.93271
4.98489
5.76307
4.01279
4.26171
11.5337
3.71846
5.94587
4.85774
2.99949
5.02857
0.643933
12.0279
11.3636
7.07682
8.24317
3.61076
5.57488
2.61676
11.0403
3.90689
9.85539
5.59352
10.799
2.83794
2.12969
3.9049
2.48511
4.72158
1.8229
4.04763
4.92651
3.25677
9.08469
4.77992
13.0857
7.00541
3.35005
4.08779
5.39066
1
5.53916
4.92651
3.25677
9.08469
4.77992
1.40086
8.84109
2.65467
6.47991
4.13224
9.10591
5.26053
6.06609
10.799
2.83794
2.12969
2.20051
1.91358
5.68274
7.11056
5.61337
7.53916
4.01495
4.9542
2.73306
1.20956
2.58844
8.96881
0.447459
13.8534
7
7
7
7
7
7
7
7
7
7
7
7
7
7
7
7
7
7
7
7
7
7
7
7
7
7
7
7
7
7
7
7
7
7
7
7
7
7
7
7
7
7
7
7
7
7
7
7
7
7
7
7
7
7
7
7
7
7
7
7
7
7
7
7
7
7
7
7
7
7
7
7
7
7
7
7
7
7
7
7
7
7
7
7
7
7
7
7
7
7
7
7
7
7
7
7
7
7
7
7
7
7
7
7
7
7
7
7
7
7
7
7
7
7
7
7
7
7
7
7
7
7
7
7
7
7
7
7
7
7
7
7
7
7
7
7
7
7
7
7
7
7
7
7
7
7
7
7
7
7
7
7
7
7
7
7
7
7
7
7
7
7
7
7
7
7
7
7
7
7
7
7
7
7
7
7
7
7
7
7
7
7
7
7
7
7
7
7
7
7
7
7
7
7
7
7
7
7
7
7
7
7
7
7
7
7
7
7
7
7
7
7
7
7
7
7
7
7
7
7
7
7
7
7
7
7
7
7
7
7
7
7
7
7
7
7
7
7
7
7
7
7
7
7
7
7
7
7
7
7
7
7
7
7
7
7
7
7
7
7
7
7
7
7
7
7
7
7
7
7
7
7
7
7
7
7
7
7
7
7
7
7
7
7
7
7
7
7
7
7
7
7
7
7
7
7
7
7
7
7
7
7
7
7
7
7
7
7
7
7
7
7
7
7
7
7
7
7
7
7
7
7
7
7
7
7
7
7
7
7
7
7
7
7
7
7
7
7
7
7
7
7
7
7
7
7
7
7
7
7
7
7
7
7
7
7
7
7
7
7
7
7
7
7
7
7
7
7
7
7
7
7
7
7
7
7
7
7
7
7
7
7
7
7
7
7
7
7
7
7
7
7
7
7
7
7
7
7
7
7
7
7
7
7
7
7
7
7
7
7
7
7
7
7
7
7
7
7
7
7
7
7
7
7
7
7
7
7
7
7
7
7
7
7
7
7
7
7
7
7
7
7
7
7
7
7
7
7
7
7
7
7
7
7
7
7
7
7
7
7
7
7
7
7
7
7
7
7
7
7
7
7
7
7
7
7
7
7
7
7
7
7
7
7
7
7
7
7
7
7
7
7
7
7
7
7
7
7
7
7
7
7
7
7
7
7
7
7
7
7
7
7
7
7
7
7
7
7
7
7
7
7
7
7
7
7
7
7
7
7
7
7
7
7
7
7
7
7
7
7
7
7
7
7
7
7
7
7
7
7
7
7
7
7
7
7
7
7
7
7
7
7
7
7
7
7
7
7
7
7
7
7
7
7
7
7
7
7
7
7
7
7
7
7
7
7
7
7
7
7
7
7
7
7
7
7
7
7
7
7
7
7
7
7
7
7
7
7
7
7
7
7
7
7
7
7
7
7
7
7
7
7
7
7
7
7
7
7
7
7
7
7
7
7
7
7
7
7
7
7
7
7
7
7
7
7
7
7
7
7
7
13.8534
7
9.53333
7.15987
2.98351
4.12996
4.89899
7.9937
4.12996
3.71846
1.64733
6.12408
1.78457
1.55441
15.2726
2.97728
6.12088
0.643933
12.0279
11.3636
7.07682
8.24317
14.3497
2.51245
7.15987
9.31288
5.94251
5.23522
2.32234
6.34172
3.11643
1.55441
15.2726
6.97728
7
12.1112
2.48168
4.93184
10.799
2.83794
3.47049
3.62244
2.99949
4.80009
7.9937
4.12996
3.71846
1.64733
4.26036
13.0857
1.09944
2.94391
2.37888
2.21494
2.36542
1.54395
4.04489
1
3.34109
2.06663
2.04584
2.86527
3.87191
11.086
6.94251
2.01792
8.77972
2.24907
0.375628
1.66005
1
4.5441
1
1.27036
4.53843
1.74361
1.97079
6.21971
0.0385721
7.1018
8.45992
1
5.17363
6.6947
10.3474
2.82699
7.42096
9.17243
12.1112
2.48168
3.30667
3.91773
3.92081
10.421
6.84549
1.61008
3.62244
4.00654
1.50884
11.8602
7.40088
2.27633
5.85484
1.41698
1
1.54872
3.71846
5.94587
4.85774
2.99949
5.02857
2.59333
5.81062
10.6747
5.58496
5.74074
0.420654
3.7481
5.17363
10.799
2.83794
2.12969
6.47991
2.75395
1.00211
4.1209
1.55452
4.04763
10.2678
3.37295
7.30921
3.47393
2.32234
6.34172
3.11643
1.55441
15.2726
6.97728
8.59619
2.18381
3.96756
4.01878
3.32356
3.72615
2.19859
5.17363
2.37235
15.1067
5.70044
4.7866
4.04143
1.87483
0.68328
3.90613
9.00141
5.59352
0.420654
3.7481
5.17363
10.799
2.83794
2.61798
13.8061
5.29768
7.77972
8.45992
2.41908
13.506
2.51245
7.15987
13.0468
7.07682
1.20305
7.42096
9.17243
12.1112
2.48168
8.49171
6.88796
9.91812
5.60733
7.68065
0.643933
13.0279
2.51748
4.31276
4.76518
2.42096
1.23935
7.37591
1.89413
2.09174
1.69738
3.61417
6.50101
3.94145
6.88796
9.91812
6.60733
7.91831
4.98056
3.54272
5.51139
9.40514
2.83794
3.47049
12.9507
7.02237
2.10535
14.5731
7.56986
2.18763
15.7806
4.49825
6.84549
4.92651
3.25677
9.08469
3.12183
14.2754
5.9542
10.1388
3.75702
1.87483
6.6408
3.15546
1
14.2951
5.70044
7.10852
1.54872
3.71846
6.29734
10.1388
6.07895
2.59333
3.47049
2.85237
4.21075
5.47053
2.25055
4.89571
3.70905
9.01615
4.3599
7.77972
8.45992
2.41908
5.17363
10.799
6.15987
8.66711
4.34004
11.0049
9.17243
12.1112
2.48168
8.49171
6.88796
9.91812
5.60733
2.96641
3.32356
3.72615
2.19859
6.77812
3.27633
1.65617
4.06466
15.0857
5.16189
9.5479
13.0468
6.87036
4.97728
3.13953
5.37811
1
5.39066
9.48784
4.89482
7.77972
8.45992
2.41908
4.26406
2.48511
4.72158
3.71182
2.73274
12.1112
2.48168
3.61076
1.64733
4.26036
9.10844
2.72678
0.951946
15.2134
4.49825
6.84549
6.40505
10.7087
5.26053
7.31687
12.1459
5.40372
3.96923
12.2784
5.26053
8.31741
5.9958
4.51673
3.87104
3.01439
11.8634
6.91886
5.39066
5.61337
7.53916
4.01495
4.9542
2.73306
1.20956
2.58844
2.85237
6.34688
7.9937
4.12996
6.5424
2.56954
3.62379
10.0882
11.2107
14.3196
2.43296
13.8534
7
7
7
7
7
7
7
7
7
7
7
7
7
7
7
7
7
7
7
7
7
7
7
7
7
7
7
7
7
7
7
7
7
7
7
7
7
7
7
7
7
7
7
7
7
7
7
7
7
7
7
7
7
7
7
7
7
7
7
7
7
7
7
7
7
7
7
7
7
7
7
7
7
7
7
7
7
7
7
7
7
7
7
7
7
7
7
7
7
7
7
7
7
7
7
7
7
7
7
7
7
7
7
7
7
7
7
7
7
7
7
7
7
7
7
7
7
7
7
7
7
7
7
7
7
7
7
7
7
7
7
7
7
7
7
7
7
7
7
7
7
7
7
7
7
7
7
7
7
7
7
7
7
7
7
7
7
7
7
7
7
7
7
7
7
7
7
7
7
7
7
7
7
7
7
7
7
7
7
7
7
7
7
7
7
7
7
7
7
7
7
7
7
7
7
7
7
7
7
7
7
7
7
7
7
7
7
7
7
7
7
7
7
7
7
7
7
7
7
7
7
7
7
7
7
7
7
7
7
7
7
7
7
7
7
7
7
7
7
7
7
7
7
7
7
7
7
7
7
7
7
7
7
7
7
7
7
7
7
7
7
7
7
7
7
7
7
7
7
7
7
7
7
7
7
7
7
7
7
7
7
7
7
7
7
7
7
7
7
7
7
7
7
7
7
7
7
7
7
7
7
7
7
7
7
7
7
7
7
7
7
7
7
7
7
7
7
7
7
7
7
7
7
7
7
7
7
7
7
7
7
7
7
7
7
7
7
7
7
7
7
7
7
7
7
7
7
7
7
7
7
7
7
7
7
7
7
7
7
7
7
7
7
7
7
7
7
7
7
7
7
7
7
7
7
7
7
7
7
7
7
7
7
7
7
7
7
7
7
7
7
7
7
7
7
7
7
7
7
7
7
7
7
7
7
7
7
7
7
7
7
7
7
7
7
7
7
7
7
7
7
7
7
7
7
7
7
7
7
7
7
7
7
7
7
7
7
7
7
7
7
7
7
7
7
7
7
7
7
7
7
7
7
7
7
7
7
7
7
7
7
7
7
7
7
7
7
7
7
7
7
7
7
7
7
7
7
7
7
7
7
7
7
7
