161
8
8
8
5.50976
0.261568
1.60811
10.9437
1.11064
2.2075
3.64319
1.0058
3.51684
0.724971
1.98882
0.967267
1.84235
1
2.06041
1.80205
4.22776
0.201813
3.15802
2.48512
5.58938
0.0863085
5.97675
1.47449
3.56071
4.5665
10.259
4.79008
2.2075
0.677775
0.627191
1.9984
3.07472
0.565481
3.00756
0.792915
2.36858
1.75937
2.06582
1.14839
7.05477
0.895249
2.88172
1.7357
4.94787
0.979493
2.28896
0.619473
0.495551
3.56353
2.39064
0.478392
4.02379
2.57659
1.73689
0.354606
1.88929
1.83377
2.30242
1.0058
3.57514
11.1514
1.2578
0.878379
4.47355
2.49393
1.65175
0.979493
2.28896
0.619473
2.02378
2.69327
2.41357
1.88246
10.9111
2.35122
2.2075
3.64319
1.14839
3.64319
1.0058
1.71704
0.430513
2.40634
1.06511
3.69831
0.619473
0.495551
2.96698
1.52756
0.356028
0.354606
1.88929
10.9437
1.11064
0.878379
12.373
0.397902
3.51968
0.428477
3.42449
0.495932
2.06041
1.06511
3.55257
7.5041
1.58496
0.12603
8.53416
9.85331
6.33985
2.2075
0.677775
0.627191
1.9984
2.00026
2.24121
3.60862
0.50623
2.96698
1.52756
0.356028
0.354606
1.88929
10.9437
1.11064
0.878379
12.373
0.397902
3.51968
0.428477
3.42449
0.495932
2.06041
1.06511
3.55257
3.84706
0.536143
4.40593
0.428477
4.76268
0.724971
1.92567
11.1514
1.2578
2.2075
0.677775
1.98318
2.60246
1.14839
3.02752
0.970643
0.566255
3.75383
0.495932
3.09043
0.967267
3.42354
0.428477
2.20487
11.4161
1.41504
0.878379
3.51684
1.7357
4.16175
5.37642
1.67761
0.12603
8.53416
9.85331
6.33985
2.2075
0.677775
0.627191
1.9984
3.07472
0.565481
2.96698
0.633994
0.982864
2.00026
1.73282
1.0058
3.51684
0.724971
1.98882
11.4161
1.41504
0.878379
8.05531
0.428477
3.42449
2.07757
3.86739
2.79686
5.07309
0.970643
0.566255
3.75383
0.495932
3.09043
0.967267
3.42354
0.428477
2.20487
11.4161
1.41504
0.878379
3.51684
1.7357
2.34025
0.970643
0.566255
2.96698
0.633994
2.51532
11.4161
1.41504
2.2075
5.87676
0.354606
2.32152
0.967267
3.42354
4.6099
0.557323
5.86312
1.36895
2.18286
0.967267
2.75965
1
1.92567
11.1514
1.2578
0.878379
1.71704
0.430513
2.40634
1.06511
3.45696
2.10125
0.515633
6.21562
0.536022
1.06512
2.00026
1.73282
1.14839
0.677775
0.627191
1.9984
11.4171
1.16993
0.878379
5.77308
5.69578
1.29884
0.12603
7.22642
0.741277
2.32308
0.495932
2.03394
0.705296
3.53298
0.281621
5.19704
0.428477
2.04706
10.9437
1.11064
5.82899
0.630993
4.73682
0.760659
2.37407
10.9437
1.11064
2.2075
3.64319
1.0058
3.51684
0.724971
1.98882
0.967267
1.84235
1
2.06041
1.80205
4.22776
3.69873
1.62122
2.64658
0.426239
3.75383
0.495932
2.05702
1.03654
3.83078
2.86605
1.65314
0.979493
3.65663
0.792915
2.04316
10.9437
1.11064
2.2075
8.61407
1
1.42079
3.60862
6.59411
0.0460068
0.302111
6.43102
0.81863
2.74838
0.724971
1.92567
11.1514
1.2578
0.878379
4.50808
0.495932
3.53817
0.495932
2.05702
1.83377
3.33178
0.970643
0.566255
3.75383
0.495932
3.09043
0.967267
3.42354
0.428477
2.20487
11.4161
1.41504
0.878379
3.51684
1.7357
2.34025
7.14296
0.447242
2.32782
0.114643
2.24535
3.01871
0.627191
2.18925
1.03654
3.61877
1
0.584963
4.02379
0.430513
2.16338
1.03654
3.61877
1
0.584963
3.00756
0.736966
2.07591
4.5665
10.259
4.79008
2.2075
0.677775
0.627191
1.9984
3.07472
0.565481
3.00756
2.49393
2.81932
0.354606
2.32152
11.4161
1.41504
0.878379
5.77308
3.0752
2.54947
0.970643
0.566255
3.75383
2.07757
3.64216
10.9111
2.35122
0.878379
11.3312
0.13081
2.96436
0.495932
2.03394
3.07472
0.565481
4.29562
0.281621
0.639307
2.00026
2.24121
0.627191
1.9984
11.4171
1.16993
0.878379
4.47355
0.792915
3.07298
1.80205
2.25728
1.98318
2.26005
1.60088
0.47252
3.56353
2.39064
0.478392
6.43759
1.75937
2.06582
1.14839
0.677775
1.98318
2.26005
1.60088
0.47252
4.75018
0.81863
2.74838
0.724971
1.92567
1.06511
2.77583
2.07757
1.27573
12.866
4.39232
8.52943
1.09402
0.12603
6.21562
0.536022
1.06512
2.00026
4.54335
0.246781
1.31833
0.967267
3.35008
3.0752
1.28765
10.9111
2.35122
5.82899
0.630993
3.56353
11.1514
1.2578
0.878379
5.77308
0.760659
1.91258
0.967267
1.84235
1
3.53817
0.495932
2.03394
3.07472
0.565481
4.75018
0.81863
2.74838
0.724971
1.92567
1.06511
2.77583
2.07757
1.27573
12.866
4.39232
9.52943
8
3.25192
6.21562
0.536022
1.06512
2.00026
2.24121
0.627191
1.9984
0.705296
3.27014
3.0752
1.28765
10.9111
2.35122
5.82899
2.30027
3.77222
2.95155
0.940812
0.627191
1.9984
3.07472
0.565481
4.75018
0.81863
2.74838
0.724971
1.92567
1.06511
2.77583
2.07757
1.27573
12.866
4.39232
5.82899
6.64423
0.0863085
5.97675
1.47449
1.84702
4.02379
2.57659
1.73689
2.41357
1.88246
10.9111
2.35122
0.878379
10.5778
0.281621
4.29804
1.7357
4.94787
0.979493
2.4182
2.6045
0.56312
3.56353
2.39064
0.478392
6.80087
3.98151
2.30171
0.895249
2.88172
1.7357
6.48246
1.98318
3.3436
0.979493
2.4182
6.38955
0.0751785
0.439252
4.02379
0.430513
2.16338
1.03654
3.61877
1
2.3101
1.38141
1.0058
2.77374
11.4171
1.16993
0.878379
3.51684
0.724971
5.90956
2.07757
4.15018
0.201813
1.91416
16.001
5.77259
2.72698
5.86312
1.12417
2.14816
4.5665
10.259
4.79008
2.2075
0.677775
0.627191
1.9984
2.00026
2.24121
3.60862
0.50623
2.96698
1.52756
0.356028
0.354606
1.88929
10.9437
1.11064
0.878379
12.373
0.397902
3.51968
0.428477
3.42449
0.495932
2.06041
1.06511
3.55257
3.84706
2.3101
2.69327
2.41357
1.88246
10.9111
2.35122
2.2075
3.64319
1.14839
3.64319
1.0058
1.71704
0.430513
2.40634
1.06511
3.33262
2.6045
0.56312
6.11771
1.7357
4.16175
11.4363
4.57635
0.878379
8.05531
0.428477
2.72209
2.39064
2.29231
2.69327
0.354606
1.88929
10.9437
1.11064
0.878379
8.05531
2.32018
1.43749
1.48235
2.61189
1.41021
1.42079
1.98318
2.60246
1.14839
3.02752
0.970643
2.35829
1.38141
1
2.77374
11.4171
1.16993
0.878379
3.51684
0.724971
5.90956
2.07757
4.15018
3.69873
1.62122
2.64658
0.426239
3.56353
2.39064
0.478392
3.00756
0.792915
2.36858
1.75937
2.06582
1.0058
4.50808
0.495932
3.09043
11.4161
1.41504
5.82899
0.630993
3.56353
2.39064
0.478392
2.96698
1.52756
0.356028
0.354606
2.09164
0.705296
2.57955
0.792915
1.95183
0.705296
5.52091
0.13081
3.16761
10.9437
1.11064
2.2075
8.61407
1
1.42079
3.60862
0.50623
4.40593
0.428477
2.58961
11.4171
1.16993
0.878379
3.51684
0.724971
7.53354
2.90543
1.97457
1.48235
2.61189
1.45886
0.549812
5.21195
0.397902
3.4712
11.1514
1.2578
0.878379
5.77308
3.0752
1.28765
5.84776
0.912073
14.3157
8
7.33985
5.08215
5.91886
5.87447
5.22239
5.27479
4.8392
5.38082
7.53916
5.10852
7.26679
6.43879
4.32793
7.24793
4.65617
1
5.73471
7.40088
4.36712
6.2854
4.64386
6.76818
4.65617
4.12199
4.23522
6.24159
4.13171
5.1964
6.74819
6.44294
6.5157
7.70736
7.46761
7.41785
7.50779
6.81378
5.35168
5.59246
5.74147
6.00749
6.73471
4.9
4.50901
8.04439
6.1964
6
4.65662
6.3339
5.29278
4.9542
7.57743
6.35755
11.4529
3.53107
5.85798
5.27053
4.32793
7.24793
5.24793
5.67948
5.80735
6.80735
5.88264
4.18442
1
0.584963
5.70736
3.93074
3.27645
6.04439
4.42931
5.06916
4.74894
6.07682
4.36923
7.24793
4.02791
3.83094
1
6.3159
4.65617
8.26679
4.36923
7.48382
7.65821
7.45943
6.3837
11.4529
3.53107
5.85798
5.27053
4.32793
8.24793
6.43879
4.32793
7.24793
3.53107
2.61005
2.94486
5.87856
4.42931
5.06916
4.74894
4.75489
7.92481
4.36923
7.48382
7.65821
5.1375
7.6865
4.13171
7.78136
7.39232
3.83094
4.42066
3.95936
6.46352
4.9386
4.66838
3.3744
4.74819
6.39232
7.92481
5.08139
5.22239
5.08215
7.6865
5.1375
11.2305
4.82704
6.73471
4.1224
3.87652
5.86419
4.53743
4.12553
4.87652
3.74416
7.24793
3.53107
2.61005
7.85175
5.81592
5.18322
4.51096
6.16323
3.18094
4.2854
6.81378
5.26887
3.96578
6.92481
3.53107
2.61005
2.94486
8.46352
7.52356
6.33985
6.56986
5.03953
6.57743
7.74819
4.2555
4.6865
6.46352
4.36923
7.48382
7.65821
7.45943
8
2.45943
12.748
4.13171
6.78136
7.61471
7.74819
5.85798
4.28204
5.26053
8.46352
4.97936
4.16547
6.45943
3.53107
5.85798
5.27053
4.32793
7.24793
5.005
4.53743
4.12553
1
6.1416
5.25424
4.67646
4.23406
7.37504
5.9386
6.53138
3.61086
3.70044
6.1416
3.61143
7.7879
5.11151
7.24793
3.53107
1
6.89482
3.51096
5.93664
5.93074
5.14568
6.6865
4.65617
4.12199
4.23522
7.82655
6.8392
4.74819
6.39232
7.92481
4.29068
6.56986
5.03953
6.57743
7.74819
4.2555
6.10154
6.06609
3.55459
13.0379
7.9542
7.35755
7.34873
6.18322
4.19114
5.24793
5.12928
7.61471
5.53138
5.91289
5.26053
7.80735
4.64386
6.18322
4.29068
6.56986
5.03953
6.57743
7.74819
4.2555
6.10154
8.06609
7.33985
7.49985
4.13171
6.78136
7.61471
7.74819
5.85798
4.28204
5.26053
5.65617
4.29068
6.56986
5.03953
6.57743
7.74819
4.2555
6.10154
3.74416
7.24793
5.2936
4.79701
3.95936
6.46352
4.12928
5.98299
5.3505
5.47249
4.23522
7.82655
4.65617
4.12199
4.23522
6.82655
4.38466
4.89077
3.80735
5.06301
4.8392
5.65821
4.39232
14.333
2.92735
7.56986
6.1565
4.75489
7.92481
4.30378
6.3339
5.14568
4.6865
5.65617
3.53107
2.61005
2.94486
5.1416
4.27955
3.2076
7.79442
6.33985
7.58496
5.08746
3.27645
6.45943
3.53107
5.85798
5.27053
4.32793
8.24793
6.1964
6
4.65662
6.3339
5.29278
4.9542
3.67054
6.76818
5.35168
5.59246
5.74147
6.00749
6.73471
4.9
4.88753
5.27053
7.24793
5.2936
4.79701
3.95936
6.1416
3.61143
1
4.86507
5.40939
5.79874
6.76818
4.65617
5.72792
5.69349
4.3505
4.93074
6.92481
3.53107
2.61005
2.94486
5.1416
4.27955
3.2076
5.20945
4.72247
4.65617
4.12199
4.23522
6.82655
4.82704
6.52356
4.11042
4.59585
3.94307
3.9649
1
4.65617
4.12199
4.23522
6.82655
4.13516
5.26053
4.07325
6.87856
4.86507
5.53916
7.39232
5.53916
3.53107
2.61005
2.94486
5.87856
3.80128
5.8392
6.54946
3.9649
7.65821
2.9542
3.02066
4.33539
3.6865
3.05889
6.05311
5.8413
14.3157
8
5.97453
9.85331
6.33985
2.2075
0.677775
0.627191
2.18925
2.48512
0.529732
3.75383
0.495932
3.09043
0.967267
3.42354
0.428477
2.20487
11.4161
1.41504
0.878379
3.51684
1.7357
2.34025
0.970643
0.566255
3.80119
11.4171
1.16993
2.2075
6.82066
0.246781
1.31833
0.967267
1.84235
2.07757
4.8678
1.60088
0.47252
3.00756
0.792915
2.36858
1.75937
2.06582
1.14839
7.05477
0.895249
2.88172
0.724971
2.23618
1.83377
3.33178
5.27471
1.57447
0.12603
5.94356
1
1.27448
10.9437
1.11064
0.878379
11.3312
0.13081
2.89467
2.32018
3.18924
1
2.28896
0.619473
0.495551
4.40593
0.428477
2.20487
0.967267
1.84235
2.07757
4.8678
1.60088
0.47252
6.43759
1.75937
2.06582
1.14839
0.677775
1.98318
2.26005
1.60088
0.47252
3.80119
2.00026
1.73282
1.0058
2.77374
11.4171
1.16993
0.878379
7.05531
0.81863
1.43366
0.705296
4.88
2.6045
0.56312
5.21195
0.397902
1.5917
1
2.08258
1
3.86739
11.4779
3.04836
2.2075
0.677775
0.627191
2.66563
1.06511
3.33262
6.74896
1.42488
0.12603
6.87715
0.215737
1.09449
1.03654
5.08419
1.52756
0.356028
0.354606
2.76238
1
3.45696
0.760659
1.91258
11.4161
1.41504
2.2075
5.87676
8.07038
0.31117
0.439252
3.00756
0.792915
1.95183
3.07472
0.565481
3.00756
2.49393
4.09667
0.627191
1.9984
11.4171
1.16993
2.2075
5.87676
0.354606
4.75976
0.495932
2.06041
1.06511
3.55257
3.84706
0.536143
2.96698
1.52756
0.356028
0.354606
2.09164
0.705296
2.57955
0.792915
1.95183
11.4171
1.16993
0.878379
8.05531
2.32018
4.49437
2.79686
1.25483
1.98318
2.60246
1.14839
3.02752
0.970643
2.35829
2.69327
0.354606
1.88929
10.9437
1.11064
0.878379
12.373
0.397902
3.23286
2.07757
1.27573
0.979493
2.4182
2.6045
0.56312
3.56353
11.1514
1.2578
0.878379
10.5778
2.90543
0.599266
2.41357
2.68569
2.45581
0.491657
3.75383
0.495932
2.05702
2.48512
2.35714
1.38141
1.0058
4.47355
0.792915
2.36858
11.4161
1.41504
0.878379
11.3312
0.13081
1.30285
0.967267
3.35008
2.10125
0.515633
3.00756
0.792915
1.95183
11.4171
1.16993
0.878379
12.373
0.397902
3.51968
2.32018
1.43749
1.48235
4.64322
1.56253
5.06308
6.74896
1.42488
0.12603
5.94356
1
1.27448
10.9437
1.11064
0.878379
11.3312
0.13081
2.89467
2.32018
3.18924
1
2.28896
0.619473
0.495551
4.73682
0.760659
2.65286
11.4171
1.16993
0.878379
11.3312
0.13081
1.30285
1.75937
2.12125
3.60862
0.50623
2.96698
1.52756
0.356028
0.354606
2.76238
1
2.77583
2.07757
3.86739
11.4779
3.04836
2.2075
0.677775
1.98318
2.26005
1.60088
0.47252
3.00756
2.23173
0.675889
3.75383
0.495932
2.06041
1.80205
3.363
0.938863
1.96095
3.52617
1.48235
2.58155
0.246781
1.99805
10.9437
1.11064
2.2075
3.64319
1.14839
0.677775
0.627191
2.66563
1.06511
3.33262
6.74896
1.42488
0.12603
5.86312
1.12417
2.14816
1.38141
1.14839
5.87676
0.354606
2.32152
11.4161
1.41504
0.878379
8.05531
2.32018
1.43749
2.64658
0.426239
3.75383
2.07757
3.64216
10.9111
2.35122
0.878379
11.3312
0.13081
2.96436
0.495932
2.03394
3.07472
0.565481
2.96698
0.633994
0.982864
0.705296
3.52407
1
3.53501
0.627191
2.66563
11.1514
1.2578
5.82899
0.630993
3.00756
2.23173
0.675889
4.29562
0.281621
0.639307
11.4171
1.16993
2.2075
3.64319
1.14839
0.677775
0.627191
2.66563
2.39064
0.478392
4.02379
3.84706
2.3101
3.01871
1.98318
6.94765
1.8179
11.9385
0.159877
1.10004
2.6045
0.56312
3.56353
2.39064
0.478392
2.96698
0.633994
0.982864
0.705296
4.88
11.4161
1.41504
2.2075
3.64319
1.14839
0.677775
1.98318
2.26005
1.60088
2.31805
3.52617
2.64658
0.426239
3.75383
0.495932
3.09043
1.75937
6.90035
2.73327
0.587834
4.75018
0.81863
2.74838
0.724971
1.92567
1.06511
2.77583
17.7321
8
2.2075
6.02219
5.29804
1.63304
0.12603
5.86312
1.12417
2.14816
3.77222
0.246781
1.31833
1.75937
2.12125
1
3.32035
1
0.736966
11.4161
1.41504
2.2075
5.87676
0.354606
5.85074
5.91151
0.63262
4.73682
0.760659
2.65286
11.4171
1.16993
0.878379
11.3312
0.13081
2.96436
0.495932
2.03394
3.07472
0.565481
4.02379
0.430513
2.16338
1.83377
2.14241
0.627191
2.18925
10.9437
1.11064
2.2075
0.677775
1.98318
2.26005
2.05796
1.56171
1.14839
3.02752
0.970643
0.566255
3.75383
0.495932
2.05702
2.48512
2.35714
1.38141
1.0058
3.94057
10.9437
1.11064
0.878379
4.50808
0.495932
5.80509
0.430513
2.16338
1.83377
3.95674
5.55244
1.80988
0.12603
6.40302
4.10035
1.13443
3.00756
2.23173
0.675889
3.00756
0.792915
1.95183
2.00026
1.73282
1.0058
1.71704
2.57659
1.73689
0.354606
2.32152
1.75937
2.06582
1.0058
3.06278
11.4161
1.41504
0.878379
4.50808
2.07757
4.8678
1.44002
3.29835
2.6045
2.1468
1.38141
1.0058
11.3312
0.13081
2.58226
1.06511
5.10187
0.281621
3.30611
10.9437
1.11064
2.2075
8.61407
1
1.42079
3.60862
2.31207
1.38141
1.0058
2.77374
0.705296
3.24828
0.724971
2.40944
11.4171
1.16993
0.878379
5.77308
0.760659
1.91258
0.967267
1.84235
1
3.53817
0.495932
2.03394
0.705296
4.88
2.6045
2.1468
3.77222
2.95155
3.53942
10.9111
2.35122
2.2075
6.82066
0.246781
1.31833
0.967267
2.75965
1
2.40944
7.35102
0.104509
0.439252
4.02379
0.430513
1.13642
2.00026
2.24121
0.627191
1.9984
11.4171
1.16993
2.2075
5.87676
0.354606
2.09164
0.705296
4.88
2.6045
2.1468
1.38141
1.0058
3.57514
1.06511
3.45696
0.760659
8.31988
0.792915
1.95183
0.705296
3.24828
0.724971
1.92567
1.06511
3.57067
0.397902
3.4712
11.1514
1.2578
2.2075
5.87676
2.41357
1.88246
1.20227
4.65259
1.75937
2.12125
3.60862
0.50623
5.21195
0.397902
3.4712
11.1514
1.2578
0.878379
5.77308
3.0752
1.28765
5.84776
0.912073
14.3157
8
8
5.85798
5.27053
4.32793
8.24793
6.43879
4.32793
7.24793
4.65617
6.26679
4.77259
4.23406
7.37504
4.52356
7.76818
3.61143
5.20294
4.86507
5.40939
5.79874
5.18322
4.36923
7.48382
7.65821
7.45943
6.3837
13.0379
5.25424
4.67646
4.23406
7.37504
7.52356
7.35755
4.9542
3.67054
5.76818
3.53107
2.61005
3.60382
1
3.95936
8.46352
6.43879
4.32793
7.24793
4.65617
6.26679
4.82704
5.9386
6.01495
7.61471
6.53138
6.70736
4.13203
5.49185
6.46352
5.32193
5.49185
7.70736
6
7.98299
5.15843
6.44294
6.35755
13.0379
4.02791
3.83094
1
6.90087
5.03185
7.49185
7.34873
6.37504
7.52356
4.90689
6.80735
2.44478
14.333
5.08746
3.27645
6.45943
7.17493
7.59246
4.90689
8.06609
7.34873
4.9542
3.67054
6.76818
4.30256
6.87652
7.46761
7.39232
5.24793
4.91561
5.80735
5.08215
6.6865
7.92481
4.52356
4.8437
4.37504
4.87652
1
7.24793
5.2936
4.79701
3.95936
6.1416
4.45943
7.85175
6.22239
5.16189
7.82655
4.97936
4.16547
6.45943
3.53107
2.61005
2.94486
6.87856
4.21299
4.53743
4.59991
3.68983
4.72247
5.00409
3.59163
7.74819
4.61891
13.0379
5.25424
4.67646
4.23406
7.37504
5.9386
6.53138
3.61086
3.70044
5.2936
4.51096
4.94084
1
6.45943
3.927
5.67807
4.2555
4.6865
1
4.29068
4.7625
4.03148
1
6.92481
4.97936
4.16547
6.45943
3.53107
2.61005
6.85175
7.61471
5.37504
12.4529
5.08746
3.27645
7.04439
4.36923
7.48382
6
5.36632
4.32193
8.06609
7.34873
4.9542
3.67054
7.76818
3.85415
3.83094
6.67243
7.59991
3.61143
4.98055
4.53138
4.69349
5.65617
3.53107
4.56847
6.89482
1.80296
5.98299
5.32793
5.73471
3.96578
7.92481
3.85415
3.83094
3.97199
4.89308
7.90087
3.96578
4.54432
6.52356
2.61005
3.60382
8.37504
7.40939
7.40939
8.33539
7.35755
7.34873
7.87652
4.8413
7.43463
4.65617
4.12199
4.23522
7.82655
6.8392
4.74819
6.39232
7.92481
4.29068
6.56986
5.03953
6.57743
7.74819
4.2555
6.10154
3.74416
7.24793
4.2156
6.39232
6.33985
4.45943
3.60382
1
6.3159
5.29068
4.16993
5.55459
4.64386
7.67948
3.82312
12.4529
5.08746
3.27645
6.45943
3.53107
6.27302
7.40939
7.70044
7.56224
7.34873
4.9542
3.67054
7.76818
3.85415
3.83094
6.67243
7.59991
4.51096
4.94084
1
8.04439
4.9386
5.45121
6.89482
6.94251
5.87447
7.80735
6.58496
7.45943
7.40088
5.73335
3.70782
6.87652
3.94307
6.66534
5.3837
12.4529
5.08746
3.27645
5.45943
4.27955
3.2076
5.47249
5.01282
4.9542
3.67054
6.76818
4.65617
6.26679
4.06805
4.49185
3.848
4.91754
4.8413
7.43463
7.8392
6.39232
5.80735
6.56224
7.50779
7.35755
6.76818
5.94251
7.43463
7.34873
5.12928
6.10852
1
7.91886
6.47573
5.81592
3.94307
3.9649
7.65821
2.9542
3.02066
4.33539
3.6865
3.05889
3.79008
6.90087
6.43879
4.32793
5.66297
6.63421
5.86625
5.37851
6.48382
7.6865
4.28951
14.3157
8
2.3137
1.12417
2.14816
4.5665
10.259
4.79008
2.2075
0.677775
0.627191
1.9984
3.07472
0.565481
3.00756
0.792915
1.95183
2.00026
1.73282
1.0058
1.71704
2.57659
1.73689
0.354606
2.32152
1.75937
2.06582
1.0058
3.06278
11.4161
1.41504
0.878379
4.50808
2.07757
4.8678
1.44002
3.29835
2.6045
0.56312
3.75383
2.07757
3.64216
10.9111
2.35122
0.878379
11.3312
0.13081
2.96436
0.495932
2.03394
3.07472
0.565481
2.96698
1.52756
0.356028
0.354606
2.09164
2.00026
1.73282
1.0058
3.57514
11.1514
1.2578
2.2075
0.677775
1.98318
2.26005
1.60088
0.47252
2.96698
1.52756
0.356028
0.354606
2.09164
2.00026
6.5036
0.159877
1.10004
11.4161
1.41504
0.878379
4.50808
0.495932
2.06041
1.80205
2.52136
1
2.35829
3.52617
2.64658
0.426239
3.00756
2.49393
2.37457
1.0058
3.06278
1.75937
5.389
0.938863
1.96095
1.38141
1.0058
4.47355
0.792915
1.95183
0.705296
6.10325
11.1514
1.2578
2.2075
7.04539
0.938863
0.523645
4.75018
0.81863
2.74838
0.724971
1.92567
11.1514
1.2578
0.878379
12.373
0.397902
6.53183
0.430513
2.40634
1.80205
3.363
0.938863
0.523645
3.56353
2.39064
0.478392
4.40593
2.32018
2.61899
2.41357
1.88246
1.20227
4.16527
0.397902
4.08793
11.4161
1.41504
0.878379
11.5063
5.08973
1.67967
0.12603
6.21562
0.536022
1.06512
2.00026
7.64141
10.259
4.79008
2.2075
0.677775
0.627191
1.9984
0.705296
3.27014
3.0752
1.28765
2.64658
2.48833
2.69327
2.41357
1.88246
10.9111
2.35122
2.2075
3.64319
1.14839
3.64319
1.0058
1.71704
0.430513
2.40634
1.06511
3.33262
2.6045
0.56312
6.11771
1.7357
4.16175
11.4363
4.57635
0.878379
8.05531
0.428477
2.72209
2.39064
0.478392
5.21195
0.397902
3.20161
0.792915
1.95183
0.705296
3.46867
2.07757
3.86739
11.4779
3.04836
2.2075
0.677775
3.60862
0.50623
4.40593
2.32018
2.61899
2.41357
1.88246
1.20227
3.66481
5.91151
0.63262
4.40593
2.32018
2.61899
2.41357
1.88246
10.9111
2.35122
0.878379
10.5778
2.90543
1.97457
2.64658
0.426239
2.96698
0.633994
0.982864
3.07472
1.97823
3.01871
0.627191
2.45802
0.967267
2.75965
1
1.98882
1.75937
7.02547
0.405181
2.13268
11.4171
1.16993
0.878379
4.50808
2.07757
3.64216
2.64658
0.426239
3.56353
1.06511
3.19717
1
0.584963
0.415037
0.321928
2.96698
0.485427
3.41539
11.1514
1.2578
2.2075
7.69246
3.02689
2.55418
1.48235
2.93725
1
0.584963
0.415037
0.321928
0.263034
0.222392
7.49614
0.705296
4.13463
1.27822
4.04155
0.893085
1.10004
11.4161
1.41504
0.878379
4.50808
0.495932
2.06041
1.80205
2.52136
1
0.584963
3.56353
2.39064
0.478392
2.96698
1.52756
0.356028
0.354606
2.09164
11.4171
1.16993
2.2075
3.64319
1.14839
3.02752
2.79686
1.25483
3.60862
0.50623
2.96698
1.52756
0.356028
0.354606
2.09164
2.00026
6.5036
0.159877
1.10004
11.4161
1.41504
0.878379
4.50808
0.495932
2.06041
1.80205
2.52136
1
0.584963
5.21195
0.736966
1.5917
2.48512
0.529732
3.00756
2.49393
2.37457
1.14839
7.05477
2.73327
0.587834
2.96698
0.633994
4.13043
0.724971
2.40944
2.00026
5.60891
1.56253
0.901267
11.4171
1.16993
0.878379
3.06278
6.38955
0.0751785
2.24535
3.77222
2.95155
0.940812
0.627191
1.9984
3.07472
0.565481
3.80119
0.705296
3.46867
0.495932
2.06041
11.1514
1.2578
5.82899
2.30027
1.38141
1.0058
8.05531
0.428477
2.20487
11.4161
1.41504
0.878379
3.51684
0.724971
2.23618
1
2.45563
0.724971
1.92567
6.0167
1.56044
0.12603
7.22642
4.78321
1.55667
4.02379
0.430513
1.13642
0.705296
3.46867
0.495932
3.09043
11.4161
1.41504
2.2075
6.82066
0.246781
3.14535
0.495932
2.03394
7.35102
0.104509
0.439252
3.00756
2.23173
2.07591
4.5665
10.259
4.79008
2.2075
0.677775
0.627191
1.9984
2.00026
2.24121
3.60862
0.50623
4.40593
0.428477
2.20487
0.967267
1.84235
2.07757
4.8678
1.60088
2.31805
3.01871
0.627191
1.9984
11.4171
1.16993
0.878379
11.3312
0.13081
1.30285
2.6045
0.56312
3.75383
2.07757
3.64216
10.9111
2.35122
0.878379
11.3312
0.13081
2.96436
0.495932
2.03394
3.07472
0.565481
6.43759
1.75937
2.06582
1.14839
0.677775
1.98318
2.26005
1.60088
0.47252
4.75018
0.81863
2.74838
0.724971
1.92567
1.06511
2.77583
2.07757
1.27573
12.866
4.39232
9.52943
7.33985
