171
8
8
8
8
4.06413
6.49985
5.02975
4.32193
4.67243
5.02975
2.56009
4.55459
2.7879
4.65821
2.34023
3.85466
2.43888
3.8413
2.54674
5.46597
4.08746
4.49985
4.02975
8.75656
0.155398
4.70176
0.646626
9.59991
7.56224
7.44294
8
4.67243
4.15528
3.22005
4.58496
6.02791
5.56224
6.88671
2.43172
5.73471
4.19438
6.5157
3.59756
7.61471
5.16189
7.48382
4.32847
7.49985
5.46761
7.44294
5.24031
6.75489
5.47168
4.13171
4.29278
7.47168
3.8679
5.53138
2.2303
3.70695
3.07039
5.35755
2.56009
4.87652
4.75974
4.04836
2.97199
6.29155
6.85798
7.42626
5.46761
7.44294
5.24031
8.75489
5.24031
4.93074
6.47573
5.61471
5.44294
4.67243
5.02975
3.59756
5.02975
2.56009
4.29155
3.0199
4.16262
2.66458
4.9542
5.24031
6.75489
6.47168
5.48382
5.85798
2.2303
3.70695
5.02975
4.32193
2.97199
7.87652
4.70834
6.47573
2.85466
6.64386
2.43888
3.8413
2.66458
4.43962
6.77479
4.6845
14.6051
7.47168
7.42626
8
4.67243
4.15528
3.22005
4.58496
3.44294
5.59991
5.35755
5.75489
6.47168
5.48382
5.85798
2.2303
3.70695
5.02975
4.32193
2.97199
7.87652
4.70834
6.47573
2.85466
6.64386
2.43888
3.8413
2.66458
4.43962
6.18982
7.76818
6.14975
2.85466
5.64386
2.7879
4.85086
4.75974
4.04836
4.67243
4.15528
5.09452
6.45943
3.59756
6.02975
5.94642
6.44294
6.88671
2.43888
6.16323
2.34023
5.43962
2.85466
5.05889
5.57289
5.12928
2.97199
4.55459
4.32847
7.49985
7.43463
8
14.6051
7.47168
7.42626
8
4.67243
4.15528
3.22005
4.58496
6.02791
5.56224
6.47168
5.48382
5.85798
3.44294
5.27798
2.56009
4.55459
2.7879
4.65821
5.57289
5.12928
2.97199
6.29155
2.85466
6.64386
3.60881
7.56986
4.94642
7.45943
5.94642
6.44294
6.88671
2.43888
6.16323
2.34023
5.43962
2.85466
5.05889
5.57289
5.12928
2.97199
4.55459
4.32847
5.49985
5.94642
6.44294
6.47168
5.48382
6.44294
5.57289
5.12928
4.67243
7.61471
2.2303
6.79442
2.34023
5.43962
5.17659
6.5157
4.66432
4.07973
7.49985
2.34023
6.17659
2.7879
4.85086
4.75974
4.04836
2.97199
4.29155
3.0199
4.16262
2.66458
6.76155
6.01495
6.57743
5.30175
4.52356
5.15381
3.44294
5.27798
3.59756
4.15528
3.22005
4.58496
5.44294
4.87447
2.97199
5.29155
7.59991
8
14.6051
5.47168
5.15381
7.45121
2.43888
5.16323
2.29999
6.8009
4.38466
7.48382
2.85466
5.32193
5.02975
4.32193
7.67243
6.55459
6.14975
3.51245
5.54689
5.02975
4.32193
4.67243
5.02975
2.56009
4.55459
2.7879
4.65821
2.34023
3.85466
2.43888
3.8413
2.54674
5.46597
5.54689
7.44294
6.61471
7.45943
6.88671
2.43888
4.42626
1
6.22882
5.19377
5.86625
5.46761
7.44294
2.43172
4.41278
5.02975
4.32193
4.67243
7.61471
7.43463
8
5.35755
7.75489
4.62449
7.54689
8
4.52356
7.47573
2.7879
4.85086
4.75974
4.04836
2.97199
5.06916
2.43888
7.74819
2.43888
4.42626
3.07039
5.67948
5.94642
6.44294
6.88671
2.43888
6.16323
2.34023
5.43962
2.85466
5.05889
5.57289
5.12928
2.97199
4.55459
4.32847
5.49985
7.53138
8
6.58496
5.12928
14.1674
7.56224
3.22005
5
2.41831
6.22882
6.18982
7.76818
7.47168
3.0199
4.45213
2.41831
6.22882
6.18982
7.76818
6.88671
4.68806
9.95274
7.56224
7.44294
8
4.67243
4.15528
3.22005
4.58496
6.02791
5.56224
6.88671
6.85798
6.42626
2.2303
6.79442
5.57289
5.12928
2.97199
5.29155
6.01495
7.43463
5.94642
6.44294
6.88671
3.60881
5.56986
5.61471
5.44294
2.97199
7.87652
3.9542
7.50779
2.43888
5.16323
6.02791
5.56224
8.47168
4.38466
5.16189
3.44294
5.59991
3.22005
4.58496
5.44294
4.87447
2.97199
6.29155
2.43172
3.27528
2.54674
6.7879
5.09452
7.45943
5.9542
6.56224
5.47168
4.13171
4.29278
7.47168
4.19438
6.5157
3.59756
4.15528
5.09452
7.45943
5.9542
6.56224
6.88671
4.52356
7.47573
2.7879
4.85086
2.66458
4.17659
3.60881
7.56986
7.46761
8
7.67243
5.46761
14.6051
5.30175
4.52356
5.15381
3.44294
7.59991
5.07325
7.45943
2.34023
6.76155
6.01495
7.43463
5.61471
5.44294
7.67243
6.55459
5.47168
4.75974
4.04836
2.97199
5.29155
3.51245
6.54689
2.34023
3.85466
2.43888
7.74819
2.43888
5.16323
6.02791
5.56224
6.88671
4.52356
7.47573
2.7879
4.85086
2.66458
4.17659
3.60881
7.56986
7.46761
8
7.67243
8
7.69349
5.30175
4.52356
5.15381
3.44294
5.59991
3.22005
4.58496
2.29999
6.8009
6.01495
7.43463
5.61471
5.44294
7.67243
6.55459
7.56224
5.33628
7.45121
3.22005
4.58496
6.02791
5.56224
6.88671
4.52356
7.47573
2.7879
4.85086
2.66458
4.17659
3.60881
7.56986
7.46761
8
7.67243
7.55459
0.155398
4.70176
0.646626
9.59991
7.47168
3.8679
5.53138
4.93074
6.47573
5.61471
5.44294
2.97199
7.87652
4.38466
7.48382
4.32847
7.49985
5.46761
7.44294
5.57289
6.45121
5.47168
4.13171
4.29278
7.47168
5.9542
7.44294
5.16189
7.48382
4.32847
7.49985
5.09452
6.45943
5.46761
7.44294
6.89482
6.42626
9.95796
7.47168
3.0199
4.45213
2.41831
6.22882
6.18982
7.76818
4.10281
2.56009
5.55459
5.44294
4.87447
2.97199
4.55459
2.7879
7.65821
3.60881
6.56986
4.08746
7.49985
7.89482
8
7.56986
4.66432
7.53916
7.65821
7.56224
7.44294
8
4.67243
4.15528
3.22005
4.58496
3.44294
5.59991
5.35755
5.75489
6.47168
5.48382
5.85798
2.2303
3.70695
5.02975
4.32193
2.97199
7.87652
4.70834
6.47573
2.85466
6.64386
2.43888
3.8413
2.66458
4.43962
6.18982
7.76818
5.24031
4.93074
6.47573
5.61471
5.44294
4.67243
5.02975
3.59756
5.02975
2.56009
4.29155
3.0199
4.16262
2.66458
6.76155
5.57289
6.45121
8.47168
4.32847
7.49985
7.43463
8
2.97199
6.29155
2.85466
5.05889
4.13171
4.80735
5.24031
2.2303
3.70695
5.02975
4.32193
2.97199
6.29155
4.17659
5.92283
4.02975
7.50779
7.43463
8
5.09452
6.45943
3.59756
6.02975
5.94642
7.44294
4.10281
2.56009
5.55459
5.44294
4.87447
2.97199
4.55459
2.7879
7.65821
3.60881
6.56986
5.54689
7.44294
6.61471
7.45943
5.47168
4.13171
4.29278
6.88671
1
5.73471
1
6.5157
2.56009
5.06916
2.43888
6.16323
5.57289
5.12928
7.67243
6.55459
5.47168
4.13171
4.29278
6.47168
5.48382
5.85798
2.2303
3.98706
2.29999
3.34147
2.43172
5.41278
2.29999
7.8009
3.9542
6.50779
5.02975
4.32193
4.67243
7.61471
7.43463
8
5.35755
5.75489
6.14975
2.85466
4.8365
5.44294
4.87447
2.97199
4.55459
2.7879
6.65821
5.23266
5.87447
4.02975
7.50779
7.43463
7.47573
8.47168
4.70834
5.47573
4.75974
4.04836
2.97199
5.29155
6.01495
7.43463
7.61471
7.42626
13.4624
8
1.24315
4.77197
9.51752
2.8339
6.9317
5.08105
5.55301
5.63533
4.95241
2.9461
5.74183
1.94627
1.18776
1.68153
2.76014
9.88775
1.46066
5.77808
3.13912
6.82958
2.65076
1
0.584963
6.49957
2.44874
4.82595
3.69323
1.22005
10.0553
4.21501
5.09892
8.1449
7.8857
5.82549
2.67763
4.95702
2.89594
5.02443
7.77119
2.57124
1
3.50758
0.859471
7.99104
4.18391
4.46217
4.14176
5.5682
7.26507
8.6424
4.97346
1.68164
1.64942
0.913813
4.45924
4.3673
1
0.584963
3.89994
5.29992
3.70044
8.05369
3.76216
1.94393
4.63717
5.35745
3.10886
1.56941
1.38031
4.88746
3.05274
3.68472
3.84075
9.72792
2.96634
5.5261
3.89562
1
3.57457
1.48763
2.76014
10.3561
2.93637
5.63559
5
6.48382
2.08746
1.64942
0.913813
4.45924
4.3673
1
5.53917
1.94627
1
0.584963
0.913813
4.17935
2.63306
4.97717
1
3.68472
3.84075
1
7.72732
2.93637
5.63559
5
2.83996
5.6893
3.69323
9.68124
3.88671
2.37616
5.22304
2.8529
4.90851
4.32043
2.6233
0.836151
4.27177
5.90795
5.10054
1.2554
6.9317
3.45089
7.65174
0.75508
5.11925
5.49116
5.83883
6.43353
6.14167
5.00139
4.43393
2.77052
4.96873
2.04954
4.64289
0.913813
4.17935
11.6157
1
4.42184
3.51365
3.15064
2.13726
2.09164
5.20478
6.83619
4.1759
5.42247
0.913813
4.17935
2.63306
8.82131
5.13012
5.47249
3.23566
8.16372
3.24626
12.0858
3.23083
3.46919
8.34383
2.93637
5.63559
5
8.48382
7.5157
0.83757
4.24632
3.69323
6.87388
4.88685
7.17891
3.40178
6.80436
3.36796
6.14845
3.20705
2.74713
3.71822
0.913813
4.45924
4.3673
1
4.64289
5.30443
4.43393
2.77052
5.76107
5.96869
10.5097
1.85148
1.69383
7.3069
6.59139
3.38507
5.88094
1
7.87213
3.18391
4.93471
1.06029
4.64289
4.65945
3.79922
3.03298
3.15085
9.40532
3.82353
3.68605
1
1.40203
6.49957
2.44874
5.47715
2.49626
4.27177
5.90795
6.0599
3.34806
3.23566
8.16372
3.24626
12.0858
3.23083
4.58108
4.82398
0.678487
10.6051
4.60422
4.35755
4.06228
5.24351
2.32646
4.39482
6.66321
4.04439
5.49212
2.93245
6.4325
6.72672
2.65076
5.24351
3.34806
3.23566
8.16372
3.24626
12.0858
3.23083
4.58108
10.6569
5.88264
6.69349
3.69323
6.87388
4.88685
7.17891
3.40178
6.80436
3.36796
5.61726
3.34806
3.23566
8.16372
3.24626
12.0858
3.23083
4.58108
2.04954
1.68153
7.15018
7.2532
2.8529
5.27572
2.03594
6.58298
2.05231
4.8519
2.44874
1.55676
1.40203
6.49957
2.44874
11.6963
4.11761
5.23522
2.54039
5.5014
6.36451
5.85345
1.57374
8.30944
3.11777
4.65105
6.66077
3.529
5.10054
1
8.58886
3.88874
1
5.29485
0.913813
4.17935
2.63306
3.50355
3.91545
5.60753
11.5866
5.17792
7.56986
5.53596
1.38031
3.71822
0.913813
4.45924
4.3673
1
8.79587
4.18391
4.46217
4.14176
5.5682
7.26507
8.6424
2.43948
5.34784
2.89594
5.02443
7.77119
2.57124
1
3.50758
8.24978
0.458015
1.68153
7.15018
7.2532
2.8529
7.87213
3.18391
10.5144
3.69527
7.20294
5.67243
1.70977
8.13909
5.99669
4.32648
3.72418
4.77211
5.42247
0.913813
4.17935
2.63306
3.50355
3.91545
5.60753
1.60789
1.73572
1.40203
6.49957
2.44874
4.39711
4.99662
4.80405
3.50417
3.56881
4.22817
2.56946
1.50295
1.40203
1
2.44874
4.39711
2.61034
8.04603
3.28951
6.67626
4.03889
4.07007
4.29418
3.03486
0.913813
4.17935
2.63306
4.97717
3.42006
3.75258
5.17604
2.56946
9.2402
2.05857
2.94262
1
2.87789
4.2713
5.75756
1.581
13.4624
8
8
7.42626
8
4.67243
4.15528
3.22005
5
4.02975
6.75656
6.88671
2.43888
6.16323
2.34023
5.43962
2.85466
5.05889
5.57289
5.12928
2.97199
4.55459
4.32847
5.49985
5.94642
6.44294
7.47168
5.44294
4.87447
4.67243
7.61471
5.07325
7.45943
2.34023
3.85466
3.60881
5.98489
5.9542
6.56224
6.88671
2.43172
5.73471
4.19438
6.5157
3.59756
7.61471
5.16189
7.48382
2.7879
4.19878
3.07039
5.67948
7.53138
8
14.6051
4.88671
4.05627
5.17792
5.02975
4.32193
2.97199
7.87652
3.9542
5.92283
4.17659
7.50779
5.46761
7.44294
5.24031
6.75489
6.14975
2.85466
5.05889
2.34023
3.85466
3.60881
5.98489
5.9542
6.56224
7.47168
4.19438
6.5157
3.59756
4.15528
5.09452
7.45943
5.9542
6.56224
7.47168
3.44294
5.27798
2.56009
5.55459
5.44294
4.87447
2.97199
6.87652
4.52356
5.47573
2.29999
7.8009
5.57289
6.45121
8.47168
4.70834
5.89077
2.41831
4.22882
3.60881
7.56986
7.53138
8
4.67243
4.15528
3.22005
5.26303
2.66458
6.76155
7.89482
8
14.6051
5.66432
4.88264
5.87447
2.41831
7.81378
5.48382
5.85798
2.2303
4.33498
2.66458
6.76155
3.51245
6.54689
5.57289
5.12928
4.67243
7.61471
5.60881
4.04041
9.95796
6.88671
2.43172
5.41278
6.02791
5.56224
6.88671
6.85798
7.42626
3.22005
4.58496
5.44294
4.87447
4.67243
7.61471
2.2303
6.79442
2.43888
3.8413
2.66458
4.43962
6.18982
7.76818
6.47168
5.48382
5.85798
2.2303
3.98706
2.29999
3.34147
2.43172
5.41278
5.44294
4.87447
2.97199
6.29155
4.17659
7.50779
4.94642
6.45943
5.09452
6.45943
3.59756
6.02975
5.94642
7.44294
5.24031
2.2303
3.70695
5.02975
4.32193
2.97199
7.87652
4.70834
6.47573
3.60881
7.56986
5.46761
7.44294
5.57289
6.45121
5.47168
4.75974
4.04836
2.97199
7.87652
5.23266
5.87447
4.93074
7.47573
7.46761
7.45943
6.88671
2.43888
4.42626
4.02975
8.17159
4.10281
2.56009
6.29155
2.43172
5.73471
5.57289
5.12928
2.97199
7.87652
3.9542
5.50779
2.34023
6.76155
6.01495
6.57743
6.88671
2.43172
5.41278
5.44294
4.87447
2.97199
7.87652
4.70834
6.47573
4.17659
5.92283
4.02975
6.50779
1
7.49985
7.89482
8
14.6051
4.88671
4.05627
5.17792
5.02975
4.32193
2.97199
7.87652
3.9542
5.92283
4.17659
7.50779
5.46761
7.44294
5.24031
6.75489
6.14975
3.51245
5.96193
5.44294
4.87447
2.97199
7.87652
3.9542
5.50779
4.19438
5.93074
5.35755
5.75489
6.47168
5.48382
5.85798
2.2303
4.33498
2.66458
4.17659
3.60881
7.56986
7.53138
8
4.67243
4.15528
5.09452
7.45943
5.9542
6.56224
6.88671
4.68806
7.63081
6.88671
2.43888
3.8413
2.54674
5.46597
5.9386
7.48382
7.56224
4.02975
5.92283
5.07325
5.45943
5.02975
4.32193
4.67243
5.02975
3.59756
4.15528
3.22005
5.26303
2.66458
6.76155
7.89482
8
14.6051
4.66432
7.53916
7.65821
4.10281
3.59756
7.61471
2.2303
6.79442
5.57289
5.12928
2.97199
6.29155
4.17659
5.92283
6.61471
7.45943
6.88671
3.60881
5.56986
5.61471
5.44294
2.97199
7.87652
3.9542
7.50779
2.43888
5.16323
6.02791
5.56224
6.47168
5.48382
5.85798
2.29999
5.47897
5.97728
7.43463
3.22005
5.26303
4.75974
4.04836
7.67243
6.55459
6.88671
4.68806
7.63081
8.47168
4.38466
5.16189
5.44294
4.87447
4.67243
5.02975
3.59756
4.15528
3.22005
5.26303
4.13171
4.29278
7.47168
6.18982
7.76818
7.56224
5.09452
7.45943
5.48382
7.46761
5.85798
6.43463
5.57289
6.45121
5.47168
4.13171
4.29278
6.47168
5.48382
5.85798
2.29999
7.8009
5.57289
5.12928
4.67243
5.02975
3.59756
4.15528
5.09452
7.45943
5.9542
6.56224
7.56224
6.61471
7.45943
6.88671
2.43888
6.16323
4.19438
7.5157
7.48382
7.45943
6.88671
4.52356
7.47573
2.7879
4.85086
2.66458
4.17659
7.93074
8
4.67243
7.61471
7.46761
7.42626
14.6051
4.66432
7.53916
7.65821
7.56224
5.07325
7.45943
4.19438
5.93074
3.22005
6
2.43172
5.73471
5.57289
5.12928
4.67243
7.61471
2.2303
5.20945
5.23266
8.56605
6.14975
3.51245
5.96193
5.44294
4.87447
2.97199
7.87652
3.9542
7.50779
2.43888
5.16323
6.02791
5.56224
7.47168
3.0199
4.45213
3.07039
4.67948
3.22005
5
5.02975
4.32193
4.67243
4.15528
5.09452
7.45943
5.9542
6.43463
3.59756
6.02975
5.94642
6.44294
6.88671
2.43888
4.42626
4.02975
8.17159
4.10281
2.56009
4.70659
5.02975
4.32193
2.97199
5.06916
2.43888
6.16323
3.0199
4.45213
3.07039
7.67948
7.52356
8
14.6051
5.14975
7.50779
7.53916
6.88671
4.68806
7.63081
6.88671
2.43172
5.41278
3.44294
5.27798
2.56009
4.29155
3.8679
5.53138
2.2303
6.79442
4.19438
6.5157
2.56009
4.87652
5.57289
5.12928
2.97199
5.06916
3.60881
5.98489
1
5.47573
5.57289
5.86625
4.10281
2.56009
7.87652
3.9542
6.50779
2.66458
6.76155
4.38466
5.89885
5.02975
4.32193
4.67243
7.61471
7.43463
8
5.35755
6.75489
4.10281
2.56009
5.55459
2.29999
4.8009
2.7879
5.65821
5.44294
4.87447
2.97199
5.29155
3.51245
6.54689
2.34023
3.85466
2.43888
7.74819
2.43888
5.16323
2.29999
7.8009
5.57289
5.86625
7.56224
5.33628
7.45121
5.61471
5.44294
4.67243
7.61471
5.07325
7.45943
2.34023
6.17659
2.7879
5.65821
6.44294
5.12928
9.95796
7.47168
3.0199
4.8147
3.44294
5.59991
3.22005
4.58496
5.44294
4.87447
4.67243
7.61471
2.2303
3.98706
2.29999
7.8009
5.57289
5.86625
4.10281
2.56009
4.87652
2.66458
6.76155
3.51245
7.54689
2.43172
5.41278
2.29999
4.8009
2.7879
4.85086
2.66458
7.76155
4.70834
5.47573
4.75974
4.04836
4.67243
7.61471
4.93074
6.47573
4.44478
7.48382
4.19438
5.93074
5.35755
5.75489
8.47168
4.70834
5.47573
4.75974
4.04836
2.97199
5.29155
6.01495
7.43463
7.61471
7.42626
13.4624
8
0.163465
4.45924
4.3673
1
5.53917
1.94627
1
1.68153
2.76014
9.43744
2.86285
1.69383
7.3069
1.5722
5.86242
3.18391
10.5144
3.69527
7.20294
5.67243
5.91488
2.93637
5.63559
5
6.48382
2.08746
8.02011
10.5097
1.85148
1.69383
7.3069
5.81378
7.26366
8.6424
2.43948
6.08481
0.913813
4.17935
5.77723
4.76963
2.8529
6.14845
1.94627
1.18776
1.68153
2.76014
3.95912
4.99662
3.77657
1
4.04439
2.49516
4.45779
1
1.42064
5.76893
6.8395
3.41825
7.07779
3.30012
4.31892
6.85772
6.10387
1.68164
5.83029
3.89562
2.37616
3.57457
4.44589
9.27706
1
6.09276
5.8839
1.60407
1.4062
5.33748
0.0762967
6.69168
5.53596
1.38031
3.71822
4.0824
9.31326
4.02333
6.04216
0.651876
8.6424
2.43948
4.99735
5.32856
8.27884
5.63777
3.93161
4.61558
4.76963
5.98203
3.45089
1
4.71149
2.68733
6.30244
5.27606
4.96873
2.04954
1.68153
7.15018
7.2532
2.8529
7.87213
3.59343
7.11323
4.66443
2.12596
5.21788
3.20705
2.74713
3.71822
0.913813
4.17935
2.63306
6.67626
1
2.92297
1
1.20395
1.73572
2.76147
1.8216
5.89875
0.815814
8.02011
10.5097
1.85148
1.69383
7.3069
6.59139
3.38507
5.88094
1
4.0726
3.51365
3.11714
0.859471
3.71822
3.51063
9.91491
3.23083
3.46919
5.61726
3.34806
2.96221
4.19481
1.14662
4.78688
3.20705
2.74713
3.71822
0.913813
4.17935
8.63591
8.01247
1.33991
8.87715
5.53596
1.38031
9.14403
2.93637
5.98351
8.43741
3.25939
5.70252
6.04216
0.651876
8.6424
2.43948
7.66977
2.55752
3.633
1
3.99501
1
10.8237
2.22907
1
5.29485
4.65945
3.79922
7.60962
1.77705
4.24092
4.09839
6.43423
4.1759
10.2298
2.55752
3.633
3.20678
1.81471
5.30448
3.60945
1.37747
0.923711
4.17935
5.77723
8.49452
6.05385
2.41134
7.67753
5.21522
2.066
8.88528
3.11548
2.96408
1.40203
6.49957
2.44874
5.47715
2.49626
4.27177
5.90795
6.0599
3.34806
3.23566
8.16372
3.24626
12.0858
3.23083
4.58108
2.04954
1.68153
7.82469
5.90795
6.70626
3.59343
5.77723
2.60105
6.18842
5.48633
2.07909
2.46973
9.23903
5.89508
0.64656
8.87715
5.53596
1.38031
3.71822
0.913813
5.0149
3.82529
5.93868
10.0193
0.651876
8.6424
2.43948
7.66977
2.55752
3.633
1
3.74631
1
3.11714
0.859471
5.09465
5.47677
2.92232
3.88264
5.66368
2.8339
8.06586
7.43741
5.61667
1.59901
4.3635
4.80631
3.37195
4.22817
5.70394
0.787323
8.87715
5.53596
1.38031
3.96972
3.91545
5.60753
4.8519
2.75282
8.6424
2.43948
1.70977
2.76014
3.95912
3.10727
3.96279
2.61172
10.1099
3.11548
6.89482
12.0243
3.88671
2.77961
2.53495
13.4211
4.02975
4.73903
10.0658
5.56478
6.47032
4.07668
3.86291
4.14176
8.43132
7.75822
4.76199
4.22817
2.56946
9.2402
2.05857
2.94262
1
2.87789
4.2713
2.60105
5.2957
1.94627
1.18776
4.62595
4.38011
2.34653
5.93868
9.01346
7.65174
2.29139
13.4624
8
8
7.53916
7.65821
7.56224
7.44294
8
4.67243
4.15528
3.22005
4.58496
6.02791
5.56224
6.88671
2.43172
5.41278
3.44294
5.27798
2.56009
4.29155
3.8679
5.53138
2.2303
6.79442
4.19438
6.5157
2.56009
4.87652
5.57289
5.12928
2.97199
5.06916
3.60881
5.98489
1
5.47573
5.57289
6.45121
6.88671
3.60881
5.56986
5.61471
5.44294
2.97199
7.87652
3.9542
7.50779
2.43888
5.16323
6.02791
5.56224
6.47168
5.48382
5.85798
2.2303
3.98706
3.44294
5.27798
2.56009
4.87652
4.75974
4.04836
4.67243
4.15528
5.09452
7.45943
5.9542
6.56224
6.47168
5.48382
5.85798
2.2303
3.98706
3.44294
7.59991
5.85798
6.43463
5.57289
5.12928
2.97199
5.06916
2.43888
3.8413
2.54674
6.7879
1
7.44294
7.56224
6.61471
7.45943
6.88671
6.85798
7.42626
2.56009
4.87652
4.19438
7.5157
5.9386
7.48382
4.10281
2.56009
6.29155
2.43172
5.41278
2.29999
7.8009
4.75974
4.04836
4.67243
6.61471
5.9386
5.89885
6.88671
4.52356
7.47573
2.7879
4.85086
4.75974
4.04836
2.97199
7.87652
4.70834
7.47573
3.0199
4.16262
2.54674
5.46597
5.9386
5.89885
5.47168
4.13171
4.29278
6.14975
4.17659
4.70044
4.93074
6.47573
4.44478
6.48382
4.70834
7.47573
5.57289
5.12928
2.97199
6.29155
7.56224
2.34062
14.6051
5.30175
4.52356
5.15381
3.44294
7.59991
7.44294
8
4.67243
4.15528
3.22005
4.58496
2.29999
6.8009
6.01495
7.43463
6.61471
6.45943
5.24031
4.93074
6.47573
5.61471
5.44294
4.67243
5.02975
3.59756
5.02975
2.56009
4.29155
3.0199
4.16262
2.66458
6.76155
5.57289
6.45121
8.47168
4.32847
7.49985
7.43463
8
2.97199
6.29155
2.85466
5.05889
4.13171
4.29278
8.47168
4.70834
7.47573
2.43172
5.41278
2.29999
5.47897
3.60881
7.56986
7.53138
8
4.67243
4.15528
5.35755
5.75489
6.14975
4.17659
4.70044
4.93074
6.47573
4.44478
6.48382
5.23266
8.56605
6.14975
4.17659
4.70044
4.93074
6.47573
5.61471
5.44294
2.97199
7.87652
5.23266
5.87447
6.61471
7.45943
6.47168
5.48382
5.85798
6.02791
7.56224
7.56224
3.22005
6.58496
2.34023
6.17659
2.7879
4.65821
4.19438
6.5157
7.47573
8
5.44294
4.87447
2.97199
5.06916
3.60881
5.56986
1
7.45943
5.47168
2.66458
4.9542
2.7879
4.85086
4.13171
4.29278
6.47168
5.48382
7.44294
4.75974
4.04836
4.67243
7.61471
6.49185
7.42626
4.02975
7.50779
5.35755
6.75489
4.10281
2.56009
5.55459
2.29999
7.8009
2.29999
6.8009
4.9386
7.45943
5.85798
6.43463
5.57289
5.12928
2.97199
5.06916
2.43888
3.8413
2.54674
6.7879
1
6.44294
5.47168
4.13171
4.29278
6.47168
5.48382
5.85798
2.2303
3.98706
5.44294
4.87447
4.67243
5.02975
3.59756
6.02975
4.94642
6.45943
5.35755
5.75489
6.47168
5.48382
5.85798
2.2303
3.98706
3.44294
7.59991
5.85798
6.43463
5.57289
5.12928
2.97199
5.06916
2.43888
3.8413
2.54674
6.7879
1
6.44294
8.47168
4.70834
5.89077
4.02975
6.75656
6.88671
6.85798
7.42626
3.59756
7.61471
7.48382
7.45943
6.47168
5.48382
7.44294
2.7879
5.65821
3.44294
6.01495
4.06413
5.49985
5.44294
4.87447
2.97199
4.87652
6.89482
6.42626
14.1674
7.56224
5.33628
7.45121
3.22005
4.58496
6.02791
5.56224
7.47168
2.29999
5.47897
2.43888
3.8413
4.75974
4.04836
7.67243
6.55459
4.10281
2.56009
6.29155
2.85466
5.05889
5.57289
5.12928
2.97199
4.55459
2.7879
4.19878
2.41831
5.22882
2.7879
4.85086
1
5.1375
14.6051
5.47168
7.47573
7.80735
7.47168
3.0199
4.8147
2.29999
5.47897
2.43888
6.16323
5.57289
5.12928
4.67243
7.61471
5.07325
7.45943
2.43888
5.16323
6.44294
5.12928
9.95796
6.88671
4.68806
9.95274
7.56224
7.44294
8
4.67243
4.15528
3.22005
4.58496
3.44294
5.59991
5.35755
5.75489
6.14975
2.85466
5.05889
2.34023
3.85466
3.60881
5.98489
5.9542
6.56224
7.56224
3.22005
4.58496
5.44294
4.87447
2.97199
7.87652
3.9542
5.50779
5.57289
6.45121
6.88671
3.60881
5.56986
5.61471
5.44294
2.97199
7.87652
3.9542
7.50779
2.43888
5.16323
6.02791
5.56224
7.47168
4.19438
6.5157
3.59756
4.15528
5.09452
7.45943
5.9542
6.56224
6.88671
4.52356
7.47573
2.7879
4.85086
2.66458
4.17659
3.60881
7.56986
7.46761
8
7.67243
8
