157
8
8
8
8
8
8
8
8
7.30378
8
8
7.30378
8
8
7.30378
8
8
8
8
8
8
8
8
7.50779
0.288657
0.816541
1
9.62022
8.2854
8
8
7.30378
8
8
8
8
7.30378
8
8
8
7.30378
8
8
8
8
8
8
8
8
8
6.30378
7.31288
8
8
7.31288
8
8
8
8
8
8
8
8
7.30378
8
8
6.30378
7.30378
8
8
8
8
6.30378
7.31288
8
8
8
8
8
7.30378
8
8
8
8
7.30378
8
8
8
8
6.30378
7.31288
8
8
8
8
8
8
8
6.30378
7.30378
8
8
8
8
8
8
8
8
8
8
13.9035
8
8
8
7.30378
8
8
8
8
8
8
7.32193
8
8
8
8
8
8
8
6.30378
7.30378
8
8
8
8
8
8
8
8
8
7.54689
8
8
8
8
8
8
8
7.30378
8
8
8
8
8
8
8
8
8
8
7.30378
8
8
8
6.30378
6.30378
6.30378
7.30378
8
8
8
6.30378
13.9035
8
8
8
7.30378
8
8
8
8
7.30378
8
8
8
8
8
8
7.30378
8
8
6.30378
6.30378
6.30378
7.30378
8
8
8
8
8
8
8
8
8
8
8
7.30378
8
8
8
6.30378
6.30378
6.30378
7.30378
8
8
8
8
8
8
8
6.30378
6.30378
7.30378
8
8
8
7.30378
8
8
7.33985
8
8
8
7.30378
8
8
8
8
8
6.30378
7.30378
8
8
8
8
8
7.31288
8
8
8
8
8
8
8
8
8
8
8
6.30378
7.30378
8
8
13.9035
8
8
8
8
8
8
8
8
8
8
8
8
8
7.30378
7.46761
8
8
8
8
8
7.30378
8
8
7.30378
8
8
7.30378
8
8
8
8
8
8
8
8
7.32193
8
8
8
8
8
8
8
8
8
8
8
8
8
7.30378
8
8
8
8
7.32193
4.96809
7.39232
8
8
8
8
8
8
8
6.30378
7.30378
8
8
8
8
8
8
8
8
8
8
8
7.30378
8
8
8
6.30378
6.30378
6.30378
7.30378
8
8
8
8
7.40088
6.30378
15.3447
8
8
8
8
8
8
7.54689
8
8
8
8
8
8
7.54689
8
8
7.61471
8
8
8
7.30378
8
8
8
8
7.30378
8
8
8
8
8
6.30378
6.30378
6.30378
7.30378
8
8
8
8
8
8
8
8
8
6.30378
7.30378
8
8
8
8
8
7.30378
8
8
8
8
8
8
8
8
8
6.30378
7.30378
8
8
8
8
8
8
5.72792
7.31288
8
8
7.31288
8
7.30378
8
8
8
8
8
5.72792
7.31288
8
8
8
8
8
8
8
8
8
8
8
7.30378
8
13.9035
8
8
8
8
8
8
8
7.30378
8
8
8
8
8
7.30378
7.46761
8
8
8
6.30378
7.30378
8
8
7.30378
8
8
8
8
8
8
7.30378
8
8
8
8
8
8
8
8
8
8
8
7.30378
8
7.67243
8
8
8
8
8
8
8
8
8
8
8
8
8
7.30378
7.46761
8
8
8
8
8
8
7.30378
8
8
8
8
8
8
8
8
8
8
8
7.30378
7.46761
0.288657
0.816541
0.864799
9.62022
8
8
8
8
8
8
8
6.30378
7.30378
8
8
8
8
8
8
7.30378
7.31288
8
8
7.31288
8
8
8
8
8
8
8
8
8
8
8
7.30378
8
15.3447
8
8
8
8
8
8
7.54689
8
8
7.30378
8
8
6.30378
7.30378
8
8
8
8
8
8
7.30378
8
7.40088
8
8
7.34873
8
8
8
7.30378
8
8
8
8
8
8
7.32193
8
8
8
8
8
8
8
6.30378
7.30378
8
8
8
8
8
8
8
8
8
7.54689
8
8
8
8
8
7.30378
8
8
8
8
7.30378
8
8
8
8
7.30378
7.31288
8
8
8
8
8
6.30378
7.30378
8
8
8
7.31288
8
8
8
8
8
6.30378
7.30378
8
8
8
8
8
8
8
8
8
8
8
8
8
8
7.30378
8
8
6.30378
7.30378
8
8
8
8
8
8
8
7.32193
8
8
7.31288
8
8
8
7.30378
8
8
7.30378
8
8
6.30378
6.30378
7.30378
7.46761
8
8
7.31288
8
8
8
8
8
8
8
8
8
8
8
8
8
8
8
7.30378
8
8
8
8
7.32193
8
8
8
8
8
6.30378
7.30378
8
8
8
8
8
8
8
7.33985
8
8
8
8
8
6.30378
7.30378
8
8
8
8
14.1927
8
1.54088
4.93001
9.34348
3.57328
3.52392
3.66818
3.58741
11.1708
5.15265
3.26936
3.88768
6.39485
0.760811
3.37641
4.08217
9.80107
2.19771
6.72451
3.69571
7.73802
3.97575
4.21108
2.19324
3.8444
5.96481
5.81253
1.97498
5.94664
6.26828
1.97194
3.16051
6.62772
6.77447
5.92393
4.93847
5.09144
4.015
3.64036
5.93753
1.41135
3.58822
3.31912
5.98098
4.69162
1.88856
2.60989
1.99506
7.31575
3.25686
7.62485
6.40372
3.8618
5.05802
3.24317
3.45329
2.15807
0.760811
3.63798
4.34525
3.91253
2.87339
5.00631
2.3243
2.76898
2.0585
1.86779
2.19972
1.04497
3.79807
4.7196
2.28132
4.46654
2.40343
11.8159
3.53374
4.42729
3.03483
1.07055
3.28356
3.04322
4.08217
9.04618
2.57845
5.74514
5.5597
7.21917
3.87699
1
3.24317
3.45329
2.15807
0.760811
3.63341
6.39485
0.760811
5.19308
3.24317
1.2313
3.87414
5.10137
2.28132
4.46654
2.40343
1.81848
9.94281
2.57845
5.74514
5.5597
3.00972
7.05799
1.97498
11.5114
4.03666
1.07055
2.91629
2.52866
5.77318
1.92824
2.38161
3.97179
2.4692
4.47406
5.27605
2.73593
3.52392
1.51121
3.37548
1.2428
3.93772
3.54992
5.80837
3.14958
3.75286
1
5.01493
4.01799
5.0408
1.93179
5.19308
3.24317
1.2313
9.07292
1.85588
3.51064
2.42226
4.56754
3.79756
5.93488
4.1686
4.28611
2.64872
5.22887
3.24317
1.2313
3.87414
8.19878
3.83999
3.65821
3.65447
3.94685
6.27094
13.5174
2.48829
3.23491
9.34765
2.57845
5.74514
5.5597
8.21917
7.31288
0.969068
6.25195
1.97498
5.63695
4.35783
1
0.584963
7.44431
2.58285
3.79707
0.67603
1.79087
4.93641
3.24317
3.45329
2.15807
0.760811
5.19308
4.05731
5.01493
4.01799
4.62863
3.64389
6.88713
2.04066
1.46114
9.67161
4.32643
2.61667
2.22986
1.94059
5.60208
1.71051
5.39672
1.3349
5.19308
3.91964
2.79437
4.11415
1.3992
7.77963
2.91157
3.5927
3.77259
2.19324
3.8444
5.96481
3.64515
6.11592
2.4692
4.47406
3.49215
2.53948
3.65447
3.94685
6.27094
13.5174
2.48829
3.92003
6.73693
1.28622
8.69405
3.8619
6.98299
5.92035
4.27248
1.62
4.08385
4.83366
2.55805
3.6143
1
6.29603
9.25159
3.97575
4.27248
2.53948
3.65447
3.94685
6.27094
13.5174
2.48829
3.92003
12.6911
3.89885
7.67243
1.97498
5.63695
4.35783
1
0.584963
7.44431
2.58285
3.70536
2.53948
3.65447
3.94685
6.27094
13.5174
2.48829
3.92003
1.93179
3.37641
4.30375
3.63318
2.52866
5.00702
2.69751
7.78413
3.27591
2.88772
5.96481
2.88392
2.19324
3.8444
5.96481
10.5674
4.46307
6.88264
1.57371
3.37259
7.90494
6.08443
3.1375
10.0968
2.96505
2.85383
4.40833
1.81848
5.27605
1.64973
10.2045
3.96083
3.23491
5.42516
3.24317
1.2313
3.87414
3.57171
2.22595
1.94585
14.2186
7.30378
7.40088
6.78398
3.79807
4.93641
3.24317
3.45329
2.15807
0.760811
5.4752
1.88856
2.60989
1.99506
7.31575
3.25686
7.62485
2.49683
5.79604
4.015
3.64036
5.93753
1.41135
3.58822
3.31912
1
0.584963
3.37641
4.30375
3.63318
2.52866
5.60208
1.71051
7.67109
2.34679
9.65866
6.32193
4.21108
4.03685
4.29189
5.6515
3.39839
1.32939
5.22887
3.24317
1.2313
3.87414
3.57171
2.22595
1.94585
8.5182
3.56883
1
3.8444
5.96481
3.8298
4.8273
1
2.00539
4.47621
4.17535
4.47608
3.66985
2.19324
3.8444
5.96481
3.8298
2.14207
9.46596
3.19046
5.465
4.60244
1.56986
5.32602
3.41181
3.24317
1.2313
3.87414
5.10137
2.75685
2.97894
5.35655
4.47608
7.45121
2.33504
2.70266
3.54504
2.26139
1.40305
9.20212
0.683581
14.1927
8
8
8
8
7.30378
8
8
8
8
7.50779
8
8
8
7.30378
8
8
8
6.30378
6.30378
6.30378
7.30378
8
8
8
8
8
8
8
7.30378
8
8
8
7.30378
8
8
8
5.72792
7.31288
8
8
8
7.30378
8
8
8
8
8
8
8
8
8
8
8
13.9035
8
8
8
8
8
6.30378
7.30378
8
8
8
8
8
8
6.30378
7.31288
8
8
8
7.30378
8
8
8
5.72792
7.31288
8
7.30378
8
8
8
8
8
5.72792
7.31288
8
8
8
8
7.30378
8
8
6.30378
7.30378
8
8
8
8
7.30378
7.31288
8
8
8
8
8
8
8
8
8
7.30378
8
8
8
8
8
7.30378
8
13.9035
8
8
8
8
8
8
8
8
8
8
8
8
8
6.30378
6.30378
7.30378
8
8
8
15.3447
8
8
8
8
7.30378
8
8
8
8
8
8
8
7.30378
8
8
8
8
8
8
8
8
7.54689
8
8
8
8
8
8
8
8
8
8
8
6.30378
7.30378
8
8
8
8
8
8
8
8
8
8
8
8
8
8
8
6.30378
7.30378
8
8
8
8
8
8
7.30378
7.31288
8
8
8
6.30378
7.30378
8
8
8
8
8
7.32193
8
8
8
8
7.50779
8
8
7.30378
8
8
6.30378
6.30378
6.30378
7.30378
8
8
7.30378
8
8
7.31288
8
8
8
8
8
6.30378
7.30378
8
8
8
8
8
8
8
8
7.30378
8
13.9035
8
8
8
8
8
6.30378
7.30378
8
8
8
8
8
8
6.30378
7.31288
8
8
8
8
8
6.30378
7.30378
8
8
7.30378
8
8
7.32193
8
8
8
8
8
8
8
8
8
8
8
7.30378
8
8
8
5.72792
7.31288
8
8
7.61471
8
8
8
8
8
8
8
8
8
8
8
8
8
8
7.30378
8
8
8
8
8
8
8
7.30378
8
13.9035
8
8
7.34873
8
8
8
8
8
6.30378
6.30378
6.30378
7.30378
8
8
8
7.32193
8
8
8
8
8
6.30378
7.30378
8
8
8
8
8
7.30378
8
8
8
8
8
7.30378
8
8
8
8
8
7.30378
7.46761
8
8
7.61471
8
8
8
8
8
7.30378
8
8
8
8
8
8
7.31288
8
8
7.54689
8
8
8
8
8
8
8
7.30378
7.31288
8
8
7.31288
8
8
8
8
8
6.30378
6.30378
7.30378
8
8
8
8
8
5.72792
7.31288
8
8
7.32193
8
8
8
7.30378
8
8
7.35755
8
8
8
8
8
8
8
8
8
7.30378
8
8
8
13.9035
8
8
7.34873
8
8
8
7.30378
8
8
8
8
8
6.30378
6.30378
7.30378
8
8
8
8
7.40088
8
8
8
8
8
6.30378
7.30378
8
8
8
8
8
7.30378
8
8
8
8
8
8
8
8
8
7.30378
8
8
8
7.31288
8
8
8
8
8
8
8
8
8
7.50779
8
8
7.30378
8
8
6.30378
7.30378
8
8
8
8
8
8
8
8
13.9035
8
8
7.30378
8
8
7.61471
8
8
8
8
8
8
7.30378
8
8
8
8
7.30378
8
8
7.30378
6.30378
6.30378
6.30378
7.30378
8
8
7.31288
8
7.30378
7.31288
8
8
7.30378
8
8
8
8
8
8
8
8
7.30378
8
8
8
8
7.32193
8
8
7.30378
8
8
8
8
8
8
6.30378
7.30378
8
8
7.30378
8
8
8
8
8
8
8
7.30378
7.31288
8
8
8
8
8
7.30378
8
8
8
7.30378
8
8
8
8
8
15.3447
8
8
8
8
8
8
8
8
8
7.30378
8
8
8
8
8
7.30378
7.31288
8
8
7.30378
8
8
8
8
8
8
8
8
8
8
8
8
8
8
8
8
7.30378
8
8
8
8
8
7.30378
8
8
7.32193
8
8
8
8
8
6.30378
7.30378
8
8
8
8
14.1927
8
2.79036
3.45329
2.15807
0.760811
3.63341
6.39485
0.760811
3.37641
4.08217
5.14048
1.5817
1.46114
9.67161
2.2284
5.79604
1.71051
7.67109
2.34679
9.65866
6.32193
6.98868
2.57845
5.74514
5.5597
7.21917
3.87699
4.13863
6.88713
2.04066
1.46114
9.67161
6.0045
3.89918
7.62485
2.49683
4.93806
3.24317
1.2313
2.57961
3.47118
2.52866
1
6.39485
0.760811
3.37641
4.08217
3.48177
4.8273
1.37223
3.69429
2.55805
2.90038
4.99669
6.33264
3.32325
4.25953
1.83076
1.96936
5.59091
1.10068
1.8383
9.40995
7.40727
3.8618
4.97573
3.03483
1.07055
3.28356
1
3.46886
3.96872
3.77557
5.13141
2.65795
2.26591
6.36795
0.0757709
5.69546
6.78398
3.79807
4.93641
3.21933
7.42622
6.58914
10.7525
1.72016
7.62485
2.49683
4.88915
1.38315
5.563
3.22428
1.67432
1.57498
3.47118
4.15697
1.51121
3.05527
5.97728
1
4.97389
3.24773
5.0408
1.93179
3.37641
4.30375
3.63318
2.52866
5.60208
3.17646
3.36745
6.4164
3.25298
4.094
0.67603
1.79087
4.93641
3.24317
1.2313
3.87414
5.465
2.28747
2.56484
4.70399
3.95929
3.56883
9.39483
4.70156
10.3611
1.67564
4.13863
6.88713
2.04066
1.46114
9.67161
4.32643
2.61667
2.22986
1.94059
3.71291
2.42226
3.21529
5.98098
4.93641
2.95531
9.78476
2.48829
1
3.70536
2.53948
1.64511
3.21317
6.10384
3.61728
0.67603
1.79087
4.93641
3.24317
1.2313
3.35245
6.36392
1.1193
5.98464
1
3.79807
8.51115
2.57845
5.88264
10.1528
3.16993
2.6239
10.7525
1.72016
7.62485
2.49683
8.79604
2.5886
3.9386
1
5.29972
1.71051
6.38869
1
0.584963
5.42516
3.91964
1
5.32144
1.32519
3.41548
5.35679
2.34906
2.64872
10.9752
2.5886
3.9386
2.6798
3.01805
4.51129
2.20158
1
3.39556
1.2313
2.57961
10.8866
6.76818
3.79518
12.5591
4.91222
3.46489
9.52863
4.29462
1
2.19324
3.8444
5.96481
3.64515
6.11592
2.4692
4.47406
3.49215
2.53948
3.65447
3.94685
6.27094
13.5174
2.48829
3.92003
1.93179
3.37641
4.63474
4.47406
5.41925
3.17646
1
2.78184
3.7036
1
1.8526
5.14653
3.41435
9.79329
1.38683
5.98464
1
3.79807
4.93641
3.24317
4.91202
4.44741
5.63768
9.11829
1.72016
7.62485
2.49683
8.79604
2.5886
3.9386
1
3.69485
2.42226
3.21529
5.98098
5.72137
4.91491
1.96271
4.03859
7.94862
3.57328
8.1795
12.1528
7.47573
4.56682
5.24929
1.86083
1
4.17535
8.91519
1.69188
5.98464
6.78398
3.79807
3.78185
2.22595
1.94585
2.88772
2.51369
7.62485
1
4.21108
4.08217
3.48177
4.14897
2.89351
1.68314
11.0447
4.29462
3.80244
7.06792
2.43063
1.35291
5.58376
10.6789
6.17243
3.98868
5.44191
3.17437
3.37678
3.71621
3.48158
1.99506
8.71264
5.2755
3.17239
4.17535
4.47608
7.45121
2.33504
2.70266
3.54504
2.26139
1.40305
2.78184
3.8531
6.39485
0.760811
5.98553
3.89074
3.74371
5.86986
11.5901
3.37548
0.838677
14.1927
8
8
8
7.34873
8
8
8
7.30378
8
8
8
8
7.30378
8
8
8
8
8
8
7.30378
8
8
8
8
7.30378
8
8
7.30378
6.30378
6.30378
6.30378
7.30378
8
8
7.31288
8
7.30378
7.31288
8
8
8
8
8
6.30378
7.30378
8
8
8
8
8
7.30378
8
8
8
8
8
8
8
8
7.30378
8
8
7.30378
8
8
8
5.72792
7.31288
8
8
8
8
8
8
8
8
8
6.30378
6.30378
6.30378
7.30378
8
8
8
8
8
8
8
8
7.32193
8
8
8
8
7.30378
7.30378
8
8
8
8
8
7.30378
8
8
8
8
8
8
7.30378
8
8
8
8
8
8
8
8
8
8
6.30378
7.30378
8
8
8
8
8
8
8
8
8
8
7.31288
8
8
8
8
8
8
8
8
8
6.30378
6.30378
6.30378
6.30378
7.30378
8
13.9035
8
8
8
8
8
8
8
7.30378
8
8
8
8
8
8
8
8
7.32193
8
8
8
8
8
7.30378
8
8
8
8
7.30378
8
8
8
8
7.30378
7.31288
8
8
8
8
8
6.30378
7.30378
8
8
8
7.31288
8
8
8
8
8
8
8
8
8
8
8
7.30378
8
8
7.32193
8
8
8
8
8
8
8
8
7.40088
8
8
8
8
8
8
8
6.30378
7.30378
8
8
8
7.32193
8
8
8
8
7.30378
8
8
8
7.30378
8
8
8
7.30378
8
8
8
8
8
6.30378
7.30378
8
8
8
7.32193
8
8
8
8
8
8
7.31288
8
8
8
8
8
7.30378
8
8
8
8
8
8
7.32193
8
8
7.30378
8
8
8
8
8
8
8
8
6.30378
6.30378
6.30378
7.30378
8
8
8
8
8
8
8
8
7.31288
8
8
8
8
8
8
8
7.30378
8
8
8
8
8
8
7.32193
8
8
8
8
8
8
8
8
8
6.30378
6.30378
6.30378
7.30378
8
8
8
8
8
8
8
8
8
8
7.50779
8
8
8
8
8
8
7.35755
8
8
8
8
8
8
8
8
8
8
8
6.30378
7.30378
7.30378
8
15.3447
8
8
8
8
8
8
7.30378
8
8
8
8
8
8
8
7.30378
7.46761
8
8
7.30378
8
8
6.30378
6.30378
6.30378
7.30378
8
8
8
8
8
8
8
8
13.9035
8
8
7.30378
8
8
8
8
8
8
8
6.30378
6.30378
7.30378
8
8
8
8
8
8
8
15.3447
8
8
7.61471
8
8
8
7.30378
8
8
8
8
8
8
7.32193
8
8
8
7.30378
8
8
8
5.72792
7.31288
8
8
8
8
8
6.30378
7.30378
8
8
7.30378
7.31288
8
8
8
8
8
6.30378
7.30378
8
8
8
8
8
7.30378
8
7.30378
8
8
8
8
8
5.72792
7.31288
8
8
8
8
8
8
8
8
8
8
8
7.30378
8
