169
8
8
8
7.40939
4.46761
5.87447
5.98868
5.42626
7.45943
5.9386
3.12928
6.61471
3.25154
5.24031
2.82655
5.05889
3.32193
5.24031
3.53605
5.55459
4.89885
6.44294
1
7.83289
0.870892
1.63489
1.78676
8.30834
7.46761
8
8
7.45943
3.9386
3.14886
4.99247
6.24793
6.71425
8.00562
2.88897
4.60733
3.91966
5.93074
3.71425
7.52356
6.40939
7.45943
4.18442
7.48382
4.72403
5.86625
4.67646
13.1401
6.00562
4.85798
5.63904
6.00562
6.08037
7.41785
2.88349
4.45213
2.8594
4.66534
3.12928
5.29278
6.85798
6.40939
5.1375
6.61471
5.64386
7.42626
4.72403
5.86625
4.67646
15.9474
7.46761
3.93411
6.50779
7.57743
8
7.45943
5.9386
3.71425
5.9386
3.12928
3.80735
2.75845
4.45943
1
6.05166
4.67646
13.1401
5.6837
5.16993
6.43463
2.88349
4.45213
5.98868
5.42626
5.1375
7.61471
4.67646
7.45121
4.46761
6.45943
3.32193
5.24031
2.90378
5.05166
7.66534
2.85549
10.8244
8.00562
8
8
7.45943
3.9386
3.14886
4.99247
3.30933
6.57743
6.08746
15.6255
5.6837
5.16993
6.43463
2.88349
4.45213
5.98868
5.42626
5.1375
7.61471
4.67646
7.45121
4.46761
6.45943
3.32193
5.24031
2.90378
5.05166
6.66534
9.04439
7.00562
4.46761
7.45943
3.25154
4.97728
6.85798
6.40939
7.45943
3.9386
4.67243
5.87447
3.71425
7.52356
4.20945
4.15381
8.00562
3.32193
6.56224
2.82655
6.05889
4.46761
6.45943
6.82655
6.40939
5.1375
6.61471
4.18442
7.48382
8
3.89947
10.8244
8.00562
8
8
7.45943
3.9386
3.14886
4.99247
6.24793
6.71425
5.6837
4.49185
6.45943
3.30933
5.2555
3.12928
6.61471
3.25154
5.24031
6.82655
6.40939
5.1375
7.61471
4.46761
6.45943
3.90689
5.92283
5.94642
7.41785
4.20945
4.15381
8.00562
3.32193
6.56224
2.82655
6.05889
4.46761
6.45943
6.82655
6.40939
5.1375
6.61471
4.18442
5.89885
4.20945
4.15381
5.6837
4.49185
7.45943
6.82655
6.40939
7.45943
7.52356
2.88349
5.30012
2.82655
6.05889
6.46761
6.87036
5.19827
4.46761
5.1375
2.82655
4.8365
3.25154
4.97728
6.85798
6.40939
5.1375
3.80735
2.75845
4.45943
1
6.63662
5.96193
8.15482
6.42066
6.42626
7.41785
3.30933
5.2555
3.71425
3.9386
3.14886
4.99247
6.83289
6.40939
5.1375
7.61471
7.54689
1.52782
10.8244
7.00562
5.42626
6.42626
3.32193
5.97728
2.7885
7.65105
4.20945
7.47573
4.46761
5.87447
5.98868
5.42626
1
9.45018
8.00562
3.96193
5.90689
5.98868
5.42626
7.45943
5.9386
3.12928
6.61471
3.25154
5.24031
2.82655
5.05889
3.32193
5.24031
3.53605
5.55459
5.48382
7.42626
6.57743
6.57743
8.00562
3.32193
4.39232
1
5.67243
5.48382
6.42626
4.72403
7.45121
2.88897
4.60733
5.98868
5.42626
7.45943
7.52356
8
8
6.08746
8.4757
0.238986
10.8719
8
3.71621
5.92283
3.25154
4.97728
6.85798
6.40939
5.1375
5.61471
3.32193
6.56224
3.32193
4.39232
2.8594
4.66534
4.20945
4.15381
8.00562
3.32193
6.56224
2.82655
6.05889
4.46761
6.45943
6.82655
6.40939
5.1375
6.61471
4.18442
5.89885
7.53138
8
2.46253
0.410838
14.1399
5.46761
3.14886
5.57743
2.81876
6.67243
6.66534
9.04439
6.00562
2.75845
4.30743
2.81876
6.67243
6.66534
9.04439
8.00562
7.64386
8.08215
7.46761
8
8
7.45943
3.9386
3.14886
4.99247
6.24793
6.71425
8.00562
5.64386
7.42626
2.88349
5.30012
6.82655
6.40939
5.1375
7.61471
5.22497
6.43463
4.20945
4.15381
8.00562
3.90689
7.50779
7.57743
8
5.1375
7.61471
5.84967
6.41785
3.32193
5.97728
6.24793
6.71425
8.00562
4.20945
5.15381
3.30933
6.57743
3.14886
4.99247
6.83289
6.40939
5.1375
6.61471
2.88897
4.60733
3.53605
6.55459
4.67243
5.87447
1
13.3661
6.00562
4.85798
5.63904
8.00562
3.91966
5.93074
3.71425
3.9386
4.67243
5.87447
1
13.3661
5.6837
3.71621
5.92283
3.25154
4.97728
2.90378
5.05166
3.90689
4.92283
6.53138
6.40939
7.45943
1.77097
10.8244
6.42066
6.42626
7.41785
3.30933
7.57743
5.45121
6.42626
2.82655
5.32193
5.22497
5.84967
7.57743
8
7.45943
9.45018
6.00562
6.85798
6.40939
5.1375
7.61471
3.96193
7.49185
2.82655
5.05889
3.32193
6.56224
3.32193
5.97728
6.24793
6.71425
5.6837
3.71621
5.92283
3.25154
4.97728
2.90378
5.05166
3.90689
4.92283
6.53138
6.40939
7.45943
8
7.41785
6.42066
6.42626
7.41785
3.30933
6.57743
3.14886
4.99247
2.7885
5.32912
5.22497
5.84967
7.57743
8
7.45943
10.4502
7.46761
6.45121
7.40939
3.14886
4.99247
6.24793
6.71425
5.6837
3.71621
5.92283
3.25154
4.97728
2.90378
5.05166
3.90689
4.92283
6.53138
6.40939
7.45943
10.4502
0.870892
1.63489
1.78676
7.30834
6.00562
6.08037
7.41785
3.93411
6.50779
7.57743
8
5.1375
7.61471
4.20945
7.47573
4.18442
7.48382
4.72403
7.45121
5.01919
12.6436
6.00562
4.85798
5.63904
8.00562
6.43463
7.40939
6.40939
7.45943
4.18442
7.48382
4.67243
7.45943
4.72403
7.45121
5.24159
0.497212
13.1399
6.00562
2.75845
4.30743
2.81876
6.67243
6.66534
10.0444
5.88264
3.12928
6.02975
6.83289
6.40939
5.1375
6.61471
3.25154
7.56224
3.90689
6.50779
4.89885
6.44294
7.82655
7.40939
7.53916
5.19827
7.46761
7.74819
7.46761
8
8
7.45943
3.9386
3.14886
4.99247
3.30933
6.57743
6.08746
15.6255
5.6837
5.16993
6.43463
2.88349
4.45213
5.98868
5.42626
5.1375
7.61471
4.67646
7.45121
4.46761
6.45943
3.32193
5.24031
2.90378
5.05166
6.66534
10.0444
7.46761
3.93411
6.50779
7.57743
8
7.45943
5.9386
3.71425
5.9386
3.12928
3.80735
2.75845
4.45943
1
4.82927
5.01919
12.6436
7.00562
4.18442
7.48382
8
8
5.1375
7.61471
4.46761
5.87447
4.85798
7.224
7.46761
2.88349
4.45213
5.98868
5.42626
5.1375
7.61471
7.46761
8
4.4075
7.46761
8
8
4.67243
5.87447
3.71425
7.52356
4.20945
7.47573
5.88264
3.12928
6.02975
6.83289
6.40939
5.1375
6.61471
3.25154
7.56224
3.90689
6.50779
5.48382
7.42626
6.57743
6.57743
6.00562
4.85798
5.63904
8.00562
2.88897
4.60733
3.91966
5.93074
3.12928
5.61471
3.32193
6.56224
6.82655
6.40939
7.45943
9.45018
6.00562
4.85798
5.63904
5.6837
5.16993
6.43463
2.88349
5.62205
2.7885
4.32912
2.88897
5.2854
2.7885
7.65105
5.84967
7.41785
5.98868
5.42626
7.45943
7.52356
8
8
6.08746
15.6255
7.00562
4.46761
7.45943
6.83289
6.40939
5.1375
6.61471
3.25154
6.56224
4.72403
5.86625
4.4075
7.46761
8
10.6008
8.00562
4.67646
5.45121
6.85798
6.40939
5.1375
7.61471
5.22497
5.84967
7.57743
6.65105
14.0195
8
7.45943
5.13516
5.74416
7.47573
6.29155
5.65535
5.76155
6.16323
6.63662
4.04775
8.39232
4.89077
5.26053
8.224
3.64
7.39232
4.58496
6.46761
5.40599
6.70736
5.86625
7.82655
5.73954
4.0607
5.1565
6.26053
4.56333
6.14296
7.58496
6.56224
7.62936
6.77479
6.5157
6.48382
6.61471
6.90087
6.4865
5.22497
5.6865
6.16993
6.71425
4.22239
3.81277
7.99435
4.64386
5.39917
5.40599
6.97728
6.07325
6.82655
7.62205
5.90689
11.3098
4.65431
6.58496
6.14975
5.26053
7.224
6.99624
7.67948
5.85175
6.87652
7.53138
6.5157
5.70598
5.05683
5.45286
4.96963
4.2362
6.40939
5.25873
4.39803
5.25873
4.63097
5.05166
8.224
4.78374
4.70044
5.52356
6.94837
3.64
8.39232
5.74147
6.53916
6.52356
7.45943
5.45943
11.3098
4.65431
6.58496
6.14975
5.26053
7.224
4.89077
5.26053
8.224
4.65431
5.58496
5.69349
7.2384
5.25873
4.39803
5.25873
5.47897
7.90087
5.74147
6.53916
6.52356
5.87447
6.63662
4.56333
7.72792
7.59991
4.70044
5.26053
4.19827
7.2384
3.92125
6.77479
5.6837
6
5.54226
7.90087
4.25873
6.29155
4.80735
6.69349
5.24031
11.3098
5.16189
6.6865
5.66534
6.74147
5.6865
4.96743
4.62936
6.1565
4.70659
8.224
4.65431
5.58496
7.69349
4.73954
7.82655
3.77385
4.73697
4.26946
4.70736
7.90087
7.0607
4.94084
7.90087
4.65431
5.58496
5.69349
8.2384
8.60115
7.43463
6.13614
5.25334
4.98489
7.90689
6.5157
7.57743
7.2384
5.74147
6.53916
6.52356
7.45943
7.41785
0.879554
12.1399
4.56333
5.72792
6.04439
7.90689
5.24031
6.10154
5.8009
8.2384
3.97323
4.13841
7.99435
4.65431
6.58496
6.14975
5.26053
8.224
4.52878
4.96743
4.62936
5.41954
8.2384
8.07146
6.49985
4.45213
8.30834
7.42626
5.87447
3.76671
4.25334
8.2384
3.64386
5.22882
3.97863
8.224
4.11374
2.90087
8.3837
3.77385
5.33985
6.05166
5.85798
6.63662
5.73954
4.0607
5.1565
7.84549
8.07146
6
5.54226
7.90087
4.74147
6.13614
5.25334
4.98489
7.90689
6.5157
6.57743
6.87652
4.62205
13.6317
5.41954
7.46761
7.42626
7.82655
5.51907
4.90689
6.42066
6.04439
6.61471
6.84549
4.99354
6.85175
5.86625
7.82655
4.74147
6.13614
5.25334
4.98489
7.90689
6.5157
6.57743
7.87652
8
7.41785
4.56333
5.72792
6.04439
7.90689
5.24031
6.10154
5.8009
7.2384
4.74147
6.13614
5.25334
4.98489
7.90689
6.5157
6.57743
4.70659
8.224
4.54689
5.7866
4.19827
8.2384
3.90154
6.29155
5.06609
4.99354
5.1565
7.84549
5.73954
4.0607
5.1565
7.84549
6.07325
5.47573
4.15131
5.38543
5.74147
6.53138
4.45943
15.1399
4.77761
6.48382
5.36457
5.47897
7.90087
3.54253
7.97728
6.50779
7.57743
7.2384
4.65431
5.58496
5.69349
7.2384
5.48382
7.53916
7.8009
8
7.53916
5.90689
4.2362
7.99435
4.65431
6.58496
6.14975
5.26053
8.224
4.64386
5.39917
5.40599
6.97728
6.07325
6.82655
3.53459
7.82655
6.4865
5.22497
5.6865
6.16993
6.71425
4.22239
7.0607
5.54689
8.224
4.54689
5.7866
4.19827
8.2384
3.64386
5.00643
6.10154
7.61471
7.43463
7.82655
8.54689
5.94642
6.09452
4.65105
5.62936
7.90087
4.65431
5.58496
5.69349
7.2384
5.48382
7.53916
6.21594
6.40939
5.73954
4.0607
5.1565
6.84549
5.31389
7.54689
5.16993
4.10553
3.45036
3.848
7.87036
5.73954
4.0607
5.1565
6.84549
4.23589
5.47897
5.52356
8.2384
4.73697
3.83094
4.56986
6.77479
4.65431
5.58496
5.69349
7.2384
4.36565
5.1565
6.35168
3.848
7.87036
5.41954
5.22497
5.30834
4.37156
3.46566
6.72338
4.66025
14.0195
8
7.40939
8
8
7.45943
3.9386
3.14886
5.57743
4.98868
5.51096
8.00562
3.32193
6.56224
2.82655
6.05889
4.46761
6.45943
6.82655
6.40939
5.1375
6.61471
4.18442
5.89885
4.20945
4.15381
6.42066
6.83289
6.40939
7.45943
7.52356
5.45121
6.42626
2.82655
5.05889
3.90689
6.50779
6.49985
13.3661
8.00562
2.88897
4.60733
3.91966
5.93074
3.71425
7.52356
6.40939
7.45943
3.25154
4.24031
2.8594
4.66534
7.53138
8
10.8244
4.30518
4.35364
5.48382
5.98868
5.42626
5.1375
7.61471
5.84967
7.41785
7.46761
8
4.72403
5.86625
4.67646
13.1401
7.00562
4.46761
6.45943
2.82655
5.05889
3.90689
6.50779
6.49985
13.3661
8.00562
3.91966
5.93074
3.71425
3.9386
4.67243
5.87447
1
13.3661
6.42066
3.30933
5.2555
3.12928
6.02975
6.83289
6.40939
5.1375
6.61471
3.71621
5.92283
2.7885
5.32912
5.01919
12.6436
8.00562
4.67646
6.45121
2.81876
4.67243
3.90689
5.92283
7.53138
8
7.45943
3.9386
3.14886
4.4075
2.90378
4.82927
7.82655
1.82873
10.8244
7.00562
5.83289
7.41785
2.81876
5.67243
5.16993
6.43463
2.88349
5.62205
2.90378
6.63662
3.96193
7.49185
6.82655
6.40939
7.45943
7.52356
6.74147
2.57075
13.1399
8.00562
2.88897
5.2854
6.24793
6.71425
8.00562
5.64386
7.42626
3.14886
4.99247
6.83289
6.40939
7.45943
7.52356
2.88349
6.03709
3.32193
5.24031
2.90378
5.05166
6.66534
9.04439
5.6837
5.16993
6.43463
2.88349
5.62205
2.7885
4.32912
2.88897
5.2854
6.83289
6.40939
5.1375
7.61471
7.46761
8
5.94642
7.41785
4.67243
5.87447
3.71425
7.52356
4.20945
7.47573
7.46761
2.88349
4.45213
5.98868
5.42626
5.1375
7.61471
4.67646
7.45121
3.90689
4.92283
4.72403
7.45121
5.01919
12.6436
6.00562
6.85798
6.40939
5.1375
7.61471
4.72403
5.86625
3.93411
5.92283
5.94642
7.52356
8.00562
3.32193
4.39232
4.98868
7.83289
5.88264
3.12928
6.61471
2.88897
4.60733
6.82655
6.40939
5.1375
7.61471
5.84967
6.41785
2.82655
5.32193
5.96193
8.15482
8.00562
2.88897
5.2854
6.83289
6.40939
5.1375
7.61471
4.67646
7.45121
7.46761
8
4.4075
7.46761
6.41785
7.40939
7.82655
1.82873
10.8244
4.30518
4.35364
5.48382
5.98868
5.42626
5.1375
7.61471
5.84967
7.41785
7.46761
8
4.72403
5.86625
4.67646
13.1401
8.00562
3.96193
6.49185
6.83289
6.40939
5.1375
7.61471
5.84967
6.41785
3.91966
4.93074
6.08746
15.6255
5.6837
5.16993
6.43463
2.88349
5.62205
2.90378
5.05166
3.90689
5.92283
7.53138
8
7.45943
3.9386
4.67243
5.87447
1
13.3661
8.00562
7.64386
8.08215
8.00562
3.32193
5.24031
3.53605
7.55459
7.41785
15.0668
6.46761
4.4075
7.46761
5.45121
6.42626
5.98868
5.42626
7.45943
5.9386
3.71425
3.9386
3.14886
4.4075
2.90378
4.82927
7.82655
1.82873
10.8244
5.19827
7.46761
7.74819
5.88264
3.71425
7.52356
2.88349
5.30012
6.82655
6.40939
5.1375
7.61471
7.46761
8
6.57743
6.57743
8.00562
3.90689
7.50779
7.57743
8
5.1375
7.61471
5.84967
6.41785
3.32193
5.97728
6.24793
6.71425
5.6837
4.49185
6.45943
2.7885
5.65105
5.89885
6.41785
3.14886
4.4075
6.85798
6.40939
7.45943
9.45018
8.00562
7.64386
8.08215
8.00562
4.20945
5.15381
6.83289
6.40939
7.45943
5.9386
3.71425
3.9386
3.14886
4.4075
4.85798
5.63904
6.00562
6.66534
10.0444
5.46761
4.67243
7.45943
7.40939
8
6.40939
7.40939
5.01919
12.6436
6.00562
4.85798
5.63904
5.6837
4.49185
6.45943
2.7885
5.32912
6.82655
6.40939
7.45943
5.9386
3.71425
3.9386
4.67243
5.87447
1
14.3661
6.46761
6.57743
6.57743
8.00562
3.32193
6.56224
3.91966
7.5157
7.40939
8.37069
5.6837
3.71621
5.92283
3.25154
4.97728
2.90378
5.05166
7.71425
8
7.45943
6.52356
7.53138
7.40939
10.8244
5.19827
7.46761
7.74819
7.46761
5.45121
6.42626
3.91966
4.93074
3.14886
5.99247
2.88897
4.60733
6.82655
6.40939
7.45943
7.52356
2.88349
5.62205
7.53138
7.61471
8.00562
3.96193
6.49185
6.83289
6.40939
5.1375
7.61471
5.84967
6.41785
3.32193
5.97728
6.24793
6.71425
6.00562
2.75845
4.30743
2.8594
5.08037
3.14886
5.57743
5.98868
5.42626
7.45943
3.9386
4.67243
5.87447
5.49985
6.42626
3.71425
7.52356
4.20945
4.15381
8.00562
3.32193
4.39232
4.98868
7.83289
5.88264
3.12928
6.61471
5.98868
5.42626
5.1375
5.61471
3.32193
7.56224
2.75845
4.30743
2.8594
6.66534
7.41785
1.51681
10.8244
6.42066
6.43463
7.44294
8.00562
7.64386
8.08215
8.00562
2.88897
5.2854
3.30933
5.2555
3.12928
3.80735
6.08037
7.41785
2.88349
5.30012
3.91966
5.93074
3.12928
6.61471
6.82655
6.40939
5.1375
5.61471
3.90689
6.50779
5.17792
6.43463
5.01919
13.9656
5.88264
3.12928
7.61471
5.84967
7.41785
2.90378
6.63662
4.20945
5.15381
5.98868
5.42626
7.45943
7.52356
8
8
6.08746
15.6255
5.88264
3.12928
6.02975
2.7885
5.32912
3.25154
6.56224
6.83289
6.40939
5.1375
7.61471
3.96193
7.49185
2.82655
5.05889
3.32193
6.56224
3.32193
5.97728
2.7885
5.32912
5.01919
13.9656
7.46761
6.45121
6.40939
7.57743
8
7.45943
7.52356
5.45121
6.42626
2.82655
4.8365
3.25154
6.56224
7.83289
4.02438
13.1399
6.00562
2.75845
4.62936
3.30933
6.57743
3.14886
4.99247
6.83289
6.40939
7.45943
7.52356
2.88349
5.62205
2.7885
5.32912
5.01919
13.9656
5.88264
3.12928
5.29278
2.90378
6.63662
3.96193
7.49185
2.88897
5.2854
2.7885
5.32912
3.25154
4.97728
2.90378
6.63662
4.67646
5.45121
6.85798
6.40939
7.45943
7.52356
3.93411
6.50779
4.118
7.48382
3.91966
4.93074
6.08746
15.6255
8.00562
4.67646
5.45121
6.85798
6.40939
5.1375
7.61471
5.22497
5.84967
7.57743
6.65105
14.0195
8
7.61471
6.58496
6.14975
5.26053
7.224
4.89077
5.26053
8.224
3.64
8.39232
5.58496
4.45213
8.30834
5.8413
7.82655
3.64386
5.00643
6.10154
7.61471
7.43463
7.82655
5.74147
6.53916
6.52356
7.45943
5.45943
10.6317
8.07146
6.49985
4.45213
8.30834
7.42626
7.42626
6.82655
3.53459
6.82655
4.65431
5.58496
4.23406
5.13841
4.19827
8.2384
4.89077
5.26053
8.224
3.64
6.39232
5.31389
6.54689
6.60733
6.04439
6.02975
5
4.37638
6.90087
6.54689
5.22239
5.9386
7.77479
5.62205
6.66534
6.16323
5.90689
5.90689
12.6317
4.78374
4.70044
5.52356
7.94837
6.4865
7.50779
7.43463
6.23522
6.58496
6.57743
6.29155
2.57075
11.8179
5.90689
4.2362
7.99435
5.30639
7.63662
7.62936
7.87652
5.90689
6.82655
3.53459
7.82655
4.18488
7.65105
5.93074
5.98489
5
5.13841
5.42066
4.80735
4.37156
7.90087
4.33628
5.70736
5.82018
1
0.584963
8.224
4.54689
5.7866
4.19827
8.2384
5.10329
5.69349
6.26679
5.18587
7.84549
3.97323
4.13841
7.99435
4.65431
5.58496
5.69349
8.2384
5.90689
5.20163
5.60733
4.07039
6.40939
4.96193
5.1224
7.63662
6.46761
10.6317
8.07146
6.49985
4.45213
8.30834
7.42626
5.87447
3.76671
4.25334
7.2384
3.77385
5.58496
3.81277
7.99435
4.79181
7.7879
6.5157
7.57743
7.2384
4.74147
5.7211
4.9386
4.37156
7.90087
3.97323
4.13841
7.99435
4.65431
5.58496
6.69349
7.65821
4.24031
9.54428
5.90689
4.2362
7.99435
5.74147
7.53916
7.56986
7.55459
4.60126
7.87652
5.90689
6.82655
3.53459
7.82655
5.33628
5.1375
6.06609
7.67948
3.64386
6.81378
5.53916
6.03709
7.2384
4.11374
2.90087
8.3837
4.20645
7.66534
7.84549
4.71425
4.94084
7.90087
5.33628
5.1375
4.48113
5.73471
7.94837
4.48971
6.03709
5.96963
5.58496
4.23406
8.30834
7.41785
7.41785
8.30834
7.45121
7.42626
7.98299
5.86625
6.53138
5.73954
4.0607
5.1565
7.84549
8.07146
6
5.54226
7.90087
4.74147
6.13614
5.25334
4.98489
7.90689
6.5157
6.57743
4.70659
8.224
4.96193
5.54226
6.90087
5.10329
4.23406
3.06041
6.3634
1
3.48997
5.17564
4.22239
6.09452
4.44478
9.54428
5.90689
4.2362
7.99435
4.65431
7.58496
6.46761
6.73471
7.64386
5.90689
6.82655
3.53459
7.82655
5.33628
5.1375
6.06609
7.67948
3.77385
5.58496
3.81277
7.99435
5.65821
4.24031
7.3837
6.89885
7.47573
6.87652
7.56986
7.48382
8
5.91289
6.07325
6.65105
3.45036
5.75489
5.15381
9.54428
5.90689
4.2362
5.40939
5.48382
7.53916
4.99354
4.1565
6.82655
3.53459
7.82655
3.64
6.39232
3.96025
1
4.16993
8.02791
5.86625
7.53138
6.4865
6.59991
5.98489
7.64386
7.59991
7.41785
6.82655
6.16189
7.45943
7.41785
7.50779
5.67948
5.40599
6.97728
6.45121
5.86625
3.45036
3.848
7.87036
5.41954
5.22497
5.30834
4.37156
3.46566
3.06041
7.94837
4.89077
5.26053
7.224
5.78572
5.9542
5.41278
7.57743
6.69349
4.10281
14.0195
8
7.40939
7.46761
7.74819
7.46761
8
8
7.45943
3.9386
3.14886
4.99247
6.24793
6.71425
8.00562
2.88897
5.2854
3.30933
5.2555
3.12928
3.80735
6.08037
7.41785
2.88349
5.30012
3.91966
5.93074
3.12928
6.61471
6.82655
6.40939
5.1375
5.61471
3.90689
6.50779
5.17792
6.43463
5.01919
12.6436
8.00562
3.90689
7.50779
7.57743
8
5.1375
7.61471
5.84967
6.41785
3.32193
5.97728
6.24793
6.71425
5.6837
5.16993
6.43463
2.88349
5.62205
3.30933
5.2555
3.12928
5.29278
6.85798
6.40939
7.45943
3.9386
4.67243
5.87447
1
13.3661
5.6837
5.16993
6.43463
2.88349
5.62205
3.30933
6.57743
6.40939
7.40939
6.82655
6.40939
5.1375
5.61471
3.32193
5.24031
3.53605
5.55459
4.20945
7.47573
6.46761
6.57743
6.57743
8.00562
5.64386
5.8413
3.12928
6.61471
3.91966
7.5157
7.41785
15.0668
5.88264
3.12928
6.61471
2.88897
5.2854
2.7885
7.65105
6.85798
6.40939
7.45943
7.52356
7.41785
15.0668
5.6837
3.71621
5.92283
3.25154
4.97728
6.85798
6.40939
5.1375
7.61471
4.67646
7.45121
2.75845
4.45943
3.53605
7.55459
7.41785
15.0668
6.00562
4.85798
5.63904
7.00562
7.46761
8
3.93411
6.50779
4.118
7.48382
4.67646
7.45121
6.82655
6.40939
5.1375
7.61471
7.48382
1.30943
10.8244
6.42066
6.42626
7.41785
3.30933
7.57743
8
8
7.45943
3.9386
3.14886
4.99247
2.7885
5.32912
5.22497
5.84967
6.57743
7.57743
7.46761
3.93411
6.50779
7.57743
8
7.45943
5.9386
3.71425
5.9386
3.12928
3.80735
2.75845
4.45943
1
4.82927
5.01919
12.6436
7.00562
4.18442
7.48382
8
8
5.1375
7.61471
4.46761
5.87447
4.85798
5.63904
8.00562
4.67646
7.45121
2.88897
5.2854
2.7885
5.32912
3.90689
5.92283
7.53138
8
7.45943
3.9386
6.08746
15.6255
7.00562
7.46761
8
3.93411
6.50779
4.118
7.48382
7.53138
7.61471
7.00562
7.46761
8
3.93411
6.50779
7.57743
8
5.1375
7.61471
4.72403
5.86625
6.57743
6.57743
5.6837
4.49185
6.45943
6.24793
8.29921
5.46761
3.14886
5.57743
2.82655
4.8365
3.25154
5.24031
3.91966
7.5157
5.83289
7.41785
6.83289
6.40939
5.1375
5.61471
3.90689
7.50779
6.57743
6.57743
6.00562
2.90378
5.3147
3.25154
4.97728
4.85798
5.63904
5.6837
4.49185
7.45943
6.85798
6.40939
7.45943
7.52356
7.47573
6.40939
4.4075
6.46761
6.08746
15.6255
5.88264
3.12928
6.02975
2.7885
7.65105
2.7885
6.06609
5.9386
7.41785
6.40939
7.40939
6.82655
6.40939
5.1375
5.61471
3.32193
5.24031
3.53605
5.55459
4.20945
4.15381
6.00562
4.85798
5.63904
5.6837
5.16993
6.43463
2.88349
5.62205
6.83289
6.40939
7.45943
5.9386
3.71425
7.52356
5.94642
7.41785
6.08746
15.6255
5.6837
5.16993
6.43463
2.88349
5.62205
3.30933
6.57743
6.40939
7.40939
6.82655
6.40939
5.1375
5.61471
3.32193
5.24031
3.53605
5.55459
4.20945
4.15381
8.00562
4.67646
6.45121
4.98868
5.51096
8.00562
5.64386
5.8413
3.71425
7.52356
7.40939
8.37069
5.6837
4.49185
7.45943
3.25154
6.56224
3.30933
7.57743
6.41785
7.40939
6.83289
6.40939
5.1375
6.61471
5.24159
0.497212
14.1399
7.46761
6.45121
7.40939
3.14886
4.99247
6.24793
6.71425
6.42066
2.7885
5.32912
3.32193
5.24031
6.85798
6.40939
7.45943
10.4502
5.88264
3.12928
7.61471
4.46761
6.45943
6.82655
6.40939
5.1375
6.61471
3.25154
4.24031
2.81876
4.86507
3.25154
4.97728
7.85798
4.70044
10.8244
7.00562
7.42626
7.46761
6.00562
2.75845
4.62936
2.7885
5.32912
3.32193
6.56224
6.82655
6.40939
7.45943
7.52356
5.45121
7.42626
3.32193
5.97728
7.83289
4.02438
13.1399
8.00562
7.64386
8.08215
7.46761
8
8
7.45943
3.9386
3.14886
4.99247
3.30933
6.57743
6.08746
15.6255
7.00562
4.46761
6.45943
2.82655
5.05889
3.90689
6.50779
6.49985
14.3661
5.46761
3.14886
4.99247
6.83289
6.40939
5.1375
7.61471
5.84967
6.41785
5.01919
12.6436
8.00562
3.90689
7.50779
7.57743
8
5.1375
7.61471
5.84967
6.41785
3.32193
5.97728
6.24793
6.71425
8.00562
3.91966
5.93074
3.71425
3.9386
4.67243
5.87447
1
13.3661
5.6837
3.71621
5.92283
3.25154
4.97728
2.90378
5.05166
3.90689
4.92283
6.53138
6.40939
7.45943
8
