43
6
6
6
6
6
6
6
6
6
6
6
6
6
6
6
6
6
6
6
6
6
6
6
6
2.80735
6
6
6
6
6
6
6
6
6
6
6
6
6
6
6
6
6
6
6
6
6
6
6
6
6
6
6
6
6
6
6
6
6
6
6
6
6
6
6
6
6
6
6
6
6
6
6
6
6
6
6
6
6
6
6
6
6
6
6
6
6
6
6
6
6
6
6
6
6
6
6
6
6
6
6
6
6
6
6
6
6
6
6
6
6
6
6
6
6
6
6
6
6
6
6
6
6
6
6
6
6
6
6
6
6
6
6
6
6
6
6
6
6
6
6
6
6
6
6
6
6
6
6
6
6
6
6
6
6
6
6
6
6
6
6
6
6
6
6
6
6
6
6
6
6
6
6
6
6
6
6
6
6
6
6
6
6
6
6
6
6
6
6
6
6
6
6
6
6
6
6
6
6
6
6
6
6
6
6
6
6
6
6
6
6
6
6
6
6
6
6
6
6
6
6
6
6
6
6
6
6
6
6
6
6
6
6
6
6
6
6
6
6
6
6
6
6
6
6
6
6
6
6
6
6
6
6
6
6
6
6
6
6
6
6
6
6
6
6
6
6
6
6
6
6
6
6
6
6
6
6
6
6
6
6
6
6
6
6
6
6
6
6
6
6
6
6
6
6
6
6
6
6
6
6
6
6
6
6
6
6
6
6
6
6
6
6
6
6
6
6
6
6
6
6
6
6
6
6
6
6
6
6
6
6
6
6
6
6
6
6
6
6
6
6
6
6
6
6
6
6
6
6
6
6
6
6
6
6
6
6
6
6
6
6
6
6
6
6
6
6
6
6
6
6
6
6
6
6
6
6
6
6
6
6
6
6
6
6
6
6
6
6
6
6
6
6
6
6
6
6
6
6
6
6
6
6
6
6
6
6
6
6
6
6
6
6
6
6
6
6
6
6
6
6
6
6
6
6
6
6
6
6
6
6
6
6
6
6
6
6
6
6
6
6
6
6
6
6
6
6
6
6
6
6
6
6
6
6
6
6
6
6
6
6
6
6
6
6
6
6
6
6
6
6
6
6
6
6
6
6
6
6
6
6
6
6
6
6
6
6
6
6
6
6
6
6
6
6
6
6
6
6
6
6
6
6
6
6
6
6
6
6
6
6
6
6
6
6
6
6
6
6
6
6
6
6
6
6
6
6
6
6
6
6
6
2.80735
6
6
6
6
6
6
6
6
6
6
6
6
6
6
6
6
6
6
6
6
6
6
6
6
6
6
6
6
6
6
6
6
6
6
6
6
6
6
6
6
6
6
6
6
6
6
6
6
6
6
6
6
6
6
6
6
6
6
6
6
6
6
6
6
6
6
6
6
6
6
6
6
6
6
6
6
6
6
6
6
6
6
6
6
6
6
6
6
6
6
6
6
6
6
6
6
6
6
6
6
6
6
6
6
6
6
6
6
6
6
6
6
6
6
6
6
6
6
6
6
6
6
6
6
6
6
6
6
6
6
6
6
6
6
6
6
6
6
6
6
6
6
6
6
6
6
6
6
6
6
6
6
6
6
6
6
6
6
6
6
6
6
6
6
6
6
6
6
6
6
6
6
6
6
6
6
6
6
6
6
6
6
6
6
6
6
6
6
6
6
6
6
6
6
6
6
6
6
6
6
6
6
6
6
6
6
6
6
6
6
6
6
6
6
6
6
6
6
6
6
6
6.42626
6
6
5.50779
6.46761
3.14975
6.15987
5.12928
5.24793
3.70044
6.10852
6.18982
7.13955
2.8625
1.64508
2.95523
2.1803
7.13955
3.61471
5.52356
5.88264
5.61471
2.47131
3.74894
1.76058
1.05184
0.869692
3.94342
1
0.584963
7.09803
0.736966
5.42626
5.52356
5.88264
3.02975
5.22882
6.37504
4.96578
3.67243
6.37504
4.22882
6.32193
4.05889
3.08746
3.37587
4.16993
6.55459
4.88264
6.70044
4.44294
2.9542
3.848
3.05889
2.50779
0.599542
4.14839
1.6763
1.64508
4.74664
1
6.24793
3.01792
7.15987
6
3.27302
4.43741
4.1964
2.27563
2.04182
2.12553
4.59826
1.51887
5.04439
3.38014
4.82782
1
4.54019
2.75489
1.62449
2.41954
3.65208
1
3.96963
3.20511
4.68182
6.82018
6
3.9386
2.50779
0.599542
4.14839
1.6763
1.64508
4.35962
2.8625
1.64508
1
0.599542
0.684595
0.714598
4.15571
1.51887
5.04439
3.38014
2.44931
3.95693
3.20511
4.68182
6.82018
6
5
1.67296
4.10154
3.14296
1.62449
2.83458
1
5.54273
2.05889
3.08746
3.26849
2.6386
1.43558
3.95693
3.33703
6.15987
3.22239
4.47573
1.88982
3.6009
3.61599
2.34239
1.9027
3
1
2.9386
2.60204
2.91254
2.21573
3.44708
0.599542
0.684595
4.83007
1.91754
4.91886
2.62059
4.60486
2.41504
2.15528
4.79008
2.152
2.21501
2.72247
0.599542
0.684595
0.714598
6.39232
6
6
4.26679
4.29391
5.97728
6.18982
2.78136
1.80735
3.62846
3.20511
4.68182
6.82018
6
6
6
3.79518
1.67296
4.36457
3.70044
3.60486
3.29278
3.37504
2.77259
4.48829
1.70722
2.38933
2.12433
0.599542
1
1.6763
1
3.44708
6.0954
2.9386
2.60204
1
5.65821
3.06413
1.39486
1.26497
5.05408
5.78136
4.70044
3.71049
3.92057
3.75132
2.07039
7.24793
1.04134
3.44708
1
0.866144
4.91648
2.03562
4.68182
2.8625
3.51096
3
1.76058
1.05184
0.869692
5.8365
2.71621
2.6386
1
6.45943
2.21412
4.26679
4.29391
5.97728
6.18982
2.78136
6.50779
3.71049
1.49304
4.70044
2.56768
5.44294
3
4.3339
4.05063
3.07529
4.92057
3.43741
5.02237
3.87774
3.77259
5.33985
1
4.3339
2.21412
4.26679
4.29391
5.97728
6.18982
2.78136
6.50779
7.16993
6
5.49185
1.67296
4.36457
3.70044
3.60486
3.29278
3.37504
2.77259
4.92125
2.21412
4.26679
4.29391
5.97728
6.18982
2.78136
6.50779
2.21573
2.95523
4.74664
3.85415
1.77372
3.88562
3.15843
2.45317
2.90689
2.32193
0.869692
3.39593
1.76058
1.05184
0.869692
7.64386
3.22239
5.70044
3.5325
5.61471
4.03562
5.33985
4.45943
6.88264
3.61471
3.55459
3.37504
2.44931
3.95693
2.29956
2.24101
1.54057
1.80735
3.26589
0.599542
0.684595
0.714598
3.51525
3.61599
3.43741
6.32193
6
5.49185
2.60733
2.12553
2.12433
0.599542
1
1.6763
1
4.05477
4.16993
6.55459
4.88264
6.70044
4.44294
2.9542
3
5.91886
4.96578
3.67243
6.37504
4.22882
6.32193
4.05889
6.99435
4.78136
2.95523
4.74664
3.85415
1.77372
3.75132
2.07039
4.66297
2.56294
5.88264
6
3.74894
5.86212
3.22239
3.09954
2.6845
1.38187
2.72247
0.599542
0.684595
0.714598
3.51525
3.61599
3.43741
5.32193
3.18322
1.76058
1.05184
0.869692
3.94342
4.05209
6.10852
3.88264
3.35755
1.52057
1
3.12338
1.76058
1.05184
0.869692
3.94342
3.23266
2.94251
3.01282
4.43582
1.2854
4.94251
4
1.90122
0.599542
0.684595
0.714598
4.15571
3.0614
2.10962
2.58496
1.09077
4.93074
2.91561
3.16993
4.006
2.89077
2.34792
4.13654
3.93074
6.42626
6
6
6
6
6
6
6
6
6
6
6
6
6
6
6
6
6
6
6
6
6
6
6
6
6
6
6
6
6
6
6
6
6
6
6
6
6
6
6
6
6
6
6
6
6
6
6
6
6
6
6
6
6
6
6
6
6
6
6
6
6
6
6
6
6
6
6
6
6
6
6
6
6
6
6
6
6
6
6
6
6
6
6
6
6
6
6
6
6
6
6
6
6
6
6
6
6
6
6
6
6
6
6
6
6
6
6
6
6
6
6
6
6
6
6
6
6
6
6
6
6
6
6
6
6
6
6
6
6
6
6
6
6
6
6
6
6
6
6
6
6
6
6
6
6
6
6
6
6
6
6
6
6
6
6
6
6
6
6
6
6
6
6
6
6
6
6
6
6
6
6
6
6
6
6
6
6
6
6
6
6
6
6
6
6
6
6
6
6
6
6
6
6
6
6
6
6
6
6
6
6
6
6
6
6
6
6
6
6
6
6
6
6
6
6
6
6
6
6
6
6
6
6
6
6
6
6
6
6
6
6
6
6
6
6
6
6
6
6
6
6
6
6
6
6
6
6
6
6
6
6
6
6
6
6
6
6
6
6
6
6
6
6
6
6
6
6
6
6
6
6
6
6
6
6
6
6
6
6
6
6
6
6
6
6
6
6
6
6
6
6
6
6
6
6
6
6
6
6
6
6
6
6
6
6
6
6
6
6
6
6
6
6
6
6
6
6
6
6
6
6
6
6
6
6
6
6
6
6
6
6
6
6
6
6
6
6
6
6
6
6
6
6
6
6
6
6
6
6
6
6
6
6
6
6
6
6
6
6
6
6
6
6
6
6
6
6
6
6
6
6
6
6
6
6
6
6
6
6
6
6
6
6
6
6
6
6
6
6
6
6
6
6
6
6
6
6
6
6
6
6
6
6
6
6
6
6
6
6
6
6
6
6
6
6
6
6
6
6
6
6
6
6
6
6
6
6
6
6
6
6
6
6
6
6
6
6
6
6
6
6
6
6
6
6
6
6
6
6
6
6
6
6
6
6
6
6
6
6
6
6
6
6
6
6
6
6
6
6
6
6
6
6
6
6
6
6
6
6
6
6
6
6
6
6
6
6
6
6
6
6
6
6
6
6
6
6
6
6
6
6
6
6
6
6
6
6
6
6
6
6
6
6
6
6
6
6
6
6
6
6
6
6
6
6
6
6
6
6
6
6
6
6
6
6
6
6
6
6
6
6
6
6
6
6
6
6
6
6
6
6
6
6
6
6
6
6
6
6
6
6
6
6
6
6
6
6
6
6
6
6
6
6
6
6
6
6
6
6
6
6
6
6
6
6
6
6
6
6
6
6
6
6
6
6
6
6
6
6
6
6
6
6
6
6
6
6
6
6
6
6
6
6
6
6
6
6
6
6
6
6
6
6
6
6
6
6
6
6
6
6
6
6
6
6
6
6
6
6
6
6
6
6
6
6
6
6
6
6
6
6
6.42626
6
2.53051
4.14839
1.6763
1.64508
4.35962
2.8625
1.64508
2.95523
2.1803
7.13955
3.05063
1.26497
5.05408
2.61143
4.59694
2.07039
4.66297
2.56294
5.88264
6
3.74894
3.20511
1
6.82018
6.39232
3.9386
5.18587
3.06413
1.39486
1.26497
5.05408
5.78136
6
2.9542
3
2.91886
0.599542
0.684595
2.69622
2.34136
1.77372
4.48829
2.8625
1.64508
2.95523
2.1803
3.23266
4.05209
2.40808
4.58496
3.43741
5.02237
4.05889
2.90046
4.37504
5.86212
4.30378
4.67243
6.52356
5.53916
4.1964
5.43741
5.52356
3.05889
5.18587
2.75489
1.62449
2.41954
4.87447
3.20163
5.75489
6
3.68182
3.29768
2.16046
6.15987
1.3744
4.88264
2.60733
2.12553
2.12433
6.77347
5.90689
4.05889
7.16993
6
2.9542
3
6.91886
2.34792
4.62449
4.29768
3.58496
4
2.34136
5.14296
3.22239
1
5.72247
3.47393
5.80735
2.09686
2.91254
2.21573
2.95523
4.74664
3.85415
1.77372
3.75132
1.82753
6.67807
6.33985
1.72437
4.39593
1.70722
2.38933
2.12433
0.599542
0.684595
0.714598
4.43582
5.60733
4.04439
3.77761
1.32193
3.18322
6.44708
3.26679
4.70044
2.12338
5.18587
3.06413
1.39486
1.26497
5.05408
5.78136
4.70044
3.71049
3.92057
4.71961
2.62059
4.60486
3.08746
2.12433
5.63597
5.39232
2.78136
1.80735
4.92125
2.21412
3.94486
2.16227
4.53916
4.87447
1.70722
2.38933
2.12433
0.599542
0.684595
5.83007
5.04439
3
6.50779
2.60733
2.12553
4.18322
3.20511
6.26679
7.71425
6
3.02748
7.16993
6
2.9542
3
5.91886
2.63743
2.53051
5.49185
5.49185
2.07039
5.66297
1.90689
3.41181
3.26589
2.70308
0.866144
7.2384
3.05063
4.78136
5.61471
4.73697
2.21501
7.04439
2.63743
2.53051
5.07682
6
4.28951
2.54253
4.54432
2.17754
0.684595
2.69622
8.224
6
6
6.91289
5.49185
6
7.36632
3.72792
4.39232
1.76058
1.05184
0.869692
5.8365
2.71621
2.6386
1
6.45943
2.21412
4.26679
4.29391
5.97728
6.18982
2.78136
6.50779
2.21573
2.95523
3.86212
1.43558
4.04439
1.82753
2.69622
1.70044
4.1375
3.15754
2.16046
3.90689
2.60334
4.66297
1.76553
6.50779
2.60733
2.12553
2.12433
0.599542
9.05528
4
6
6.2854
6
2.9542
3
5.91886
2.63743
2.53051
5.49185
5.49185
2.62059
4.60486
3.08746
5.44626
3.32193
3.80735
3.2384
4.96963
1
2.45943
7.71425
6
6
5.35755
5.44294
3.4021
1.52057
4.35755
3.64386
6.50779
2.60733
2.12553
4.18322
3.61599
3.43741
2.32193
7.65105
2.9542
3
3.74894
2.1803
3.23266
3.01027
3.24286
1.9027
5.02237
3.72792
4.97728
6.52356
5.72792
5.58496
3.9542
6.24793
5.45943
3.59694
8.13955
5.52356
6
4.61471
4.90689
4.88264
6.70044
5.55459
4.45943
1.52057
1.09077
4.93074
2.91561
3.16993
4.006
2.89077
2.34792
1.70044
5.87447
2.8625
1.64508
4.44708
3.15295
5.97728
3
5.75489
4.47573
3.65535
6.42626
6
6
6
6
6
6
6
6
6
6
6
6
6
6
6
6
6
6
6
6
6
6
6
6
6
6
6
6
6
6
6
6
6
6
6
6
6
6
6
6
6
6
6
6
6
6
6
6
6
6
6
6
6
6
6
6
6
6
6
6
6
6
6
6
6
6
6
6
6
6
6
6
6
6
6
6
6
6
6
6
6
6
6
6
6
6
6
6
6
6
6
6
6
6
6
6
6
6
6
6
6
6
6
6
6
6
6
6
6
6
6
6
6
6
6
6
6
6
6
6
6
6
6
6
6
6
6
6
6
6
6
6
6
6
6
6
6
6
6
6
6
6
6
6
6
6
6
6
6
6
6
6
6
6
6
6
6
6
6
6
6
6
6
6
6
6
6
6
6
6
6
6
6
6
6
6
6
6
6
6
6
6
6
6
6
6
6
6
6
6
6
6
6
6
6
6
6
6
6
6
6
6
6
6
6
6
6
6
6
6
6
6
6
6
6
6
6
6
6
6
6
6
6
6
6
6
6
6
6
6
6
6
6
6
6
6
6
6
6
6
6
6
6
6
6
6
6
6
6
6
6
6
6
6
6
6
6
6
6
6
6
6
6
6
6
6
6
6
6
6
6
6
6
6
6
6
6
6
6
6
6
6
6
6
6
6
6
6
6
6
6
6
6
6
6
6
6
6
6
6
6
6
6
6
6
6
6
6
6
6
6
6
6
6
6
6
6
6
6
6
6
6
6
6
6
6
6
6
6
6
6
6
6
6
6
6
6
6
6
6
6
6
6
6
6
6
6
6
6
6
6
6
6
6
6
6
6
6
6
6
6
6
6
6
6
6
6
6
6
6
6
6
6
6
6
6
6
6
6
6
6
6
6
6
6
6
6
6
6
6
6
6
6
6
6
6
6
6
6
6
6
6
6
6
6
6
6
6
6
6
6
6
6
6
6
6
6
6
6
6
6
6
6
6
6
6
6
6
6
6
6
6
6
6
6
6
6
6
6
6
6
6
6
6
6
6
6
6
6
6
6
6
6
6
6
6
6
6
6
6
6
6
6
6
6
6
6
6
6
6
6
6
6
6
6
6
6
6
6
6
6
6
6
6
