102
7
7
7
7
7
7
7
7
7
7
7
7
7
7
7
7
7
7
7
7
7
7
7
6.71425
3.23522
8.80413
7
7
7
7
7
7
7
7
7
7
7
7
7
7
7
7
7
7
7
7
7
7
7
7
7
7
7
7
7
7
7
7
7
7
7
7
7
7
7
7
7
7
7
7
7
7
7
7
7
7
7
7
7
7
7
7
7
7
7
7
7
7
7
7
7
7
7
7
7
7
7
7
7
7
7
7
7
7
7
7
7
7
7
4.43296
7
7
7
7
7
7
7
7
7
7
7
7
7
7
7
7
7
7
7
7
7
7
7
7
7
7
7
7
7
7
7
7
7
7
7
7
7
7
7
7
7
7
7
7
7
7
7
7
7
7
7
7
7
7
7
7
7
7
7
7
7
7
7
7
7
7
7
7
7
7
7
7
7
7
7
7
7
7
7
7
7
7
7
7
7
7
7
7
7
7
7
7
7
7
7
7
7
7
7
7
7
7
7
7
7
7
7
7
7
7
7
7
7
7
7
7
7
7
7
7
7
7
7
7
7
7
7
7
7
7
7
7
7
7
7
7
7
7
7
7
7
7
7
7
7
7
7
7
7
7
7
7
7
7
7
7
7
7
7
7
7
7
7
7
7
7
7
7
7
7
7
7
7
7
7
7
7
7
7
7
7
7
7
7
7
7
7
7
7
7
7
7
7
7
7
7
7
7
7
7
7
7
7
7
7
7
7
6.6865
6.70044
7
7
7
7
7
7
7
7
7
7
7
7
7
7
7
7
7
7
7
7
7
7
7
7
7
7
7
7
7
7
7
7
7
7
7
7
7
7
7
7
7
7
7
7
7
7
7
7
7
7
7
7
7
7
7
7
7
7
7
7
7
7
7
7
7
7
7
7
7
7
7
7
7
7
7
7
7
7
7
7
7
7
7
7
7
7
7
7
7
7
7
7
7
7
7
7
7
7
7
7
7
7
7
7
7
7
7
7
7
7
7
7
7
7
7
7
7
7
7
7
7
7
7
7
7
7
7
7
7
7
7
7
7
7
7
7
7
7
7
7
7
7
7
7
7
7
7
7
7
7
7
7
7
7
7
7
7
7
7
7
7
7
7
7
7
7
7
7
7
7
7
7
7
7
7
7
7
7
7
7
7
7
7
7
7
7
7
7
7
7
7
7
7
7
7
7
7
7
7
7
7
7
7
7
7
7
7
7
7
7
7
7
3.23522
8.80413
7
7
7
7
7
7
7
7
7
7
7
7
7
7
7
7
7
7
7
7
7
7
7
7
7
7
7
7
7
7
7
7
7
7
7
7
7
7
7
7
7
7
7
7
7
7
7
7
7
7
7
7
7
7
7
7
7
7
7
7
7
7
7
7
7
7
7
7
7
7
7
7
7
7
7
7
7
7
7
7
7
7
7
7
7
7
7
7
7
7
7
7
7
7
7
7
7
7
7
7
7
7
7
7
7
7
7
7
7
7
7
7
7
7
7
7
7
7
7
7
7
7
7
7
7
7
7
7
7
7
7
7
7
7
7
7
7
7
7
7
7
7
7
7
7
7
7
7
7
7
7
7
7
7
7
7
7
7
7
7
7
7
7
7
7
7
7
7
7
7
7
7
7
7
7
7
7
7
7
7
7
7
7
7
7
7
7
7
7
7
7
7
7
7
7
7
7
7
7
7
7
7
7
7
7
7
7
7
7
7
7
7
7
7
7
7
7
7
7
7
13.6172
7
1.29684
2.71403
15.3377
5.32536
4.00469
7.86826
4.36283
12.1671
5.15987
2.13324
4.76847
4.0568
1.6748
3.53126
1
8.4071
2.38824
8.74987
7.58199
6.75933
5.29768
4.40088
5.13852
2.88733
9.70252
5.45396
1.8372
10.075
9.09329
1.83121
2.72457
5.88098
6.57894
7.75386
5.62261
5.88589
6.19767
5.28011
4.8112
2.7608
4.60559
4.99602
8.40626
6.72247
1.99693
7.56464
3.90956
2.33107
0.707515
13.6512
5.87036
4.74147
5.47631
10.4994
4.37504
2.1867
1.6748
3.77557
5.11969
5.10654
2.84316
6.08513
2.7284
3.32193
4.02402
2.05187
7.80397
2.09543
8.74059
6.04439
3
4.3535
6.71195
12.3398
3.70044
5.2426
1
0.584963
2.10918
2.33571
1.34044
11.9828
2.57032
7.16993
9.1472
5.89482
5.74147
5.47631
10.4994
4.37504
2.1867
1.6748
5.06206
1
1.6748
4.97101
10.4994
2.33065
3.65019
6.45528
3
4.3535
6.71195
11.1174
8.19967
2.57032
7.16993
9.1472
3.89482
7.21917
1.8372
11.66
2.31375
0.342234
3.31238
1
6.71469
1.72418
3.43026
4.9751
7.95578
10.6439
5.61471
2.06622
4.00469
0.70024
14.5135
3.40808
5.02772
2.73158
6.58529
3.27643
6.38527
2.22487
4.05704
1.42832
4.84458
1.84536
4.97101
10.4994
2.33065
10.294
5.41504
5.81592
3.68841
5.39346
7.61443
1
5.13439
7.29055
7.97071
5.87774
10.4994
2.33065
3.65019
9.66201
3.3869
3
5.61999
3.38207
5.21503
14.1111
4.56768
4.79701
13.3513
2.57032
7.16993
9.1472
6.89482
7
0.909397
6.5936
1.8372
8.33807
5.79024
5.60334
2.18982
6.25414
2.22813
4.85067
0.687481
8.75953
5.04439
10.4994
4.37504
2.1867
1.6748
4.97101
5.08348
4.05704
1.42832
4.56888
3.55333
6.79151
0.835821
1.89704
15.0867
6.80735
4.76818
5.85038
5.29734
7.57521
2.53861
5.13479
0.397756
4.97101
2.54698
1.05907
3.95198
0.53779
5.67581
7.56377
5.18322
4.41181
5.13852
2.88733
9.70252
2.95146
14.4233
7.95578
10.6439
4.02975
1.74641
5.61999
3.38207
5.21503
14.1111
4.56768
6.11894
5.55487
1.59227
9.8857
7.61471
7
5.12928
5.07895
1.78943
1.47354
3.36931
2.65779
4.42177
4.76886
4.74023
12.3875
5.29768
5.07895
1.74641
5.61999
3.38207
5.21503
14.1111
4.56768
6.11894
10.7622
1.1375
7.43463
1.8372
8.33807
5.79024
5.60334
2.18982
6.25414
2.22813
3.7626
1.74641
5.61999
3.38207
5.21503
14.1111
4.56768
6.11894
1.84536
3.53126
7.03913
4.36761
3.43657
4.59209
5.26503
7.33549
9.02144
1.86539
1
0.584963
5.13852
2.88733
9.70252
7.03892
6.87036
7.05528
8.48059
5.75933
12.7561
5.51307
5.11548
7.84994
1.21641
2.49019
1.62388
1
5.61471
1.7811
11.7164
6.35755
4.79701
4.51558
10.4994
2.33065
3.65019
4.02983
2.84857
4.72042
13.124
5.6865
4.34239
6.3507
8.74059
5.04439
10.4994
4.37504
2.1867
1.6748
7.59154
1.99693
7.56464
3.90956
2.33107
0.707515
13.6512
3.87036
7.40088
6.19767
5.28011
4.8112
2.7608
4.60559
4.99602
3.77094
3.50675
3.53126
7.03913
4.36761
3.43657
7.57521
2.53861
10.3572
10.163
7.05528
7
4.40088
5.53273
2.51091
6.25873
1.93045
11.1039
5.87774
10.4994
2.33065
3.65019
4.02983
2.84857
4.72042
1
4.58496
5.13852
2.88733
9.70252
3.79099
12.9492
7.65172
2.93319
4.63719
5.68041
5.2473
3.82927
5.13852
2.88733
9.70252
3.79099
1.09261
13.2716
3.47478
3.81041
7.21425
10.007
4.02554
5.44846
10.4994
2.33065
3.65019
6.45528
2.99813
3.72547
5.13505
1
7.63662
4.15528
4.93074
2.50788
1.26287
2.43957
7.95739
0.656718
13.6172
7
7
7
7
7
7
7
7
7
7
7
7
7
7
7
7
7
7
7
7
7
7
7
7
7
7
7
7
7
7
7
7
7
7
7
7
7
7
7
7
7
7
7
7
7
7
7
7
7
7
7
7
7
7
7
7
7
7
7
7
7
7
7
7
7
7
7
7
7
7
7
7
7
7
7
7
7
7
7
7
7
7
7
7
7
7
7
7
7
7
7
7
7
7
7
7
7
7
7
7
7
7
7
7
7
7
7
7
7
7
7
7
7
7
7
7
7
7
7
7
7
7
7
7
7
7
7
7
7
7
7
7
7
7
7
7
7
7
7
7
7
7
7
7
7
7
7
7
7
7
7
7
7
7
7
7
7
7
7
7
7
7
7
7
7
7
7
7
7
7
7
7
7
7
7
7
7
7
7
7
7
7
7
7
7
7
7
7
7
7
7
7
7
7
7
7
7
7
7
7
7
7
7
7
7
7
7
7
7
7
7
7
7
7
7
7
7
7
7
7
7
7
7
7
7
7
7
7
7
7
7
7
7
7
7
7
7
7
7
7
7
7
7
7
7
7
7
7
7
7
7
7
7
7
7
7
7
7
7
7
7
7
7
7
7
7
7
7
7
7
7
7
7
7
7
7
7
7
7
7
7
7
7
7
7
7
7
7
7
7
7
7
7
7
7
7
7
7
7
7
7
7
7
7
7
7
7
7
7
7
7
7
7
7
7
7
7
7
7
7
7
7
7
7
7
7
7
7
7
7
7
7
7
7
7
7
7
7
7
7
7
7
7
7
7
7
7
7
7
7
7
7
7
7
7
7
7
7
7
7
7
7
7
7
7
7
7
7
7
7
7
7
7
7
7
7
7
7
7
7
7
7
7
7
7
7
7
7
7
7
7
7
7
7
7
7
7
7
7
7
7
7
7
7
7
7
7
7
7
7
7
7
7
7
7
7
7
7
7
7
7
7
7
7
7
7
7
7
7
7
7
7
7
7
7
7
7
7
7
7
7
7
7
7
7
7
7
7
7
7
7
7
7
7
7
7
7
7
7
7
7
7
7
7
7
7
7
7
7
7
7
7
7
7
7
7
7
7
7
7
7
7
7
7
7
7
7
7
7
7
7
7
7
7
7
7
7
7
7
7
7
7
7
7
7
7
7
7
7
7
7
7
7
7
7
7
7
7
7
7
7
7
7
7
7
7
7
7
7
7
7
7
7
7
7
7
7
7
7
7
7
7
7
7
7
7
7
7
7
7
7
7
7
7
7
7
7
7
7
7
7
7
7
7
7
7
7
7
7
7
7
7
7
7
7
7
7
7
7
7
7
7
7
7
7
7
7
7
7
7
7
7
7
7
7
7
7
7
7
7
7
7
7
7
7
7
7
7
7
7
7
7
7
7
7
7
7
7
7
7
7
7
7
7
7
7
7
7
7
7
7
7
7
7
7
7
7
7
7
7
7
7
7
7
7
7
7
7
7
7
7
13.6172
7
9.64926
4.37504
2.1867
1.6748
5.06206
1
1.6748
3.53126
1
5.70166
1
1.89704
15.0867
4.22239
6.40088
2.53861
10.3572
10.163
7.05528
7
7.40088
2.57032
7.16993
9.1472
5.89482
5.74147
3.93441
6.79151
0.835821
1.89704
15.0867
6.80735
7
13.6512
3.87036
5.81592
10.4994
2.33065
1
0.584963
3.43657
4.85067
1
1.6748
3.53126
1
4.20522
12.9492
0.996641
3.64503
2.65779
1.14446
3.39566
1.83627
3.9705
3.8123
1.80951
1.54418
1.75655
3.15424
4.55059
11.4301
6.91886
4.74147
7.18526
2.09974
0.342234
2.10918
3.45887
3.92145
4.45536
3.47249
6.60891
2.551
1.92265
8.32975
0.0249834
3.78677
6.3507
8.74059
5.04439
5.75274
5.93235
4.43299
8.14417
8.47978
13.6512
3.87036
5.40088
3.66358
3.87889
10.4858
6.83289
1.30684
3.66672
4.83585
0.70024
12.9286
8.19967
2.63272
4.14066
1.19826
4.84458
1.84536
3.53126
7.03913
4.36761
3.43657
7.57521
4.93689
5.36331
10.3875
5.14684
8.03892
0.687481
8.75953
5.04439
10.4994
2.33065
3.65019
3.81041
4.6782
0.922677
3.25165
7.70853
4.58496
6.68117
7.16407
7.29266
2.02237
3.93441
6.79151
0.835821
1.89704
15.0867
6.80735
4.76818
5.85038
5.29734
3.84828
3.68841
4.07359
8.40626
5.04439
2.84117
14.0428
4.56768
4.79701
3.7626
1.74641
0.682628
3.9081
9.43804
5.87774
0.687481
8.75953
5.04439
10.4994
2.33065
5.48669
7.84709
2.00705
2.28114
6.3507
8.74059
6.72247
2.57032
7.16993
12.2761
6.70044
2.29734
8.14417
8.47978
13.6512
3.87036
7.40088
4.87036
4.76818
0.885306
7.82972
2.53861
4.24866
2.31274
1
4.51558
2.54698
1.05907
1
1.69016
2.58496
6.20452
2.98348
7.97071
8.19967
4.87036
4.76818
6.46345
10.1795
5.05267
3.20521
5.66658
9.48099
2.33065
3.38116
7.66041
8.86728
2.97982
13.432
6.20945
2.63276
12.815
4.45943
6.79442
5.13852
2.88733
9.70252
2.95146
14.4233
7.95578
10.6439
4.02975
1.74641
5.61999
3.38207
5.21503
14.1111
4.56768
6.11894
1.84536
3.53126
5.1194
10.6439
6.61471
4.93689
3.38116
2.16874
3.88727
6.33323
3.06371
5.83199
3.19447
8.65233
1.30987
2.28114
6.3507
8.74059
5.04439
10.4994
7.37504
9.51964
4.40251
10.7313
8.47978
13.6512
3.87036
7.40088
4.87036
4.76818
0.885306
3.86483
3.68841
4.07359
8.40626
8.04439
2.36481
1.83119
3.99908
12.9492
5.32536
7.80892
12.2761
5.11548
6.41785
4.43568
6.02707
5.40539
5.68041
9.17804
3.57289
2.28114
6.3507
8.74059
3.79647
2.84857
4.72042
1.86539
2.39448
13.6512
3.87036
4.40088
1.34044
4.20522
8.26273
3.01295
0.942435
15.3042
4.45943
5.20945
5.84084
10.5183
5.83289
7.6611
12.2744
5.35755
5.40088
12.1419
5.80735
6.87036
4.1015
4.28473
3.90956
2.66927
4.86201
2.38579
5.68041
5.2473
7.63662
4.15528
4.93074
2.50788
1.26287
2.43957
2.16874
5.00647
4.0568
1.6748
6.94367
3.55524
3.39957
10.5945
11.7022
14.5135
2.46467
13.6172
7
7
7
7
7
7
7
7
7
7
7
7
7
7
7
7
7
7
7
7
7
7
7
7
7
7
7
7
7
7
7
7
7
7
7
7
7
7
7
7
7
7
7
7
7
7
7
7
7
7
7
7
7
7
7
7
7
7
7
7
7
7
7
7
7
7
7
7
7
7
7
7
7
7
7
7
7
7
7
7
7
7
7
7
7
7
7
7
7
7
7
7
7
7
7
7
7
7
7
7
7
7
7
7
7
7
7
7
7
7
7
7
7
7
7
7
7
7
7
7
7
7
7
7
7
7
7
7
7
7
7
7
7
7
7
7
7
7
7
7
7
7
7
7
7
7
7
7
7
7
7
7
7
7
7
7
7
7
7
7
7
7
7
7
7
7
7
7
7
7
7
7
7
7
7
7
7
7
7
7
7
7
7
7
7
7
7
7
7
7
7
7
7
7
7
7
7
7
7
7
7
7
7
7
7
7
7
7
7
7
7
7
7
7
7
7
7
7
7
7
7
7
7
7
7
7
7
7
7
7
7
7
7
7
7
7
7
7
7
7
7
7
7
7
7
7
7
7
7
7
7
7
7
7
7
7
7
7
7
7
7
7
7
7
7
7
7
7
7
7
7
7
7
7
7
7
7
7
7
7
7
7
7
7
7
7
7
7
7
7
7
7
7
7
7
7
7
7
7
7
7
7
7
7
7
7
7
7
7
7
7
7
7
7
7
7
7
7
7
7
7
7
7
7
7
7
7
7
7
7
7
7
7
7
7
7
7
7
7
7
7
7
7
7
7
7
7
7
7
7
7
7
7
7
7
7
7
7
7
7
7
7
7
7
7
7
7
7
7
7
7
7
7
7
7
7
7
7
7
7
7
7
7
7
7
7
7
7
7
7
7
7
7
7
7
7
7
7
7
7
7
7
7
7
7
7
7
7
7
7
7
7
7
7
7
7
7
7
7
7
7
7
7
7
7
7
7
7
7
7
7
7
7
7
7
7
7
7
7
7
7
7
7
7
7
7
7
7
7
7
7
7
7
7
7
7
7
7
7
7
7
7
7
7
7
7
7
7
7
7
7
7
7
7
7
7
7
7
7
7
7
7
7
7
