169
8
8
8
6.40939
7.40939
8
8
8
8
6.40939
7.40939
8
8
8
8
8
8
8
7.40939
7.40939
8
8
8
8
7.40939
8
8
7.40939
8
8
8
8
8
8
8
8
8
8
8
8
8
8
7.40939
8
8
8
8
8
7.40939
8
8
7.40939
8
8
7.40939
8
8
8
8
8
8
8
8
8
8
8
8
8
8
8
7.41785
8
8
8
8
7.40939
8
8
8
8
8
8
8
8
8
8
8
7.40939
8
8
8
8
8
8
8
8
8
8
8
7.43463
8
8
8
8
8
8
8
8
8
8
8
8
8
8
8
8
8
8
8
8
8
8
8
8
8
8
8
7.48382
8
8
8
8
8
7.45121
8
8
8
8
8
8
8
7.40939
8
8
7.40939
8
8
8
8
8
8
8
8
8
8
8
7.40939
8
8
7.40939
8
8
7.40939
8
8
8
8
8
8
8
8
8
8
8
7.40939
7.40939
8
7.40939
8
8
6.40939
7.40939
8
7.40939
8
8
7.40939
8
8
7.40939
8
8
8
8
8
7.40939
8
8
7.40939
8
8
8
8
8
7.40939
8
8
7.40939
8
8
8
8
8
8
8
8
8
8
8
8
7.41785
8
8
8
8
6.40939
7.40939
8
7.40939
8
8
6.40939
7.40939
8
8
8
8
6.40939
7.40939
8
8
8
8
7.40939
8
7.40939
8
8
8
7.40939
7.40939
8
7.40939
8
8
8
8
8
7.40939
8
8
7.40939
8
8
7.42626
8
8
7.40939
8
8
7.40939
8
8
7.40939
8
8
7.40939
8
8
7.40939
8
8
8
8
8.60363
8
8
8
8
8
8
8
7.40939
7.40939
8
8
8
8
8
8
8
8
8
8
7.40939
8
8
7.40939
8
8
8
8
8
8
8
8
7.40939
8
8
8
8
8
6.40939
6.40939
7.40939
8
8
8
8
8
8
7.40939
8
8
8
8
8
8
7.40939
8
8
8
8
8
7.40939
8
8
6.40939
7.40939
8
8
8
8
8
6.40939
7.40939
8
8
8
8
7.40939
7.40939
8
8
8
8
7.40939
8
8
8
8
8
8
8
8
7.40939
8
8
7.40939
8
8
8
8
8
8
8
8
8
8
8
7.40939
8
8
7.40939
8
8
7.40939
8
8
7.40939
8
8
7.40939
8
8
8
8
8
7.40939
8
8
7.40939
8
8
7.40939
8
8
8
8
7.40939
8
8
8
8
8
8
7.40939
8
8
7.40939
8
8
7.40939
8
8
7.40939
8
8
7.40939
8
8
8
8
7.40939
8
8
8
8
7.40939
8
8
7.40939
8
7.42626
9.24793
8
8
8
8
7.40939
8
8
8
8
7.40939
9.1472
8
8
8
8
7.40939
8
8
8
8
6.40939
7.40939
8
8
8
8
8
8
8
8
7.40939
7.40939
8
7.40939
8
8
7.40939
8
8
8
8
8
8
8
8
7.40939
8
8
7.40939
8
8
7.40939
8
8
7.40939
8
8
7.40939
8
8
7.40939
8
8
7.42626
8
8
7.40939
8
8
7.40939
8
8
7.40939
8
8
7.40939
8
8
7.40939
8
8
8
8
8.60363
8
8
8
8
8
8
8
7.40939
8
8
8
8
8
7.40939
7.40939
8
7.40939
8
8
8
8
8
8
8
8
8
7.40939
7.40939
7.40939
8
8
8
8
8
8
7.40939
8
8
7.40939
8
8
7.40939
8
8
7.40939
8
7.40939
7.40939
8
8
6.40939
7.40939
8
7.40939
8
8
7.40939
8
8
7.40939
8
8
7.40939
8
8
8
8
8
8
7.40939
8
8
8
8
8
7.40939
8
8
8
8
7.40939
8
7.40939
8
8
8
8
8
7.40939
8
8
8
8
6.40939
7.40939
8
8
8
8
8
7.40939
7.40939
8
7.40939
8
8
8
7.40939
8
8
8
8
8
7.44294
8
8
7.40939
8
8
8
8
7.40939
8
8
8
8
8
8
8
8
7.43463
8
8
7.40939
8
8
7.40939
8
8
8
8
8
8
8
8
7.40939
7.40939
8
7.40939
8
8
7.40939
8
8
7.40939
8
8
7.40939
8
8
7.40939
8
8
8
8
8
7.40939
8
8
8
8
8
7.40939
7.40939
8
8
8
8
8
8
8
7.40939
8
8
8
8
8
8
8
8
8
8
8
7.40939
8
8
8
8
8
7.40939
8
8
8
8
8
8
2.70426
10.2715
8
8
8
7.40939
8
8
8
7.40939
8
8
8
8
8
3.11289
10.2715
8
8
8
7.40939
8
8
8
7.40939
8
8
8
8
6.40939
7.40939
8
8
7.40939
8
8
7.40939
8
8
8
8
8
7.40939
8
8
7.40939
8
8
7.40939
8
8
7.40939
8
8
8
8
