169
8
8
8
7.40939
8
7.40939
6.43463
7.40939
7.40939
5.86625
7.41785
7.41785
7.40939
8
8
7.42626
8
7.40939
7.45121
8
7.40939
8
8
7.45121
7.45121
8
7.41785
7.45121
8
7.40939
8
8
6.40939
6.7879
6.40939
7.40939
6.59246
6.40939
7.40939
6.00749
5.83289
7.41785
6.45121
7.40939
8
7.40939
8
8
7.45121
8
7.40939
7.45121
8
8
7.45121
8
8
7.59246
8
8
7.59246
8
8
6.59246
7.40939
6.40939
6.20294
6.41785
6.40939
6.59246
6.40939
5.8413
5.20294
4.85798
7.45121
7.45121
8
7.43463
8
8
8
7.40939
8
8
8
8
7.41785
7.45121
8
8
6.59246
7.40939
8
8
8
8
7.59246
8
8
7.43463
8
8
7.59246
8
8
8
8
8
7.41785
8
7.41785
6.7879
6.43463
6.40939
6.7879
6.40939
1
6.20294
5.83289
6.41785
7.59246
8
7.40939
7.59246
7.40939
8
7.7879
8
8
5.20294
5.12102
5.43463
6.7879
6.40939
1
6.20294
5.83289
6.41785
6.7879
7.40939
8
7.45121
8
7.41785
7.45121
8
6.40939
7.59246
8
8
7.42626
8
7.40939
7.59246
8
7.45121
7.45121
8
7.41785
7.45121
8
8
7.45121
8
8
8
8
8
7.40939
8
8
7.42626
8
7.40939
7.45121
8
7.40939
7.45121
8
8
5.86625
6.41785
7.41785
7.45121
7.40939
8
7.45121
8
8
7.45121
8
7.43463
8
8
7.40939
7.45121
8
8
7.45121
8
8
7.59246
8
6.40939
7.45121
8
8
7.45121
8
8
7.59246
8
8
6.59246
7.40939
6.40939
6.20294
6.41785
6.40939
6.59246
6.40939
5.8413
5.20294
4.85798
7.45121
5.86625
7.41785
7.42626
7.41785
8
8
7.43463
8
6.43463
7.59246
8
8
7.40939
8
7.40939
6.43463
7.40939
7.40939
7.45121
8
7.41785
7.40939
8
8
7.40939
8
8
7.45121
8
8
7.59246
8
8
7.45121
8
6.41785
6.45121
7.40939
8
7.42626
8
7.41785
7.45121
8
8
7.45121
8
8
7.45121
8
8
7.45121
8
7.41785
7.45121
8
8
8
8
7.40939
8
7.40939
8
8
7.42626
8
7.40939
7.45121
8
7.40939
8
8
8
4.92283
6.44294
6.42626
6.42626
7.40939
7.40939
7.45121
8
7.43463
7.45121
8
8
7.59246
8
7.40939
8
8
8
7.40939
8
8
7.40939
8
7.45121
5.86625
6.41785
7.40939
8
8
8
7.41785
8
7.41785
7.45121
8
8
8
6.43463
7.40939
8
7.45121
8
8
6.59246
7.40939
8
7.41785
8
8
7.43463
8
8
8
5.8413
7.41785
8
5.86625
7.41785
7.41785
7.40939
8
8
7.40939
8
8
7.59246
8
8
7.40939
8
8
7.59246
8
7.40939
7.59246
8
8
7.45121
8
8
6.45121
6.40939
6.40939
7.59246
8
8
8
8
8
7.41785
8
8
7.45121
8
8
7.45121
8
8
7.45121
8
8
7.45121
8
7.41785
7.45121
8
8
8
8
8
7.45121
8
7.40939
7.45121
8
8
7.45121
8
8
8
8
7.40939
8
6.40939
7.40939
8
8
8
7.45121
8
8
7.45121
8
7.41785
7.45121
8
8
7.45121
8
7.40939
7.45121
8
8
6.59246
6.40939
7.43463
8
8
8
8
7.42626
8
7.40939
7.45121
8
8
7.61471
8
5.8413
7.41785
8
7.45121
8
8
6.59246
7.40939
8
7.71425
8
5.8413
7.41785
8
6.45121
6.40939
7.41785
6.59246
6.40939
7.43463
7.45121
8
8
7.59246
8
8
7.40939
8
8
7.40939
8
8
7.45121
8
7.40939
7.45121
8
8
7.59246
8
8
7.59246
8
8
7.45121
8
6.41785
7.45121
8
7.43463
7.45121
8
8
7.45121
8
8
7.45121
8
8
6.45121
7.40939
8
7.42626
8
7.41785
7.45121
8
8
7.45121
8
8
7.45121
8
8
7.45121
8
7.41785
7.45121
8
8
8
8
7.40939
8
7.43463
8
8
7.43463
8
7.40939
7.45121
8
8
7.40939
8
8
7.40939
8
8
7.45121
8
8
7.59246
8
8
8
5.8413
7.41785
8
7.45121
8
8
8
8
6.47573
7.59246
8
6.40939
7.45121
8
7.41785
7.45121
8
8
7.45121
8
8
7.45121
8
7.40939
7.41785
8
8
7.43463
8
7.43463
7.45121
8
7.41785
7.45121
8
7.40939
7.45121
8
7.40939
7.45121
8
8
8
8
8
8
7.45121
8
7.41785
6.43463
7.40939
8
7.45121
8
8
6.59246
7.40939
8
8
7.45121
8
7.41785
6.43463
7.40939
8
6.45121
6.40939
7.41785
6.59246
6.40939
7.43463
7.45121
8
8
7.40939
8
8
7.40939
8
8
6.45121
6.40939
7.40939
6.7879
7.40939
6.41785
7.7879
8
8
6.7879
7.40939
8
6.7879
7.40939
6.41785
7.59246
8
6.40939
7.45121
8
8
7.59246
8
8
7.42626
8
8
7.43463
8
8
7.45121
8
7.40939
7.45121
8
8
8
8
8
7.40939
8
8
7.40939
8
8
7.45121
8
7.41785
7.45121
8
7.40939
7.45121
8
7.43463
7.45121
8
8
7.45121
8
8
7.59246
8
8
7.45121
8
8
6.40939
7.40939
8
7.45121
8
7.40939
8
8
8
8
8
8
7.40939
8
7.40939
8
8
7.40939
8
7.75489
7.40939
7.59246
8
8
7.41785
8
8
7.59246
8
8
7.45121
8
8
8
5.8413
7.41785
8
3.54432
7.73471
8
7.46761
8
7.41785
7.40939
8
6.41785
7.45121
8
8
6.59246
7.40939
8
6.46761
7.73471
8
7.46761
8
7.41785
7.40939
8
6.41785
6.45121
6.40939
7.41785
6.59246
6.40939
7.43463
7.45121
8
8
7.45121
8
7.43463
7.45121
8
6.41785
7.59246
8
7.45121
7.45121
8
7.40939
7.45121
8
6.41785
7.45121
8
7.40939
7.45121
8
8
8
8
