175
8
8
4.81519
0.819428
1.56032
1.7155
3.86593
4.4294
9.14338
4.11864
2.95986
3.72378
1.48335
0.83749
1.83452
2.18509
4.23529
1
6.078
5.00405
0.847915
4.83723
4.01743
7.59681
5.24793
3.88613
6.96578
6.44057
4.69249
0.322308
1.94365
4.29534
8.80044
6.19546
6.12928
8.52513
5.32793
3.20797
9.19311
6.59096
4.91754
8.88509
5.078
4.70659
4.30753
11.6842
6.50779
8.26397
6.66297
3.88925
8.41151
5.54749
3.96963
8.26397
4.54749
3.41028
8.85331
5.006
4.45943
10.0962
7.32793
3.70328
7.77855
5.10553
4.66534
8.10132
4.47925
3.45213
8.16088
5.006
3.61471
7.41785
6.68089
5.4337
7.59681
6.24793
4.76708
0.169329
1.94365
2.32755
4.92185
4.58381
1.42979
6.3185
10.3393
5.21432
9.45806
5.16046
4.67537
10.0962
5.91289
4.47669
3.35118
12.1315
7.56224
8.90764
5.91289
3.14627
5.08885
5.40399
4.04819
1
5.006
1
6.0769
1.90689
1.99556
7.65778
12.8908
5.39917
9.13571
6.41785
4.13145
8.80044
7.00282
4.8392
7.08291
5.41785
3.55459
8.04303
4.82543
4.13516
8.52513
5.32793
4.60363
8.85331
7.41785
5.65821
8.33316
5.00282
4
6.65583
6.41785
3.78583
8.57969
5.41785
3.55459
8.45806
5.19546
4.30616
5.37156
5.078
3.74416
6.42626
7.66297
4.29278
8.16088
5.91289
3.11151
4.5343
4.79963
4.29534
1
5.006
4.17371
7.59681
5.24793
3.88613
6.96578
4.078
2.97303
7.58026
5.926
4.07195
0.0909273
1.10791
3.46008
4.32213
1.48335
0.83749
1.83452
2.18509
4.23529
1
6.078
4.514
8.77939
5.926
3.03811
7.2072
4.11864
4.41052
7.11494
7.24793
5.5157
8.99624
5.16046
4.67537
8.17019
6.24793
4.76708
0.169329
1.94365
4.29534
9.28586
6.926
4.62205
8.27705
5.44057
4.42066
7.32305
5.91289
5.91886
9.33985
4.078
2.97303
7.58026
5.926
4.07195
1
7.32793
3.70328
7.77855
5.10553
4.66534
8.10132
4.47925
3.45213
8.16088
5.006
3.61471
7.41785
6.68089
5.4337
7.59681
4.11864
3.10796
4.49417
5.97912
1.71376
5.87559
0.779686
3.47073
9.24079
5.91289
5.91886
6.58701
0.819428
1.56032
1.7155
3.86593
4.4294
9.14338
6.44057
7.49985
6.08592
1.92451
2.9258
4.6358
5.19064
6.56074
1
4.078
2.97303
8.58026
7.32793
5.9386
5.37156
4.85561
4.0321
6.19279
5.078
6.87652
4.79332
4.23638
4.71809
9.45806
6.44057
3.85798
5.37156
5.54749
3.96963
8.26397
4.54749
3.41028
5.46099
5.24793
1
0.584963
5.44057
0.736966
0.153815
1.10791
1.80287
2.62601
5.94447
1.48335
0.83749
1.83452
2.18509
4.23529
1
6.078
4.514
0.130494
1.94365
2.32755
4.08426
0.97452
3.64684
2.89646
4.86974
4.21704
1
6.24793
4.76708
8.24079
6.926
4.55738
8.9056
5.006
6.1964
4.83802
1.33661
3.7915
3.66786
4.52698
4.34239
4.91238
1.92507
3.68299
7.59681
4.11864
5.14749
7.19509
0.782162
2.23412
4.87989
2.36015
3.12112
8.88509
6.44057
7.49985
6.50779
0.694261
2.7141
5.96918
5.37156
5.16046
4.67537
10.0962
5.91289
2.51976
3.69018
5.97912
1.71376
5.87559
0.779686
9.52601
6.71425
3
1.15256
4.01385
10.048
4.11864
2.95986
5.96155
1.92451
2.9258
4.6358
5.19064
6.56074
8.9056
5.91289
3.14627
9.21224
1.04463
4.28847
10.0962
6.91289
4.73697
8.80044
5.006
4.45943
8.17019
5.926
3.03811
7.2072
5.078
3.4842
8.37504
5.91289
3.2559
5.44739
2.25385
3.3535
3.01564
12.3026
5.97728
1
4.078
2.97303
7.58026
5.54749
3.96963
8.26397
4.54749
3.41028
5.46099
5.24793
1
0.584963
5.44057
0.736966
0.153815
1.10791
1
8.9056
8.24793
5.19377
8.93958
4.078
2.97303
7.58026
5.54749
3.96963
0.189297
1.94365
2.00298
6.13669
3.14136
0.963431
2.13544
1.85554
3.47674
6.62262
5.44057
4.42066
6.62262
5.078
3.74416
6.42626
5.16046
4.67537
8.17019
6.66297
3.88925
8.41151
5.926
4.07195
1
5.91289
3.68151
0.0622258
1.94365
7.31965
4.37412
0.59668
0.42992
6.07865
9.8009
6.24793
9.35204
4.27528
6.65821
2.04339
1.15256
4.01385
10.048
5.16046
4.67537
10.0962
5.91289
9.56415
2.73272
5.792
1
1.15256
4.01385
10.048
7.66297
6.06178
10.6248
5.91289
3.68151
9.61777
4.54749
3.41028
8.85331
5.91289
5.91886
6.346
1.92451
2.9258
4.6358
5.19064
6.56074
1
6.44057
4.69249
7.08291
4.38995
4.21131
9.26649
5.006
4.45943
10.0962
7.32793
5.9386
5.37156
4.85561
4.0321
6.19279
6.24793
4.76708
8.24079
4.078
2.97303
7.58026
5.926
4.07195
9.0256
4.54749
3.41028
5.46099
5.078
6.87652
4.79332
4.23638
4.71809
9.45806
6.44057
3.85798
5.37156
5.54749
3.96963
8.26397
4.54749
3.41028
5.46099
5.24793
1
0.584963
5.44057
0.736966
0.153815
1.10791
1.80287
2.62601
2.88197
3.6491
1.06506
4.54942
4.21853
6.67989
8.93958
6.24793
3.27523
6.07748
1.92451
2.9258
4.6358
5.19064
6.56074
1
5.44057
3.88101
8.86031
5.006
7.78136
7.224
3
1.15256
4.01385
10.048
6.078
2.64689
6.21014
2.02546
5.96274
7.06752
5.91289
5.91886
9.33985
5.078
3.74416
6.42626
5.16046
4.75822
6.43277
4.078
2.97303
7.58026
5.926
7.53138
4.04014
5.97912
1.71376
5.87559
0.779686
3.47073
1
5.078
3.74416
6.42626
7.66297
4.29278
7.89785
6.44057
4.69249
7.08291
5.44057
3.88101
0.153815
1.10791
4.75572
11.3794
8.05528
5.16046
3.35344
2.79999
2.7141
5.96918
5.37156
5.16046
4.67537
10.0962
5.91289
9.56415
8.82018
7.96
5.16046
3.35344
2.79999
2.7141
5.96918
5.37156
7.66297
6.06178
10.6248
5.91289
3.68151
9.61777
4.54749
6.65821
7.59619
1.92451
2.9258
4.6358
5.19064
6.56074
1
5.078
3.4842
8.59743
5.00282
3.66297
6.20387
7.41785
4.04595
9.01774
6.68089
5.89885
9.90764
5.00282
3.66297
6.5518
5.91289
5.91886
9.33985
5.44057
3.88101
8.86031
5.006
6.1964
2.25506
8.56154
3.48027
5.14813
2.73418
4.28666
7.74387
6.44057
4.69249
7.08291
5.44057
3.88101
0.153815
1.10791
3.46008
6.66807
1.92451
2.9258
4.6358
5.19064
6.56074
1
5.078
3.74416
6.42626
7.66297
4.29278
7.89785
6.24793
4.76708
8.24079
5.16046
4.67537
8.17019
5.16046
4.67537
10.0962
5.006
4.45943
8.17019
6.24793
6.26956
3.81029
2.58188
4.90323
1
6.078
4.514
0.130494
1.94365
2.80036
5.6658
1.87911
2.44504
3.59065
1.18649
2.26723
7.5154
0.535867
4.68143
3.131
2.86701
5.89308
1
6.10553
7.58496
3.8303
2.58661
5.90855
8.3156
8.91289
6.51833
6.62262
5.54749
7.55459
7.59991
2.77259
1.15256
12.1106
0.220312
1.21998
5.42506
1.81003
13.0159
5.94642
6.81216
10.6915
7.47573
6.19279
5.16046
4.67537
10.0962
5.91289
9.56415
3.43296
2.19202
5.42506
1.81003
13.0159
5.94642
6.81216
10.6915
7.47573
6.19279
7.66297
6.06178
10.6248
5.91289
3.68151
9.61777
4.54749
3.41028
5.46099
6.24793
4.76708
8.24079
5.078
3.74416
6.5518
5.006
4.17371
7.59681
8.24793
5.19377
8.93958
4.85561
4.0321
6.19279
6.44057
4.69249
7.08291
5.44057
3.88101
0.153815
1.10791
1.80287
