161
8
8
8
8
8
7.33985
6.33985
7.33985
8
5.77259
7.34873
8
6.33985
6.33985
7.33985
6.35755
7.33985
8
7.35755
8
8
8
7.33985
7.33985
7.35755
8
8
7.35755
8
8
8
7.33985
8
7.37504
8
8
7.33985
8
8
7.33985
7.33985
8
7.35755
8
7.33985
8
8
8
7.35755
8
8
7.35755
8
8
7.35755
8
8
7.33985
8
8
7.33985
8
8
7.33985
8
8
7.37504
8
8
7.33985
8
8
6.37504
6.33985
7.33985
7.35755
8
8
8
7.33985
8
7.33985
8
8
8
8
8
7.35755
8
8
7.33985
8
8
8
8
8
7.33985
8
8
7.34873
8
8
7.33985
8
8
8
8
8
7.33985
8
8
7.37504
8
8
7.37504
8
8
7.37504
8
8
7.33985
8
8
7.33985
8
8
7.37504
7.3837
8
7.37504
7.35755
8
7.37504
7.33985
6.33985
7.37504
8
8
7.37504
8
8
7.35755
8
6.33985
7.35755
8
8
7.33985
8
8
8
7.33985
8
7.33985
8
7.33985
7.35755
8
8
7.35755
8
8
7.35755
8
7.33985
8
8
8
6.33985
6.33985
7.33985
6.35755
7.33985
8
7.35755
8
8
7.35755
8
8
5.77259
6.34873
6.33985
7.35755
8
8
7.35755
8
8
7.35755
8
8
8
7.33985
8
7.35755
8
8
7.35755
8
7.33985
7.33985
8
8
7.35755
8
8
7.35755
8
7.33985
7.33985
8
8
7.33985
8
8
7.37504
8
8
7.33985
8
8
6.37504
6.33985
7.33985
5.77259
6.34873
7.33985
8
8
8
8
8
8
7.33985
8
8
8
8
7.33985
6.33985
7.33985
8
7.35755
8
8
8
8
8
7.33985
7.33985
8
7.35755
8
8
7.33985
8
8
7.35755
8
8
7.35755
8
8
7.33985
8
8
7.35755
8
8
7.35755
8
8
7.35755
8
8
7.35755
8
8
7.35755
8
8
8
8
7.94251
8
6.33985
6.33985
7.33985
6.35755
7.33985
8
7.35755
8
8
8
7.33985
8
7.33985
8
8
8
8
8
7.35755
8
8
7.35755
8
8
7.33985
8
7.33985
7.33985
8
8
8
8
8
8
8
7.33985
5.77259
7.34873
8
8
8
8
6.33985
7.33985
8
7.35755
8
8
8
7.33985
8
8
7.35755
8
8
7.33985
8
7.33985
8
8
8
8
8
7.39232
8
8
8
8
5.77259
7.34873
8
8
8
8
7.33985
7.33985
8
7.33985
8
8
8
8
8
7.33985
8
8
7.33985
8
8
7.35755
8
8
7.35755
8
8
7.33985
8
8
7.34873
8
7.33985
8
8
8
7.35755
8
8
7.35755
8
8
7.35755
8
8
7.35755
8
8
7.35755
8
8
8
8
8
7.35755
8
8
7.35755
8
8
7.35755
8
8
8
6.33985
7.33985
8
8
8
8
8
6.33985
7.35755
8
6.33985
7.35755
8
6.33985
7.35755
8
8
7.35755
8
8
7.35755
8
7.33985
7.33985
8
8
8
7.33985
8
8
7.33985
8
7.33985
7.35755
8
4.66838
10.3998
8
8
8
8
7.35755
8
8
7.33985
8
8
11.8692
8
8
8
8
7.35755
8
8
7.33985
8
8
7.35755
8
8
7.33985
8
8
8
8
8
7.33985
7.33985
8
7.35755
8
8
7.35755
8
8
7.33985
8
8
7.33985
8
8
7.35755
8
8
7.35755
8
8
7.35755
8
8
7.35755
8
7.33985
7.35755
8
8
7.35755
8
8
7.33985
8
8
7.35755
8
8
7.35755
8
8
7.35755
8
8
7.35755
8
8
7.35755
8
8
8
8
7.94251
8
7.33985
8
8
8
8
8
7.35755
8
8
8
8
8
7.33985
7.33985
8
7.35755
8
8
7.33985
8
8
8
8
8
8
7.35755
8
8
8
8
8
7.33985
8
8
7.35755
8
6.33985
7.35755
8
7.33985
7.35755
8
8
7.35755
8
8
8
8
8
8
8
8
7.35755
8
6.33985
7.35755
8
8
7.35755
8
8
7.35755
8
8
8
8
8
8
7.35755
8
8
7.33985
8
8
7.35755
8
8
7.33985
8
8
8
7.35755
8
8
7.33985
8
8
7.35755
8
8
7.33985
8
8
7.35755
8
8
8
8
8
7.33985
7.33985
8
7.35755
8
8
7.37504
8
7.33985
6.37504
6.34873
6.33985
7.37504
7.33985
8
7.37504
8
7.33985
7.33985
8
8
7.35755
8
8
7.33985
8
8
8
8
8
7.34873
8
8
7.35755
8
8
7.35755
8
8
8
8
8
8
8
8
7.33985
7.33985
8
7.35755
8
6.33985
7.35755
8
8
7.35755
8
8
7.35755
8
8
7.35755
8
8
7.33985
8
8
7.35755
8
8
8
8
8
7.35755
8
8
8
7.33985
8
8
8
8
8
8
8
8
8
8
8
8
8
7.33985
8
8
8
8
8
6.33985
6.33985
6.33985
7.35755
8
7.34873
8
8
8
8
0.874148
11.7478
8
7.35755
8
7.33985
7.34873
8
8
7.35755
8
8
7.33985
8
8
2.97218
11.7478
8
7.35755
8
7.33985
7.34873
8
8
7.35755
8
8
7.33985
8
8
7.35755
8
8
7.35755
8
8
7.35755
8
7.33985
7.33985
8
7.33985
7.35755
8
8
7.35755
8
8
7.35755
8
8
7.35755
8
8
8
8
