171
8
8
8
4.66025
5.14568
1
0.584963
6.46761
7.43463
5.61471
6.44294
7.42626
6.42626
6.42626
7.43463
6.44294
7.42626
8
5.61471
7.44294
7.42626
7.44294
7.42626
6.42626
6.61471
6.42626
6.42626
6.02975
5.84967
7.43463
5.21723
5.12928
7.45943
7.7211
8
8
7.7211
8
8
6.13614
5.84967
7.43463
7.61471
8
7.42626
7.44294
8
7.42626
7.61471
7.43463
8
7.61471
8
7.42626
7.61471
8
8
7.7211
8
5.44294
6.7211
6.42626
6.42626
6.7211
6.42626
1
4.7211
4.6845
7.46761
4.7211
4.48382
5.47573
7.7211
8
6.42626
6.61471
7.42626
7.45121
5.21723
7.45121
8
7.42626
8
8
7.42626
8
7.45943
5.61471
5.44294
5.44294
7.7211
8
7.43463
8
8
8
7.7211
8
8
7.43463
8
6.45943
7.7211
8
7.42626
7.42626
8
8
8
8
7.42626
7.7211
8
7.45943
7.7211
8
7.43463
5.13614
4.87447
6.45943
7.7211
8
8
7.7211
8
8
7.7211
7.49985
7.42626
6.13614
5.85798
5.45121
7.7211
7.45121
8
5.13614
4.87447
5.1375
5.7211
5.44294
6.45943
6.61471
6.42626
6.46761
7.61471
8
7.46761
7.7211
8
8
7.42626
5.12928
5.87447
6.7211
7.42626
6.42626
6.61471
6.42626
6.42626
6.61471
7.42626
7.42626
6.02975
6.43463
7.42626
5.53916
7.44294
8
6.42626
6.42626
7.43463
6.44294
7.42626
8
5.61471
5.85798
1
7.61471
8.40939
8
5.61471
6.44294
7.45943
7.61471
8
6.42626
5.61471
5.44294
7.44294
6.61471
7.42626
7.45121
5.21723
5.12928
5.45943
7.61471
8
8
6.61471
6.42626
7.42626
7.7211
8
8
6.61471
7.42626
7.42626
6.02975
6.43463
6.42626
6.7211
6.42626
6.42626
6.7211
6.42626
1
4.7211
4.6845
7.46761
4.7211
4.48382
5.47573
7.7211
8
6.42626
5.61471
7.44294
8
7.42626
8
8
8
8
6.45121
7.7211
8
8
4.66025
5.14568
5.1375
4.6845
6.46761
7.43463
6.02975
7.43463
7.42626
6.50779
7.42626
8
7.42626
6.42626
5.84967
6.61471
7.42626
6.42626
7.7211
8
6.45943
6.61471
7.42626
6.42626
7.61471
8
8
8
8
7.45943
7.61471
8
6.45943
7.61471
8
7.42626
7.61471
8
8
6.61471
6.42626
6.42626
6.02975
5.84967
5.84967
5.53916
6.44294
7.42626
8
6.42626
6.42626
7.43463
6.44294
7.42626
8
5.61471
5.85798
6.44294
5.21723
7.45121
8
6.44294
6.42626
6.42626
5.48382
7.44294
7.43463
6.61471
7.42626
7.45121
6.61471
6.42626
7.43463
7.7211
8
8
7.43463
8
8
7.43463
8
8
8
8
6.42626
5.61471
7.44294
8
8
8
8
8
8
7.43463
6.02975
7.43463
8
8
7.49185
8
6.45943
5.61471
5.44294
5.44294
7.7211
8
7.42626
7.42626
8
8
8
8
8
8
5.48382
5.85798
5.84967
5.61471
6.44294
7.42626
6.50779
7.42626
8
7.42626
6.42626
7.43463
7.7211
8
8
6.43463
7.42626
5.44294
7.7211
8
5.87447
7.7211
8
7.44294
7.61471
8
8
7.61471
8
7.42626
7.7211
8
8
8
8
8
7.45943
8
6.42626
6.61471
7.42626
7.42626
7.61471
8
7.42626
7.61471
8
8
6.61471
6.42626
6.42626
6.02975
5.84967
5.84967
5.53916
7.44294
5.84967
7.61471
8
8
6.61471
7.42626
7.42626
7.61471
8
7.42626
5.21723
7.45121
7.42626
8
6.42626
7.42626
7.42626
7.43463
7.42626
6.61471
6.42626
1
6.61471
6.42626
6.46761
5.61471
5.44294
7.44294
7.61471
7.43463
8
6.02975
6.43463
6.42626
7.7211
8
6.42626
5.21723
7.45121
8
8
8
8
8
6.61471
7.42626
8
10.3309
8
5.48382
5.85798
5.84967
5.61471
5.44294
5.44294
7.7211
8
8
11.4959
8
5.48382
5.85798
5.84967
7.61471
8
8
7.7211
8
7.42626
7.61471
8
8
7.7211
8
8
6.50779
7.42626
8
7.42626
6.42626
5.84967
6.02975
5.84967
5.84967
6.61471
7.42626
7.42626
7.7211
8
5.44294
7.7211
8
6.45943
6.61471
7.42626
6.42626
6.61471
7.42626
7.45121
6.61471
7.42626
7.42626
6.02975
6.43463
7.42626
7.61471
8
8
7.61471
8
8
8
8
7.45943
7.61471
8
6.45943
7.61471
8
7.42626
7.61471
8
8
6.61471
6.42626
6.42626
6.02975
5.84967
5.84967
5.53916
6.44294
7.42626
8
7.49185
8
6.43463
7.44294
8
8
6.61471
7.42626
8
6.50779
7.42626
8
7.42626
6.42626
5.84967
6.02975
5.84967
1
7.7211
8.40939
8
8
5.48382
5.85798
5.84967
5.61471
7.44294
8
7.44294
8
5.92283
7.7211
8
8
6.61471
6.42626
6.46761
7.61471
8
6.42626
6.61471
7.42626
7.42626
6.02975
7.43463
7.43463
7.42626
8
8
8
8
7.45121
6.61471
6.42626
6.46761
7.61471
8
7.46761
6.02975
5.84967
5.84967
6.02975
5.84967
5.84967
5.53916
7.44294
8
8
5.61471
7.44294
7.43463
7.49185
8
6.45943
5.61471
5.44294
5.44294
7.7211
8
8
8
5.61471
7.44294
7.43463
7.49185
8
6.45943
7.61471
8
8
7.7211
8
7.42626
7.61471
8
8
6.50779
7.42626
8
7.42626
6.42626
5.84967
7.61471
8
6.42626
5.39917
5.12928
7.46761
7.7211
8
7.42626
7.7211
8
8
5.39917
5.12928
4.88264
7.7211
8
8
6.02975
5.84967
1
7.7211
8.40939
8
7.48382
7.42626
8
7.43463
7.42626
8
6.02975
5.84967
5.84967
6.02975
5.84967
5.84967
5.53916
7.44294
8
6.50779
7.42626
8
7.42626
6.42626
5.84967
6.61471
6.42626
6.46761
7.61471
8
7.46761
6.61471
7.42626
7.45121
5.61471
5.44294
7.44294
5.61471
5.44294
5.44294
7.7211
8
7.44294
6.61471
7.65105
8
6.43463
7.42626
8
5.61471
5.85798
6.44294
5.21723
7.45121
8
8
8
8
5.84967
6.43463
7.42626
7.42626
8
6.42626
7.44294
8
8
7.7211
8
7.43463
7.42626
8
8
7.7211
8
7.42626
7.61471
8
8
8
5.48382
7.44294
8
1.33346
11.4142
8
7.48382
8
8
7.42626
8
6.42626
5.61471
5.44294
5.44294
7.7211
8
8
3.21004
11.4142
8
7.48382
8
8
7.42626
8
6.42626
7.61471
8
8
7.7211
8
7.42626
7.61471
8
8
6.61471
7.42626
7.45121
6.61471
6.42626
4.88264
6.7211
7.42626
6.42626
7.61471
8
8
6.61471
7.42626
6.42626
6.02975
5.84967
5.84967
6.02975
5.84967
5.84967
5.53916
6.44294
