157
8
8
8
5.72792
6.31288
1
0.584963
9.2854
8.60733
8.2854
8
8
8
8
8
8
8
8
8
8
8
7.30378
8
8
8
8
8
8
8
8
8
8
8
8
8
8
8
8
8
8
8
8
8
8
8
7.30378
8
8
8
8
8
8
8
8
8
8
8
8
8
8
8
8
8
8
8
8
8
8
8
8
8
8
8
8
8
8
8
8
8
8
8
8
8
8
8
8
8
8
8
8
8
8
8
8
8
8
8
8
8
8
8
8
8
8
8
8
8
8
8
8
8
8
8
8
8
8
8
8
8
8
8
8
8
8
8
8
8
8
8
8
8
8
8
8
8
8
8
8
8
8
8
8
8
8
8
8
8
8
8
8
8
8
8
8
8
8
8
8
8
8
8
8
8
8
8
8
8
8
8
8
8
8
8
8
8
8
8
8
8
8
8
8
8
8
8
8
8
8
8
8
8
8
8
8
8
8
8
8
8
8
8
8
8
8
8
8
8
8
8
8
8
8
8
8
8
8
8
8
8
8
8
8
8
8
8
8
8
8
8
8
8
8
8
8
8
8
8
5.72792
6.31288
6.30378
6.32193
8.2854
8
8
8
8
7.31288
8
8
7.30378
8
8
8
8
8
8
8
8
8
8
8
8
8
8
8
8
8
8
8
8
8
8
8
8
8
8
8
8
8
8
8
8
8
8
8
8
8
8
8
8
8
8
8
8
8
8
8
8
6.30378
7.30378
8
7.30378
8
8
8
8
8
8
8
8
8
8
7.30378
8
8
8
8
8
8
8
8
8
8
8
8
8
8
8
8
8
8
8
8
8
8
6.32193
8
8
8
8
8
8
8
8
8
8
8
8
8
8
8
6.30378
8
8
8
8
8
7.31288
8
8
7.30378
8
8
8
8
8
8
8
8
8
8
8
8
8
8
8
8
8
8
8
8
8
8
8
8
8
8
8
8
8
8
8
8
8
8
8
8
8
8
8
8
8
8
8
8
8
8
8
8
8
8
8
8
8
8
8
8
8
8
8
8
8
8
8
8
8
8
8
8
8
8
8
8
8
8
8
8
8
8
8
8
8
8
8
8
8
8
8
8
8
8
8
7.30378
8
10.1306
8
6.30378
8
8
8
8
8
8
8
5.35755
11.716
8
6.30378
8
8
8
8
8
8
8
8
8
8
8
8
8
8
7.31288
8
8
7.30378
8
8
8
8
8
8
8
8
8
8
8
8
8
8
8
8
8
8
8
8
8
8
8
8
8
8
8
8
8
8
8
8
8
8
8
8
8
8
8
8
8
8
8
8
8
8
8
8
8
8
8
8
8
8
7.32193
8
8
7.31288
8
8
8
6.30378
7.30378
7.31288
8
8
7.30378
8
8
8
8
8
8
8
8
8
6.30378
8
8
8
8
8
8
8
8
8
8
8
8
8
8
8
8
8
8
8
8
8
8
8
8
8
8
8
8
8
8
8
8
8
8
8
8
8
8
8
8
8
8
8
8
8
8
8
8
6.32193
8
8
8
8
8
8
8
8
8
8
8
8
6.32193
8
8
8
8
8
8
8
8
8
8
8
7.31288
8
8
7.30378
8
8
8
8
8
8
8
8
8
8
8
8
8
8
8
8
8
8
8
8
8
8
8
8
8
8
7.30378
8
8
8
8
8
8
8
8
8
8
8
8
8
8
7.31288
8
8
7.30378
8
8
8
8
8
8
8
8
8
8
8
8
8
8
8
8
8
8
8
8
8
8
8
8
8
8
8
8
8
8
8
8
8
8
8
8
8
8
8
8
8
7.30378
8
8
8
8
8
8
8
8
8
8
8
8
8
8
8
6.30378
7.30378
8
0.894985
11.7956
8
7.33092
8
8
8
8
8
8
8
8
8
8
5.35755
2.98562
11.7956
8
7.33092
8
8
8
8
8
8
8
8
8
8
8
8
8
8
8
8
8
8
8
8
8
8
8
8
8
8
8
8
8
8
8
8
8
8
8
8
8
