172
8
8
7.8009
1.59323
3.09433
3.39941
2.97761
4.89372
7.3443
3.04525
3.93231
6.09803
2.74595
4.31536
5.77083
2.68341
7.86419
7.45533
5.91032
6
4.94084
4.96116
7.75489
5.07325
5.91032
5.16189
5.5157
7.13271
6.44294
2.04975
3.27754
5.21085
5.81762
6.91588
6.66534
6.87652
6.43463
5.40599
6.79442
5.2647
4.70044
5.97728
6.13271
7.67948
6.54946
6.64145
5.88264
5.69349
6.71768
5.5157
5.47249
6.39575
5.87447
5.69349
4.54775
4.9542
7.43463
5.84967
5.89077
5.24249
6.43463
5.20163
6.10852
5.62727
5.38543
5.17792
5.59395
4.32992
6.0607
4.43463
7.26397
4.73809
6.59395
5.15381
5.07325
6.71768
6.05166
2.02308
3.27754
2.72358
5.72451
6.33092
6.58496
7.77479
6.53138
7.45121
6.20945
5.54775
4.82927
5.24249
5.62727
6.59991
4.90689
7.46271
6.46761
7.04985
6.43463
6.45121
5.7879
4.35133
7.93074
5.52356
5.84967
7.47573
8.27146
3.81876
6.56224
8.05528
8.42206
7.43463
5.93074
6.59395
8.63632
5.81762
6.91588
5.35755
5.29768
5.74595
4.32992
5.20945
6.1127
6.25172
6.87652
7.43463
6.65105
4.62727
7.91588
6.93074
1
5.00899
4.7318
4.39232
6.91588
5.94953
5.51096
5.74595
4.32992
4.98706
5.91588
8.08852
4.7866
4.81079
3.97728
5.03185
7.71768
6.53138
6.0607
6.43463
7.45121
7.52356
5.31107
5.21085
7.13955
5.43463
5.76155
5.07325
5.91032
5.16189
5.5157
5.25824
5.41278
6.05889
4.81079
3.9542
1.16993
2.93605
2.94369
6.53294
2.74595
4.31536
5.77083
2.68341
7.86419
7.45533
5.91032
6.58496
7.49985
5.71768
3.37239
4.46489
3.04525
5.51728
6.14975
7.71768
6.43463
6.04439
5.54775
4.82927
4.87992
6.71768
6.05166
2.02308
3.27754
5.21085
6.13955
7.13271
6.46761
6.96
5.71768
6.64386
8.48784
6.43463
7.45121
6.64386
5.25824
5.41278
6.05889
4.81079
3.9542
6.05745
6.43463
5.20163
6.10852
5.62727
5.38543
5.17792
5.59395
4.32992
6.0607
4.43463
7.26397
4.73809
6.59395
5.15381
5.07325
3.04525
4.25424
6.08746
5.43224
5.65105
6.93664
2.70044
7.74819
5.39232
6.43463
7.45121
7.73471
1.59323
3.09433
3.39941
2.97761
4.89372
7.3443
7.13271
7.44294
8.33092
3.27586
5.37851
6.83289
8.43463
6.37504
5.47573
5.25824
5.41278
5.64386
6.43463
5.46761
4.7866
5.25824
4.72403
5.16323
6.13271
5.67948
6.23522
5.67243
6.52356
6.20945
5.91032
5.15265
4.7866
6.39575
5.87447
5.69349
4.54775
4.9542
4.9752
5.91032
5.16189
5.5157
7.71768
6.45943
2.38247
2.93605
3.09569
4.62599
6.8009
2.74595
4.31536
5.77083
2.68341
7.86419
7.45533
5.91032
6.58496
4.91488
3.27754
2.72358
1
2.18575
4.53797
3.41684
4.89745
7.82018
7.3443
6.71768
6.05166
5.97728
5.71768
4.74723
5.73877
5.84967
7.47573
5.28129
2.2585
4.87447
5.90689
4.14451
6.1224
6.43185
5.25481
6.50779
5.07325
3.04525
5.8392
8.06609
3.8618
9.29783
5.18322
2.82243
7.91289
5.97728
7.13271
7.44294
8
7.44294
4.69382
6.60288
4.7866
5.54775
4.82927
5.24249
5.62727
6.59991
4.10912
5.43224
5.65105
6.93664
2.70044
7.74819
8
8
2.87412
5.03642
4.97728
3.04525
3.93231
7.09803
3.27586
5.37851
6.83289
8.43463
6.37504
5.73877
6.43463
6.45121
7.7879
3.62449
7.64386
5.24249
7.43463
6.43463
7.13955
5.84967
5.89077
4.87992
5.71768
3.37239
4.46489
6.13271
4.50956
6.34577
6.43463
5.86625
7.59991
4.1565
6.02237
5.01123
8.5812
7.58496
6.04439
5.25824
5.41278
6.05889
6.39575
5.87447
5.69349
4.54775
4.9542
4.9752
5.91032
5.16189
5.5157
7.71768
6.45943
2.38247
2.93605
4.48426
5.47573
7.71768
7.24031
6.36923
5.25824
5.41278
6.05889
6.39575
5.87447
2.88613
3.27754
2.15401
8.29692
3.42626
5.1224
4.7879
4.59877
4.65821
5.31792
5.71768
6.64386
5.31792
4.81079
3.97728
5.03185
5.54775
1
4.87992
6.71768
5.5157
5.47249
4.81079
3.9542
6.05745
5.62727
5.27798
1.13493
3.27754
10.0182
7.43463
4.67646
2.90689
8.57089
7.22882
6.71768
7.63662
8
11.3993
8
2.87412
5.03642
4.97728
5.54775
4.82927
5.24249
5.62727
7.59991
6.45943
12.3961
8
2.87412
5.03642
4.97728
7.71768
7.39232
5.89239
5.62727
5.27798
5.22239
4.54775
4.9542
7.43463
6.43463
7.45121
7.73471
3.27586
5.37851
6.83289
8.43463
6.37504
5.47573
7.13271
6.44294
6.88264
5.54775
5.71425
7.12928
5.84967
5.89077
5.24249
6.43463
5.46761
4.7866
5.25824
4.72403
5.16323
6.71768
6.05166
5.97728
5.25824
5.41278
6.05889
4.81079
3.9542
5.20945
4.54775
4.9542
4.9752
6.13271
5.67948
6.23522
5.67243
6.52356
6.20945
5.91032
5.15265
4.7866
6.39575
5.87447
5.69349
4.54775
4.9542
4.9752
5.91032
5.16189
5.5157
7.71768
6.45943
2.38247
2.93605
3.09569
4.62599
6.21594
5.33125
3.6199
2.29248
3.35091
7.90689
6.36923
6.71768
6.63662
7.92481
3.27586
5.37851
6.83289
8.43463
6.37504
5.47573
7.71768
6.45943
7.77479
5.84967
7.47573
7.49185
8
2.87412
5.03642
4.97728
5.91032
7.58496
7.14466
2.99537
7.71425
4.49185
6.43463
7.45121
6.64386
4.81079
3.97728
5.03185
6.39575
5.56986
6.26053
5.25824
5.41278
6.05889
4.81079
7.53916
5.98489
5.43224
5.65105
6.93664
2.70044
7.74819
5.97728
4.81079
3.97728
5.03185
7.71768
6.53138
6.0607
7.13271
6.44294
6.88264
7.71768
6.45943
2.38247
2.93605
10.2656
8
7.63662
5.54775
6.63662
4.29662
4.69382
6.60288
4.7866
5.54775
4.82927
5.24249
5.62727
7.59991
7.45943
7.69349
5.54775
6.63662
4.29662
4.69382
6.60288
4.7866
7.71768
7.39232
5.89239
5.62727
5.27798
5.22239
4.54775
8.27612
8.15482
3.27586
5.37851
6.83289
8.43463
6.37504
5.47573
6.13271
4.50956
6.34577
5.45645
4.33787
5.25424
6.59395
5.29155
6.26053
7.91588
7.62936
7.04985
5.45645
4.33787
4.25424
6.43463
7.45121
6.64386
7.71768
6.45943
7.77479
5.84967
7.47573
3.6839
7.42101
5.90689
5.57365
3.20358
5.848
1
7.13271
6.44294
6.88264
7.71768
6.45943
2.38247
2.93605
2.94369
8.85487
3.27586
5.37851
6.83289
8.43463
6.37504
5.47573
4.81079
3.97728
5.03185
7.71768
6.53138
6.0607
6.71768
6.05166
5.97728
5.54775
4.82927
4.87992
5.54775
4.82927
5.24249
5.84967
5.89077
4.87992
5.91032
7.36632
5.00643
1.60935
8.43879
6.96
5.91032
6.58496
4.91488
3.27754
3.80875
8.16491
4.54432
5.49185
5.09803
1.13424
6.04154
8.43671
3.83458
7.53916
6.29768
4.03516
7.94251
5.47249
6.84967
7.44294
3.80735
4.62489
6.84549
6.72792
7.43463
7.8009
5.31792
6.39575
7.45943
8
8
2.87412
8.49586
8
0.913766
12.31
8
8.56351
5.46761
8.57743
6.1964
7.44294
5.16323
5.54775
4.82927
5.24249
5.62727
7.59991
7.43463
2.62922
12.31
8
8.56351
5.46761
8.57743
6.1964
7.44294
5.16323
7.71768
7.39232
5.89239
5.62727
5.27798
5.22239
4.54775
4.9542
4.9752
6.71768
6.05166
5.97728
4.81079
3.97728
4.25424
5.43463
5.76155
5.07325
7.71768
7.24031
6.36923
5.25824
4.72403
5.16323
7.13271
6.44294
6.88264
7.71768
6.45943
2.38247
2.93605
3.09569
